ID,PredictedProb
0,0.31071510911
1,0.79364824295
2,0.777572154999
7,0.418608784676
10,0.735289156437
11,0.766721904278
13,0.821238577366
14,0.224035978317
15,0.969728827477
16,0.870206713676
17,0.752443909645
18,0.861456573009
19,0.921719908714
20,0.920946598053
25,0.945158660412
26,0.931817293167
29,0.838786423206
38,0.976850271225
41,0.926012694836
44,0.904905319214
45,0.342535436153
47,0.803113102913
48,0.747046649456
49,0.803409874439
50,0.853502213955
53,0.36551591754
56,0.692690074444
59,0.942799210548
60,0.848568499088
64,0.67519146204
65,0.965667307377
66,0.897387206554
68,0.943299949169
69,0.61994433403
70,0.963983118534
71,0.773435175419
72,0.771431684494
76,0.827015638351
80,0.842993497849
82,0.677671074867
83,0.973762452602
85,0.884688019753
86,0.892926216125
87,0.742417097092
89,0.828818678856
97,0.90080589056
99,0.460145235062
101,0.802653729916
102,0.127179086208
103,0.426356643438
104,0.668426930904
106,0.968138992786
107,0.670531749725
109,0.958877563477
111,0.377438366413
113,0.681488037109
114,0.583783388138
118,0.836098015308
119,0.759806573391
120,0.892519712448
123,0.713981866837
128,0.257997334003
129,0.894473612309
131,0.953366816044
133,0.651850819588
134,0.853067815304
136,0.978772640228
137,0.680387854576
139,0.785652399063
140,0.879397332668
142,0.802858948708
144,0.790986001492
146,0.927262485027
147,0.710620820522
148,0.928750395775
150,0.181167513132
151,0.19981212914
152,0.980169594288
155,0.971285223961
158,0.94507420063
159,0.585330188274
160,0.981707572937
161,0.646302580833
165,0.948221027851
166,0.825788080692
170,0.944562017918
171,0.814854979515
174,0.734400510788
175,0.779623806477
179,0.740221083164
180,0.929236769676
181,0.946267366409
184,0.787125706673
185,0.800899386406
187,0.763347268105
188,0.740550756454
190,0.81904643774
191,0.65599411726
192,0.560429811478
193,0.955592751503
196,0.840354859829
197,0.511598646641
198,0.598740279675
205,0.0651351511478
211,0.828004658222
213,0.623537182808
214,0.858253180981
217,0.688647031784
218,0.87075906992
221,0.769157171249
222,0.711007773876
225,0.829743921757
229,0.807217717171
236,0.56738615036
237,0.940742373466
238,0.831347346306
239,0.967752993107
242,0.813743650913
245,0.933250010014
246,0.883839547634
247,0.87046122551
248,0.987187147141
254,0.910280108452
255,0.508049309254
257,0.965487360954
259,0.768985033035
264,0.921535611153
270,0.773954212666
272,0.853395342827
274,0.34051284194
275,0.532827615738
278,0.837363362312
280,0.227225884795
281,0.162613645196
282,0.423582196236
283,0.823009073734
284,0.96941947937
286,0.910073041916
287,0.849920809269
288,0.893692135811
289,0.911087036133
290,0.359455406666
291,0.847121655941
294,0.687087535858
295,0.343134999275
297,0.5485201478
299,0.641014575958
305,0.885999321938
307,0.454918801785
308,0.796938955784
313,0.909580528736
314,0.795440256596
315,0.800359368324
316,0.939302921295
317,0.850673079491
319,0.589778780937
322,0.841360926628
323,0.886544108391
324,0.945729911327
326,0.927821457386
327,0.816522359848
329,0.986707210541
330,0.0666981041431
331,0.524864733219
336,0.598606228828
337,0.32555565238
338,0.944951653481
340,0.958227694035
345,0.359433352947
347,0.880999326706
348,0.830308794975
350,0.985085844994
352,0.902164816856
356,0.969641625881
357,0.949197411537
358,0.915762901306
359,0.72864562273
361,0.781541883945
363,0.367699682713
364,0.774643599987
368,0.876862049103
376,0.969692587852
378,0.804482221603
382,0.821273207664
384,0.683220565319
385,0.94625967741
388,0.126786962152
389,0.95289593935
391,0.645749807358
392,0.736352205276
395,0.939779818058
396,0.903749465942
397,0.798394799232
399,0.726288557053
404,0.963533997536
407,0.453542917967
409,0.837020635605
410,0.910604894161
413,0.664591193199
414,0.694448232651
416,0.641648769379
418,0.71582621336
419,0.897542417049
420,0.927224576473
422,0.960262000561
423,0.850771486759
427,0.765549004078
429,0.982386231422
430,0.551675975323
431,0.696197271347
432,0.888159811497
433,0.955462276936
434,0.0845893472433
436,0.741993010044
437,0.895279884338
451,0.746665418148
452,0.875639617443
454,0.885907173157
457,0.896260142326
458,0.955139458179
460,0.389463365078
461,0.964043617249
462,0.782484650612
463,0.866245210171
465,0.938648819923
467,0.945090830326
473,0.772408425808
474,0.96180075407
480,0.182018816471
481,0.915131807327
483,0.885368049145
484,0.565345644951
485,0.69977003336
487,0.949633479118
490,0.948720037937
491,0.8737616539
492,0.484111398458
496,0.879773080349
497,0.750396966934
498,0.83356910944
499,0.919771254063
501,0.741230726242
502,0.936070621014
503,0.720551609993
506,0.892043530941
507,0.850164234638
508,0.516515493393
509,0.765855193138
510,0.836524248123
511,0.867299079895
513,0.780042767525
515,0.899141907692
521,0.386710733175
522,0.894109904766
523,0.906064331532
525,0.904330015182
529,0.881363511086
530,0.607540369034
531,0.793528676033
533,0.763045489788
534,0.592886030674
535,0.979940593243
537,0.653024494648
541,0.412175744772
542,0.65146791935
543,0.663935542107
544,0.798739731312
545,0.616096258163
549,0.960964083672
550,0.880786061287
551,0.729116916656
553,0.509625017643
556,0.851283729076
558,0.497386008501
560,0.793733417988
563,0.50867831707
564,0.941468775272
567,0.4330932796
572,0.714321732521
573,0.943294227123
577,0.967225313187
583,0.874377608299
584,0.879515230656
585,0.857598304749
586,0.775175273418
588,0.837176382542
590,0.755631446838
591,0.692541956902
593,0.957499027252
594,0.866480648518
597,0.918604791164
598,0.690829753876
599,0.926096379757
603,0.889667510986
604,0.762691915035
606,0.956853449345
607,0.76899689436
609,0.739636659622
614,0.777109920979
615,0.814862787724
616,0.773258626461
617,0.960242331028
618,0.904541373253
619,0.829768300056
620,0.816057085991
623,0.793099224567
625,0.929269611835
626,0.720563292503
627,0.89019715786
632,0.941716909409
633,0.656432151794
634,0.831445276737
635,0.798792123795
636,0.966348648071
637,0.919604241848
638,0.934716880322
639,0.966092228889
642,0.530319809914
643,0.898828566074
644,0.978988945484
645,0.571402668953
646,0.84172296524
650,0.968045949936
653,0.70644390583
654,0.549988687038
655,0.329966634512
656,0.891781926155
657,0.700629234314
658,0.855361759663
660,0.437739372253
661,0.881172299385
668,0.896561980247
669,0.723761916161
671,0.792177319527
672,0.897631108761
676,0.967111945152
678,0.892375648022
680,0.933249592781
682,0.759532630444
684,0.960984408855
685,0.911415994167
686,0.676136672497
687,0.598884642124
694,0.328658789396
696,0.52207505703
697,0.807168841362
699,0.670033931732
702,0.980119526386
707,0.878429472446
708,0.960132300854
712,0.976057350636
717,0.919451653957
718,0.919551610947
720,0.636730492115
721,0.879433453083
723,0.95762783289
724,0.847429573536
727,0.672251105309
728,0.306403845549
731,0.942478895187
733,0.871840536594
735,0.960876107216
737,0.836680650711
738,0.897857010365
740,0.688880860806
742,0.989293456078
743,0.628428399563
745,0.765095174313
746,0.901170611382
747,0.542762458324
748,0.996030628681
749,0.914082586765
750,0.977640151978
753,0.800056099892
755,0.921163618565
756,0.904624164104
758,0.575248301029
760,0.809905052185
762,0.898571431637
763,0.809837520123
765,0.92739623785
767,0.857177138329
768,0.97570091486
770,0.408479630947
772,0.814808130264
773,0.938780665398
774,0.900733947754
775,0.644638836384
777,0.507399260998
778,0.878457009792
780,0.540631830692
782,0.871526002884
783,0.979931235313
786,0.493778198957
787,0.921269655228
788,0.818372666836
789,0.689916014671
790,0.683835983276
793,0.622739195824
795,0.849550843239
807,0.702437222004
809,0.637716174126
810,0.328384339809
811,0.917107582092
813,0.366186618805
815,0.799183368683
816,0.652008652687
821,0.879090428352
823,0.989031374454
825,0.793712079525
826,0.923363745213
827,0.917810797691
832,0.903424084187
833,0.751620709896
834,0.75367552042
837,0.862515032291
838,0.978961467743
839,0.072256796062
843,0.442716211081
844,0.904591202736
845,0.73743635416
846,0.626888394356
848,0.671684026718
850,0.698239147663
851,0.918078362942
852,0.718244850636
855,0.89514541626
856,0.971861839294
861,0.800115227699
862,0.872324645519
863,0.942713618279
864,0.660018146038
865,0.864539325237
867,0.673187255859
868,0.950331568718
869,0.950438380241
873,0.749106287956
875,0.821466326714
877,0.906899213791
879,0.835764229298
880,0.980211853981
881,0.685626685619
882,0.628426551819
883,0.871122837067
887,0.796676933765
888,0.51344782114
890,0.981067061424
897,0.85963845253
900,0.862265706062
902,0.845441401005
904,0.81713539362
906,0.628566265106
910,0.939901232719
913,0.843856096268
914,0.709829866886
915,0.399169445038
918,0.931954264641
920,0.956113815308
923,0.873606383801
926,0.832140922546
927,0.541191518307
929,0.392804086208
930,0.710522294044
931,0.967729210854
932,0.961767673492
933,0.891514539719
934,0.875499486923
936,0.576375424862
939,0.655999481678
941,0.932715475559
943,0.679376065731
947,0.491082936525
948,0.686484336853
949,0.965469002724
950,0.614557743073
951,0.684938907623
952,0.54533302784
953,0.991779148579
956,0.741177618504
961,0.79472053051
962,0.597636163235
968,0.84702372551
971,0.985910892487
972,0.968838334084
977,0.982840180397
981,0.883829593658
985,0.896565139294
987,0.817611575127
989,0.985695421696
993,0.939691364765
994,0.522583961487
997,0.986424148083
998,0.355999290943
999,0.932878017426
1002,0.889280319214
1003,0.912697672844
1004,0.971239507198
1005,0.329844176769
1007,0.732875943184
1008,0.976767361164
1014,0.966375291348
1016,0.937704503536
1021,0.769593954086
1023,0.846355557442
1026,0.899367749691
1028,0.778907001019
1029,0.838962256908
1030,0.657863557339
1031,0.841150581837
1032,0.909378170967
1033,0.9699229002
1036,0.420576989651
1037,0.979545474052
1039,0.853992581367
1046,0.965760111809
1047,0.945847153664
1049,0.954778313637
1055,0.825089156628
1057,0.710124731064
1059,0.609298586845
1060,0.275965034962
1062,0.109956584871
1063,0.900870621204
1066,0.776765823364
1067,0.975228130817
1068,0.353338629007
1070,0.795691072941
1071,0.688527643681
1073,0.679677963257
1074,0.718250930309
1075,0.941770851612
1076,0.556904375553
1077,0.949332952499
1079,0.565392673016
1083,0.613441228867
1085,0.959964334965
1087,0.792604506016
1088,0.569321513176
1089,0.583262383938
1092,0.583545267582
1095,0.826902449131
1104,0.972398340702
1106,0.991765797138
1108,0.484030336142
1110,0.574966967106
1117,0.862416863441
1118,0.618420600891
1119,0.862507939339
1121,0.885351657867
1122,0.816612839699
1124,0.821860909462
1125,0.574601352215
1126,0.628311693668
1128,0.899107694626
1129,0.666520476341
1131,0.535437524319
1132,0.820685505867
1133,0.927094340324
1134,0.465080350637
1137,0.85885989666
1138,0.583593964577
1139,0.830223679543
1140,0.775614738464
1141,0.836157917976
1143,0.681739866734
1144,0.889392256737
1145,0.779704451561
1146,0.922875225544
1147,0.856048166752
1149,0.871902942657
1151,0.734752297401
1154,0.853769421577
1156,0.622049748898
1158,0.81212323904
1165,0.892965137959
1166,0.350339353085
1167,0.664646029472
1168,0.905843555927
1169,0.619606971741
1171,0.560294508934
1173,0.564488828182
1175,0.479897916317
1181,0.6194190979
1182,0.413165569305
1184,0.824716091156
1187,0.762783288956
1189,0.941081225872
1190,0.663012623787
1193,0.673152387142
1194,0.960955679417
1196,0.854635477066
1202,0.717628657818
1203,0.699911296368
1206,0.875578820705
1209,0.972760975361
1211,0.82663244009
1212,0.429501354694
1215,0.743323683739
1216,0.756176292896
1220,0.857767641544
1222,0.916003584862
1223,0.96637648344
1224,0.609567403793
1227,0.951643049717
1229,0.540738582611
1230,0.685167133808
1233,0.930126190186
1236,0.574423015118
1242,0.914483189583
1245,0.774488687515
1246,0.97467982769
1249,0.903312027454
1250,0.815561890602
1253,0.967605113983
1258,0.723194599152
1259,0.679255723953
1262,0.98455286026
1263,0.803635537624
1265,0.970993280411
1266,0.901846766472
1267,0.944793820381
1268,0.897568047047
1269,0.573426008224
1270,0.758875608444
1271,0.849329829216
1272,0.967448294163
1276,0.979753673077
1277,0.813605606556
1279,0.765512228012
1280,0.750189125538
1283,0.874836623669
1285,0.775575101376
1286,0.880917370319
1290,0.796077668667
1293,0.714483857155
1295,0.454498201609
1297,0.866191029549
1299,0.955384016037
1300,0.966783225536
1301,0.725802361965
1302,0.978242695332
1303,0.879644989967
1304,0.896181583405
1305,0.684900343418
1306,0.741278469563
1307,0.69668161869
1308,0.988584041595
1309,0.696969270706
1312,0.625687539577
1313,0.943138301373
1314,0.627117216587
1316,0.892696380615
1318,0.608087599277
1319,0.805191397667
1320,0.796938657761
1322,0.982276976109
1323,0.249812498689
1325,0.670652210712
1329,0.431380242109
1330,0.796311914921
1334,0.644684553146
1337,0.948723971844
1340,0.441604554653
1341,0.74797809124
1342,0.700866401196
1347,0.800096273422
1349,0.706733703613
1350,0.779853761196
1355,0.750584304333
1356,0.595688760281
1357,0.468074262142
1358,0.923044264317
1359,0.82952696085
1361,0.497174233198
1363,0.670496463776
1366,0.786996483803
1367,0.979517877102
1370,0.963761508465
1375,0.975072562695
1377,0.959253430367
1379,0.879503428936
1381,0.855435490608
1382,0.899120211601
1385,0.561861336231
1387,0.597753882408
1389,0.864869654179
1392,0.902147054672
1393,0.728048622608
1395,0.862643361092
1396,0.954488039017
1399,0.112877503037
1400,0.0903587564826
1401,0.858810245991
1402,0.982404530048
1405,0.536411046982
1407,0.734973669052
1409,0.973919570446
1413,0.385160297155
1414,0.185086339712
1415,0.652322173119
1417,0.570050477982
1421,0.569566309452
1422,0.936790466309
1423,0.555087208748
1425,0.797222971916
1426,0.107060998678
1428,0.951990485191
1429,0.987692534924
1430,0.658196806908
1431,0.707976937294
1433,0.925513863564
1435,0.970474600792
1436,0.865408599377
1438,0.827734231949
1439,0.945808172226
1442,0.982503831387
1448,0.677711308002
1449,0.64362257719
1451,0.590141773224
1453,0.882340431213
1455,0.946043372154
1456,0.461609810591
1458,0.914079666138
1459,0.951472818851
1463,0.95541459322
1466,0.839810907841
1468,0.916882157326
1471,0.5565122962
1472,0.932018339634
1473,0.652858138084
1474,0.978998541832
1476,0.55368155241
1477,0.834846198559
1478,0.817184865475
1479,0.692657411098
1481,0.459073513746
1482,0.966060638428
1487,0.767253041267
1490,0.90223300457
1493,0.255840480328
1494,0.851730883121
1495,0.977216482162
1496,0.973957121372
1497,0.802967190742
1498,0.813759982586
1499,0.9446439147
1500,0.749257028103
1505,0.905613780022
1507,0.870747923851
1508,0.716666817665
1510,0.902614533901
1511,0.751667976379
1513,0.493476450443
1514,0.806460857391
1518,0.946346342564
1519,0.523945450783
1520,0.864935517311
1522,0.919627845287
1523,0.733902573586
1524,0.66567671299
1527,0.919318675995
1528,0.767009615898
1529,0.660001575947
1530,0.764678657055
1532,0.901610851288
1534,0.324167191982
1536,0.976149857044
1537,0.750733792782
1540,0.745547056198
1543,0.624002695084
1546,0.940610289574
1549,0.656897246838
1553,0.774197638035
1558,0.787288427353
1560,0.918684065342
1561,0.808132946491
1562,0.738328814507
1565,0.522475898266
1573,0.516390264034
1576,0.737165510654
1577,0.982398808002
1579,0.4867156744
1580,0.95627695322
1581,0.751388370991
1582,0.29392722249
1584,0.830172359943
1586,0.927234590054
1588,0.832385003567
1589,0.681186497211
1595,0.690055549145
1598,0.360610127449
1599,0.987440466881
1600,0.637138485909
1605,0.47206184268
1609,0.726430416107
1610,0.66549962759
1615,0.898675262928
1617,0.925626814365
1619,0.816284954548
1621,0.899802923203
1622,0.750662088394
1628,0.787936151028
1629,0.948667526245
1630,0.859625577927
1631,0.627510905266
1633,0.830176472664
1636,0.770628809929
1637,0.684630692005
1638,0.934035241604
1643,0.83303809166
1644,0.727235138416
1645,0.927864551544
1646,0.54979288578
1647,0.750148236752
1648,0.820379316807
1650,0.592350840569
1651,0.904738903046
1652,0.923083484173
1654,0.897498428822
1655,0.98612010479
1657,0.983595967293
1658,0.983790934086
1663,0.551596701145
1665,0.960963308811
1666,0.705138266087
1669,0.943310260773
1675,0.789563179016
1678,0.904280602932
1679,0.537884831429
1680,0.406175434589
1681,0.774878740311
1684,0.958357751369
1687,0.383105844259
1688,0.833477199078
1692,0.910839021206
1694,0.864568293095
1695,0.640108108521
1696,0.819797158241
1697,0.379157215357
1698,0.657924056053
1699,0.974627017975
1700,0.381166338921
1701,0.854406118393
1704,0.49704426527
1705,0.53134727478
1706,0.673359513283
1708,0.966069221497
1709,0.794075369835
1712,0.549663484097
1713,0.512087404728
1715,0.654747366905
1718,0.94468742609
1720,0.876439630985
1721,0.91775226593
1724,0.865088820457
1725,0.58605659008
1726,0.630506813526
1728,0.722505092621
1729,0.875538170338
1738,0.546292364597
1739,0.744413495064
1741,0.891332864761
1743,0.893122851849
1745,0.271018356085
1750,0.839712500572
1751,0.804206728935
1753,0.950830817223
1755,0.559533953667
1757,0.356346279383
1758,0.498741418123
1759,0.790029525757
1762,0.759112536907
1763,0.667632758617
1767,0.994163453579
1769,0.632609963417
1770,0.960932135582
1778,0.898726403713
1781,0.966463029385
1784,0.881691455841
1786,0.77882283926
1787,0.87639439106
1788,0.826409041882
1789,0.901066839695
1790,0.594100296497
1794,0.111229941249
1795,0.806575775146
1797,0.973547577858
1801,0.895848572254
1802,0.899170398712
1809,0.967267394066
1810,0.948126733303
1811,0.846524119377
1816,0.897264480591
1817,0.805269002914
1818,0.58380240202
1820,0.599173545837
1821,0.543807327747
1822,0.442085564137
1823,0.942254364491
1829,0.852286636829
1833,0.937614262104
1834,0.840301990509
1836,0.693439006805
1837,0.952730834484
1839,0.901651322842
1842,0.751409232616
1845,0.961239039898
1849,0.854753255844
1851,0.974420547485
1852,0.622937858105
1853,0.636754631996
1855,0.856611609459
1856,0.625498056412
1857,0.929056465626
1859,0.924335479736
1860,0.532441675663
1861,0.951717317104
1862,0.872870087624
1864,0.951486349106
1865,0.805760085583
1869,0.831472992897
1871,0.39477750659
1872,0.98592466116
1873,0.792452275753
1874,0.732850015163
1875,0.335082173347
1878,0.841563045979
1879,0.941462755203
1880,0.514289259911
1882,0.96951675415
1887,0.978036344051
1893,0.715398073196
1896,0.916639983654
1900,0.722947180271
1902,0.854091584682
1904,0.955656647682
1906,0.699272334576
1907,0.964715778828
1909,0.812189996243
1911,0.811715722084
1913,0.624804913998
1915,0.822101593018
1917,0.111900694668
1918,0.666171848774
1919,0.547929823399
1921,0.781077027321
1922,0.985042691231
1923,0.975059986115
1926,0.711738228798
1927,0.635465681553
1928,0.958601415157
1929,0.879736363888
1931,0.748214185238
1932,0.897541999817
1938,0.95963793993
1940,0.221108824015
1941,0.843720793724
1942,0.634049713612
1944,0.790740013123
1948,0.454547077417
1949,0.949925720692
1951,0.955262362957
1953,0.852796196938
1954,0.774326145649
1955,0.981162846088
1956,0.936494886875
1957,0.939610123634
1958,0.969817399979
1959,0.929810106754
1961,0.959239184856
1962,0.812976896763
1965,0.82135951519
1969,0.896935105324
1971,0.666615486145
1978,0.970787763596
1982,0.963194131851
1984,0.692260086536
1985,0.889079272747
1986,0.787134110928
1987,0.666693210602
1988,0.760849177837
1989,0.855135977268
1990,0.697630167007
1991,0.866420090199
1993,0.966388940811
1994,0.915203630924
1999,0.631261467934
2000,0.870156168938
2001,0.659590601921
2002,0.943377792835
2003,0.290356904268
2004,0.458209991455
2008,0.975734055042
2011,0.840782225132
2013,0.881308495998
2017,0.972441136837
2020,0.866940379143
2021,0.870942831039
2024,0.957526504993
2026,0.402650862932
2031,0.922575294971
2035,0.70029604435
2039,0.977125644684
2040,0.904418170452
2044,0.850214540958
2045,0.919152855873
2046,0.656669974327
2047,0.762024641037
2048,0.747390627861
2052,0.745831131935
2053,0.849999427795
2054,0.645890414715
2055,0.558401346207
2058,0.720251202583
2059,0.711751282215
2060,0.507822334766
2063,0.87417191267
2064,0.405735522509
2065,0.985502004623
2066,0.910552501678
2070,0.426583707333
2073,0.817234277725
2076,0.929936051369
2077,0.188149213791
2078,0.856969416142
2082,0.957809627056
2084,0.474192082882
2086,0.808711946011
2088,0.934976458549
2090,0.851646065712
2091,0.921247899532
2095,0.718125998974
2097,0.718061089516
2101,0.915391981602
2102,0.28525352478
2105,0.744849026203
2106,0.783092796803
2107,0.946446478367
2110,0.78794002533
2113,0.986699461937
2114,0.819373250008
2115,0.84780138731
2118,0.760243952274
2119,0.714440584183
2120,0.823183655739
2122,0.671884179115
2128,0.951881587505
2129,0.888146996498
2132,0.843240261078
2136,0.66409778595
2139,0.893341481686
2140,0.76589936018
2141,0.565348386765
2142,0.88178384304
2143,0.860721588135
2146,0.518997967243
2147,0.848429501057
2148,0.771305680275
2151,0.760046124458
2153,0.959560334682
2154,0.971726775169
2156,0.193702623248
2161,0.981223464012
2162,0.635541319847
2163,0.965977668762
2164,0.743347108364
2165,0.965697109699
2168,0.984973907471
2169,0.756538271904
2175,0.950207531452
2176,0.892506718636
2177,0.814356088638
2178,0.467527985573
2182,0.853612959385
2184,0.533787429333
2191,0.760765373707
2193,0.938053667545
2194,0.801600277424
2196,0.953600049019
2198,0.812567412853
2199,0.813994109631
2200,0.793934285641
2202,0.917876958847
2209,0.979488968849
2213,0.203072085977
2217,0.974326908588
2218,0.497598677874
2224,0.689961791039
2225,0.16410292685
2231,0.971209466457
2233,0.720237016678
2234,0.938902974129
2235,0.581646263599
2237,0.819315195084
2238,0.423167645931
2240,0.635832130909
2242,0.83052021265
2244,0.596734583378
2246,0.960254132748
2247,0.648100376129
2248,0.984117507935
2249,0.973693370819
2250,0.944302141666
2252,0.690511226654
2254,0.745232224464
2257,0.720077633858
2258,0.540712237358
2262,0.578529119492
2265,0.774954199791
2268,0.972550153732
2270,0.870413124561
2280,0.860106110573
2281,0.988916873932
2283,0.958510935307
2285,0.107222728431
2289,0.964793801308
2290,0.576382935047
2291,0.772073805332
2293,0.916030228138
2294,0.737748980522
2295,0.948575377464
2300,0.865983843803
2304,0.959182143211
2307,0.514845311642
2310,0.975236535072
2312,0.924774706364
2313,0.367457836866
2318,0.758381843567
2319,0.855814039707
2322,0.762777924538
2324,0.93036621809
2326,0.984052300453
2328,0.932039380074
2331,0.872154593468
2334,0.114386685193
2335,0.647907018661
2336,0.937668025494
2339,0.94828414917
2340,0.914044618607
2341,0.966627299786
2344,0.98636174202
2349,0.977645039558
2352,0.942915380001
2353,0.914990663528
2357,0.725648224354
2362,0.78286242485
2364,0.749490082264
2365,0.758830428123
2366,0.537937223911
2367,0.476525276899
2368,0.852922856808
2370,0.993477702141
2373,0.842520713806
2375,0.347779422998
2376,0.994674682617
2377,0.941063940525
2382,0.975313842297
2384,0.711545526981
2385,0.789140760899
2388,0.805612683296
2389,0.586644649506
2390,0.883803606033
2391,0.784530699253
2393,0.928586900234
2396,0.759495675564
2397,0.854974150658
2398,0.97691398859
2399,0.784981846809
2400,0.854285538197
2401,0.571786761284
2402,0.938713312149
2404,0.62393862009
2406,0.951258122921
2408,0.582094907761
2409,0.902816474438
2410,0.696264743805
2411,0.734543204308
2413,0.873456120491
2415,0.903784930706
2417,0.906794071198
2422,0.947452366352
2423,0.274727910757
2424,0.782681941986
2426,0.982981085777
2429,0.704376935959
2430,0.76349312067
2432,0.646933913231
2433,0.898479044437
2436,0.988925039768
2437,0.946927130222
2438,0.887073218822
2439,0.827368557453
2440,0.6182975173
2444,0.605105519295
2445,0.467337340117
2446,0.206340625882
2454,0.894097447395
2455,0.694828569889
2456,0.96476829052
2458,0.351443231106
2459,0.501082360744
2460,0.743418872356
2461,0.89497500658
2462,0.756139695644
2464,0.738467872143
2465,0.909338116646
2467,0.965846955776
2468,0.927183032036
2474,0.452950835228
2480,0.584187686443
2481,0.717220366001
2484,0.883943319321
2485,0.614095330238
2486,0.859902799129
2487,0.69830685854
2491,0.922030329704
2493,0.848544120789
2496,0.909470915794
2497,0.879758656025
2501,0.83113360405
2504,0.764807105064
2505,0.808270812035
2506,0.864013552666
2508,0.850354373455
2509,0.408955067396
2513,0.469291508198
2516,0.806103110313
2520,0.693126380444
2521,0.675091147423
2523,0.916076600552
2524,0.919945418835
2526,0.993305623531
2528,0.945387244225
2529,0.898369789124
2530,0.869899868965
2531,0.987197577953
2532,0.955641508102
2536,0.878740489483
2537,0.60380089283
2540,0.981989145279
2541,0.76805716753
2542,0.694268226624
2543,0.545455873013
2546,0.423340499401
2547,0.691042244434
2550,0.816186666489
2551,0.935026168823
2555,0.841151058674
2556,0.962417304516
2558,0.946202993393
2559,0.988206803799
2560,0.935219228268
2562,0.989649653435
2563,0.0509470105171
2564,0.849059045315
2565,0.728661060333
2568,0.823385298252
2569,0.802952826023
2570,0.703308165073
2572,0.71737664938
2573,0.86322247982
2574,0.401506662369
2575,0.907839119434
2576,0.80263864994
2582,0.841877579689
2583,0.475774407387
2586,0.769352555275
2590,0.557975411415
2591,0.762543022633
2592,0.890216290951
2593,0.975197374821
2595,0.919987380505
2596,0.650017976761
2597,0.661720812321
2598,0.712046146393
2600,0.962169587612
2601,0.939313411713
2603,0.70256626606
2604,0.852628529072
2605,0.950261890888
2606,0.981666266918
2608,0.750848531723
2609,0.92199575901
2610,0.829314410686
2611,0.44133529067
2614,0.936974465847
2615,0.930333733559
2616,0.684439063072
2618,0.673361182213
2620,0.929286420345
2623,0.750592112541
2624,0.986629009247
2625,0.61628973484
2627,0.697377681732
2629,0.808529853821
2630,0.939544320107
2631,0.982139408588
2632,0.977459013462
2633,0.930135965347
2634,0.830993533134
2635,0.717430531979
2636,0.729591727257
2637,0.607269048691
2638,0.985949218273
2641,0.630390644073
2643,0.735005021095
2644,0.693917453289
2647,0.820415616035
2648,0.918094038963
2649,0.951533913612
2651,0.365033566952
2654,0.794038712978
2655,0.651880681515
2656,0.936293244362
2659,0.483647346497
2661,0.88489985466
2662,0.511250674725
2664,0.951531648636
2665,0.746142566204
2666,0.958013415337
2667,0.833165585995
2668,0.829116284847
2671,0.0820811390877
2673,0.904910385609
2676,0.695064604282
2678,0.672503471375
2680,0.971485793591
2681,0.990572750568
2683,0.469964414835
2687,0.575107038021
2688,0.904238522053
2689,0.847074985504
2691,0.895112037659
2693,0.945436120033
2695,0.830054402351
2697,0.520350158215
2699,0.595647513866
2701,0.641946434975
2702,0.3705534935
2703,0.869714975357
2706,0.985163390636
2707,0.931767940521
2708,0.940862417221
2709,0.928495228291
2714,0.795905709267
2715,0.637053966522
2716,0.778014242649
2717,0.954769551754
2719,0.908580243587
2721,0.936154603958
2722,0.947016656399
2723,0.844355881214
2724,0.716919004917
2727,0.991553962231
2730,0.809221625328
2731,0.759770929813
2736,0.914557039738
2738,0.876389443874
2740,0.919159889221
2744,0.7385379076
2745,0.33314833045
2748,0.728743970394
2749,0.371760636568
2750,0.693099021912
2751,0.264264166355
2752,0.644264876842
2754,0.747778654099
2755,0.857395112514
2756,0.935499191284
2757,0.971770226955
2758,0.556984901428
2759,0.879364490509
2760,0.980083465576
2761,0.0901191085577
2762,0.884861290455
2763,0.703461706638
2764,0.630951583385
2765,0.877923846245
2768,0.650130212307
2769,0.309167653322
2770,0.24108171463
2776,0.93547809124
2778,0.978343307972
2788,0.881737649441
2789,0.734474122524
2791,0.812152564526
2792,0.501788198948
2793,0.944889307022
2797,0.711554288864
2799,0.920901238918
2800,0.970100700855
2801,0.59322565794
2805,0.968884050846
2806,0.410122096539
2807,0.0789022296667
2808,0.843796014786
2811,0.910635650158
2820,0.97244566679
2822,0.936334431171
2824,0.931906044483
2826,0.940271615982
2827,0.780215144157
2828,0.805262804031
2829,0.622630536556
2832,0.874046981335
2835,0.975694000721
2836,0.766602993011
2839,0.706221163273
2840,0.910824775696
2841,0.835800766945
2843,0.916215002537
2849,0.237992465496
2850,0.541933357716
2854,0.870402276516
2856,0.835099697113
2857,0.917747855186
2859,0.728511869907
2860,0.989556849003
2863,0.980808973312
2864,0.692730426788
2865,0.917563617229
2870,0.861664831638
2871,0.633378505707
2872,0.439189493656
2873,0.782414019108
2874,0.919591069221
2876,0.941332876682
2877,0.496028333902
2878,0.965267598629
2880,0.806113958359
2882,0.8424025774
2884,0.553664684296
2885,0.554067909718
2886,0.559965968132
2887,0.634439051151
2894,0.782211184502
2897,0.699378669262
2900,0.823766171932
2903,0.847648203373
2904,0.944611251354
2906,0.852146804333
2908,0.949463605881
2909,0.579230487347
2910,0.572417020798
2911,0.369439870119
2912,0.845825493336
2913,0.982581496239
2915,0.607172012329
2916,0.581501841545
2918,0.750285863876
2924,0.738185286522
2925,0.819941580296
2928,0.909896194935
2929,0.453358858824
2934,0.934853732586
2935,0.809525251389
2938,0.943715751171
2940,0.454725205898
2941,0.637252151966
2942,0.973919808865
2944,0.940636992455
2946,0.800959944725
2947,0.758533596992
2948,0.742870628834
2950,0.63565993309
2952,0.931936681271
2953,0.884945511818
2954,0.932380199432
2956,0.433331757784
2958,0.788479328156
2959,0.348837643862
2961,0.855197191238
2963,0.507231771946
2965,0.976344883442
2967,0.881021857262
2971,0.717008054256
2973,0.978387236595
2974,0.460963398218
2980,0.836074233055
2982,0.707662820816
2983,0.387165427208
2986,0.94293063879
2987,0.830333590508
2988,0.777612626553
2993,0.93175303936
2995,0.389325350523
2998,0.709770798683
3003,0.755379974842
3005,0.972905814648
3006,0.798159778118
3007,0.852479994297
3011,0.808920264244
3013,0.904479324818
3014,0.394664615393
3019,0.885692059994
3020,0.974233150482
3022,0.65823584795
3023,0.648537099361
3024,0.627817034721
3025,0.743065416813
3027,0.858987808228
3029,0.839503765106
3030,0.63865673542
3031,0.919139862061
3032,0.958013415337
3033,0.615173339844
3037,0.791077852249
3041,0.641305208206
3042,0.812790334225
3044,0.96136790514
3045,0.905097782612
3048,0.884390711784
3049,0.964546322823
3053,0.920996665955
3055,0.798327565193
3057,0.884153425694
3058,0.580877900124
3059,0.736105680466
3060,0.712174236774
3061,0.974633574486
3063,0.902803659439
3064,0.911836326122
3065,0.456281632185
3066,0.966482818127
3067,0.879481971264
3068,0.968943059444
3069,0.946712970734
3070,0.960680663586
3071,0.922134041786
3072,0.940161168575
3075,0.974457323551
3077,0.800737321377
3080,0.976083040237
3081,0.982712745667
3082,0.890158891678
3083,0.989127337933
3086,0.922508597374
3089,0.957487881184
3090,0.818999409676
3091,0.896796762943
3092,0.955994188786
3093,0.961754798889
3094,0.969321370125
3097,0.977956175804
3099,0.705266714096
3102,0.942336082458
3103,0.814477443695
3105,0.972423791885
3106,0.972986757755
3107,0.92064923048
3108,0.819110572338
3109,0.419175624847
3114,0.721794366837
3116,0.402833640575
3117,0.716759860516
3119,0.867141783237
3121,0.752217888832
3123,0.889360368252
3124,0.96137714386
3125,0.935261070728
3126,0.523448109627
3128,0.830996572971
3129,0.68778014183
3130,0.445904523134
3131,0.966689407825
3132,0.777934551239
3133,0.616248190403
3134,0.725842356682
3135,0.537574589252
3136,0.846132814884
3137,0.967281103134
3140,0.951399981976
3141,0.724069058895
3143,0.774076461792
3144,0.851552069187
3145,0.555399298668
3147,0.57939863205
3149,0.65436822176
3151,0.827951550484
3154,0.459531605244
3156,0.954768776894
3157,0.506875038147
3158,0.771805942059
3160,0.799182295799
3161,0.889472126961
3162,0.969871103764
3164,0.85099953413
3165,0.924684464931
3168,0.511212766171
3171,0.963306307793
3173,0.706639409065
3174,0.963161170483
3175,0.756543457508
3176,0.946498930454
3177,0.714657247066
3178,0.53535169363
3181,0.834751665592
3182,0.61359256506
3186,0.983462631702
3188,0.945808172226
3190,0.8623675704
3192,0.673555552959
3194,0.70206785202
3195,0.91565144062
3197,0.683728814125
3198,0.733365297318
3202,0.857344448566
3203,0.750965595245
3204,0.597102284431
3207,0.704931557178
3208,0.782359778881
3209,0.684626996517
3210,0.773215949535
3212,0.262738108635
3213,0.808461487293
3214,0.900486767292
3219,0.72315210104
3222,0.91747623682
3224,0.608062267303
3227,0.769864439964
3229,0.63670873642
3230,0.470777869225
3231,0.916921854019
3232,0.82781535387
3233,0.935688793659
3234,0.987349450588
3235,0.762115001678
3237,0.810879170895
3238,0.913569867611
3239,0.951187670231
3240,0.987482666969
3241,0.85538738966
3242,0.855845212936
3243,0.875417172909
3244,0.867188811302
3255,0.709454655647
3256,0.969007730484
3257,0.870143532753
3258,0.939384818077
3259,0.784641087055
3260,0.892175614834
3262,0.978124976158
3263,0.911447882652
3264,0.756968736649
3266,0.669915616512
3267,0.828982234001
3268,0.543054103851
3271,0.653467416763
3274,0.563480436802
3275,0.97382414341
3276,0.627407431602
3277,0.971602261066
3278,0.338097512722
3279,0.923799157143
3280,0.950209140778
3281,0.592113852501
3282,0.846038997173
3283,0.743802368641
3284,0.580123484135
3288,0.73646992445
3290,0.987724602222
3292,0.661413371563
3293,0.732678115368
3295,0.986413121223
3296,0.7565497756
3297,0.652516782284
3299,0.766340911388
3300,0.86953240633
3301,0.700297057629
3307,0.805539488792
3308,0.560907304287
3309,0.942937612534
3311,0.724671661854
3312,0.275350600481
3313,0.743095934391
3321,0.723904728889
3322,0.645119011402
3323,0.7728972435
3325,0.83955436945
3326,0.966104149818
3327,0.983211934566
3328,0.918780982494
3330,0.906240880489
3332,0.416604071856
3333,0.983467042446
3337,0.455613493919
3343,0.895369708538
3344,0.691528201103
3345,0.456236153841
3346,0.478021591902
3350,0.736076533794
3352,0.914689779282
3354,0.96788340807
3355,0.915298402309
3360,0.906089067459
3361,0.716315805912
3364,0.939125299454
3365,0.896492540836
3367,0.626010596752
3370,0.730461061001
3371,0.258456796408
3372,0.979082763195
3374,0.943496882915
3378,0.57767957449
3379,0.982719659805
3380,0.909662187099
3382,0.900008380413
3383,0.64448004961
3384,0.717301547527
3385,0.785553455353
3387,0.974778652191
3388,0.984515666962
3389,0.825039088726
3390,0.69642239809
3392,0.91894942522
3393,0.959386050701
3394,0.933085262775
3395,0.902808725834
3398,0.546873927116
3399,0.081477150321
3400,0.956366896629
3403,0.914060354233
3405,0.680747747421
3406,0.895413994789
3407,0.487353146076
3408,0.948406398296
3410,0.509983181953
3414,0.585919737816
3417,0.914297282696
3418,0.977585792542
3421,0.716351866722
3422,0.947139799595
3426,0.938394129276
3427,0.503318071365
3435,0.579790651798
3436,0.974116921425
3437,0.859132170677
3438,0.897805988789
3439,0.552597403526
3442,0.982812106609
3443,0.921263515949
3444,0.781676471233
3445,0.774102210999
3449,0.684388816357
3450,0.491662502289
3451,0.96719032526
3452,0.955800950527
3453,0.563580870628
3456,0.408989548683
3457,0.95304363966
3458,0.822678923607
3459,0.557896912098
3462,0.767381250858
3466,0.79065400362
3471,0.667333602905
3472,0.678897619247
3474,0.939350366592
3475,0.95241355896
3477,0.859577536583
3478,0.974654078484
3479,0.730962753296
3480,0.354005634785
3482,0.508011579514
3485,0.741781890392
3487,0.969346046448
3488,0.0744987949729
3493,0.784908235073
3495,0.97754830122
3498,0.830138266087
3500,0.875602185726
3502,0.901065409184
3503,0.859951078892
3504,0.564495742321
3506,0.747694194317
3507,0.818593502045
3508,0.972516596317
3509,0.963209152222
3510,0.90310138464
3511,0.965843617916
3512,0.96507692337
3513,0.946285903454
3515,0.166382789612
3516,0.79442346096
3519,0.825907170773
3521,0.956445097923
3522,0.875665903091
3530,0.965755045414
3531,0.992261767387
3533,0.755974411964
3538,0.89002931118
3539,0.97061175108
3541,0.915626943111
3542,0.662024378777
3543,0.906692743301
3544,0.918770074844
3546,0.843007206917
3547,0.824317634106
3549,0.888398826122
3551,0.808275938034
3555,0.975695550442
3557,0.259065002203
3558,0.888532817364
3559,0.916461348534
3560,0.683043003082
3561,0.442934066057
3563,0.805687010288
3566,0.651174843311
3572,0.915995895863
3574,0.866820693016
3575,0.988557338715
3577,0.943032920361
3578,0.849407613277
3580,0.942886650562
3582,0.217406794429
3583,0.589043915272
3584,0.968108296394
3585,0.568913698196
3586,0.546622753143
3589,0.694541931152
3590,0.983097612858
3592,0.736153781414
3593,0.904810070992
3595,0.778129696846
3596,0.966865003109
3597,0.776350021362
3598,0.778235673904
3602,0.353665947914
3604,0.836937129498
3605,0.853912889957
3609,0.722541689873
3610,0.847998261452
3612,0.343731671572
3615,0.887827992439
3617,0.619844913483
3626,0.627101719379
3629,0.523806452751
3630,0.815099954605
3632,0.949179053307
3634,0.543865799904
3635,0.798712849617
3636,0.75311756134
3637,0.807456731796
3638,0.65284371376
3642,0.874950110912
3644,0.907895922661
3646,0.905680179596
3647,0.623636126518
3650,0.716621518135
3655,0.562983572483
3656,0.705939292908
3657,0.794169545174
3658,0.887090206146
3661,0.618867754936
3663,0.972764015198
3665,0.778999149799
3669,0.839571893215
3670,0.921660363674
3672,0.952583372593
3675,0.793500006199
3679,0.952095508575
3682,0.73205435276
3686,0.256566613913
3688,0.628443300724
3694,0.758557498455
3697,0.951996743679
3698,0.0752007886767
3701,0.664735913277
3703,0.645760834217
3709,0.832076370716
3710,0.980010986328
3712,0.610106825829
3713,0.583841025829
3717,0.955350935459
3719,0.90550994873
3721,0.963957190514
3722,0.904640078545
3724,0.745306491852
3725,0.86040854454
3727,0.813600480556
3728,0.965690672398
3729,0.922904670238
3731,0.498435527086
3732,0.825331628323
3736,0.865011811256
3737,0.834008514881
3741,0.716290295124
3744,0.990509748459
3745,0.542715668678
3749,0.863678336143
3750,0.542569816113
3752,0.548471212387
3753,0.646309435368
3754,0.807632863522
3755,0.966984510422
3756,0.95340180397
3757,0.743333697319
3758,0.919252753258
3761,0.636490046978
3762,0.947474420071
3763,0.900733828545
3765,0.358678430319
3767,0.83912050724
3769,0.712550699711
3771,0.804870486259
3774,0.347878456116
3779,0.884526729584
3781,0.8525172472
3782,0.746434867382
3785,0.689355075359
3786,0.991852104664
3787,0.85426735878
3788,0.876702129841
3789,0.764257311821
3791,0.862340271473
3793,0.912134170532
3794,0.705170631409
3795,0.763916611671
3798,0.776090443134
3799,0.898792743683
3804,0.667700648308
3805,0.491363108158
3808,0.972438871861
3812,0.801621854305
3814,0.258573114872
3815,0.872244000435
3817,0.546561479568
3820,0.878984034061
3821,0.881272852421
3822,0.86604732275
3824,0.836705029011
3825,0.867044508457
3826,0.78256726265
3828,0.982748985291
3829,0.92712199688
3833,0.907536745071
3834,0.839490354061
3835,0.623647034168
3836,0.36402246356
3838,0.513892531395
3842,0.124848671257
3843,0.953602850437
3848,0.789735019207
3849,0.422604203224
3855,0.429909706116
3861,0.802768886089
3862,0.979997515678
3864,0.863793134689
3866,0.900633633137
3870,0.87372648716
3876,0.710213541985
3877,0.710068404675
3879,0.976508438587
3881,0.988018929958
3882,0.929123699665
3883,0.551774919033
3885,0.977597773075
3886,0.890785038471
3887,0.891976177692
3890,0.710152924061
3891,0.608095049858
3892,0.907914996147
3893,0.914960741997
3894,0.9478713274
3897,0.971125483513
3898,0.876315116882
3900,0.886681675911
3901,0.770618498325
3902,0.344857245684
3903,0.797633945942
3904,0.905262410641
3906,0.18444250524
3908,0.605002224445
3909,0.875505268574
3911,0.956351459026
3912,0.871163249016
3914,0.764143586159
3916,0.981600761414
3917,0.883965671062
3919,0.974745929241
3927,0.889249205589
3929,0.951071023941
3930,0.832032799721
3934,0.0943538397551
3937,0.960194647312
3939,0.859090149403
3943,0.877691447735
3944,0.942957043648
3946,0.945280611515
3947,0.982449293137
3951,0.934536933899
3953,0.965259969234
3954,0.0500466488302
3955,0.993038594723
3956,0.431581407785
3957,0.858857035637
3960,0.891041457653
3964,0.981990396976
3965,0.832273006439
3967,0.285948514938
3969,0.939742565155
3971,0.78547257185
3972,0.679680049419
3973,0.907384097576
3974,0.651609063148
3976,0.501782298088
3978,0.9613032341
3979,0.784197688103
3980,0.569781780243
3983,0.822101354599
3988,0.921366393566
3989,0.69963568449
3990,0.762894392014
3991,0.465243905783
3993,0.984130203724
3996,0.883445739746
3998,0.963736116886
4000,0.599200308323
4001,0.968221604824
4006,0.887247920036
4007,0.980569720268
4009,0.796506881714
4010,0.970130264759
4011,0.885912895203
4012,0.580582678318
4013,0.867301166058
4015,0.840897381306
4016,0.783113360405
4018,0.992129087448
4021,0.98923432827
4023,0.71436715126
4026,0.927014887333
4028,0.919863820076
4029,0.937838077545
4030,0.548341810703
4032,0.950018048286
4039,0.649038255215
4041,0.551941275597
4042,0.983877778053
4047,0.489497572184
4049,0.949320077896
4050,0.662256598473
4051,0.988641798496
4054,0.937818050385
4057,0.892957866192
4060,0.428326308727
4061,0.609166443348
4070,0.602667629719
4072,0.920022547245
4073,0.755648374557
4076,0.882274091244
4078,0.930051326752
4079,0.991138041019
4080,0.865871369839
4082,0.918829858303
4084,0.841224908829
4087,0.799459695816
4088,0.661170840263
4089,0.707967758179
4090,0.753362596035
4092,0.867578327656
4094,0.856204926968
4095,0.875268280506
4096,0.383622616529
4100,0.980464160442
4102,0.48097383976
4103,0.994229435921
4104,0.818686008453
4106,0.781015217304
4107,0.827844500542
4109,0.885679960251
4110,0.59270131588
4111,0.981516122818
4112,0.866788208485
4113,0.720406711102
4115,0.766160964966
4116,0.394540399313
4119,0.965309262276
4122,0.830116033554
4124,0.458077579737
4126,0.807117640972
4127,0.946870207787
4129,0.923221647739
4130,0.491002678871
4131,0.832165539265
4132,0.960634469986
4133,0.653012037277
4135,0.829785168171
4139,0.931928992271
4142,0.829583644867
4143,0.938521742821
4149,0.875203609467
4151,0.815991342068
4153,0.815616607666
4154,0.981215536594
4156,0.682876169682
4157,0.986791491508
4158,0.950196146965
4161,0.89929485321
4163,0.925673127174
4166,0.607105731964
4169,0.828175365925
4170,0.349294900894
4172,0.723500013351
4174,0.601350545883
4180,0.596920907497
4191,0.789724111557
4192,0.944032013416
4200,0.399075478315
4202,0.972858905792
4204,0.922455787659
4207,0.956232368946
4208,0.796269357204
4209,0.693255364895
4211,0.957294523716
4212,0.818582952023
4213,0.771186113358
4214,0.924418389797
4215,0.747608840466
4216,0.25352075696
4218,0.655470609665
4221,0.582551181316
4222,0.92725533247
4226,0.969492554665
4229,0.934116184711
4232,0.657311916351
4234,0.716090857983
4235,0.950535297394
4236,0.987774431705
4239,0.585237622261
4241,0.951344549656
4242,0.738356053829
4247,0.985277712345
4248,0.891865074635
4249,0.938278019428
4250,0.705655813217
4251,0.743017792702
4252,0.838108420372
4253,0.939348876476
4254,0.501393675804
4256,0.887823939323
4261,0.908968567848
4262,0.925873339176
4266,0.703228652477
4267,0.913159191608
4268,0.97976821661
4273,0.976830720901
4274,0.919441282749
4275,0.968478262424
4277,0.691762924194
4279,0.914620876312
4283,0.899386644363
4287,0.887451350689
4288,0.876311123371
4289,0.953827440739
4291,0.702433228493
4296,0.985774040222
4297,0.95422065258
4298,0.35628631711
4299,0.528401255608
4301,0.985307216644
4303,0.829847335815
4304,0.699471890926
4306,0.881714940071
4307,0.568749666214
4308,0.599574565887
4310,0.548947691917
4311,0.727341771126
4313,0.935881614685
4317,0.844525456429
4318,0.755339741707
4323,0.986837029457
4324,0.933546304703
4326,0.284368306398
4328,0.612329423428
4330,0.959346473217
4331,0.566910386086
4332,0.891231894493
4335,0.969294846058
4337,0.590595901012
4338,0.921828687191
4339,0.477157443762
4341,0.972634613514
4342,0.766428053379
4343,0.925402998924
4344,0.962707459927
4345,0.632748603821
4346,0.800862133503
4347,0.936905503273
4349,0.946955561638
4350,0.163639739156
4351,0.893441617489
4352,0.976738035679
4354,0.769337534904
4356,0.742757201195
4357,0.568326950073
4360,0.720309019089
4361,0.861682474613
4364,0.935008049011
4365,0.827359676361
4366,0.435806810856
4368,0.975750148296
4372,0.372254043818
4373,0.907689929008
4376,0.866311788559
4378,0.766820728779
4379,0.546935021877
4382,0.752213776112
4383,0.683990836143
4385,0.391691744328
4389,0.792728364468
4393,0.670589447021
4394,0.35425645113
4395,0.850998878479
4396,0.886847376823
4397,0.832956314087
4398,0.632975101471
4399,0.986265957355
4402,0.821712255478
4405,0.910639822483
4406,0.98831486702
4407,0.288579642773
4408,0.822532117367
4410,0.682009339333
4412,0.135456591845
4414,0.701195418835
4417,0.895742714405
4418,0.659539282322
4419,0.911780655384
4421,0.984846711159
4424,0.924481451511
4427,0.951079547405
4428,0.984359145164
4429,0.906362712383
4430,0.888183414936
4431,0.909146845341
4433,0.951390087605
4434,0.615560591221
4435,0.89703732729
4438,0.216329246759
4439,0.589020013809
4441,0.872824847698
4444,0.960691273212
4445,0.82680028677
4446,0.973870277405
4447,0.978725910187
4449,0.961053669453
4450,0.708250701427
4453,0.810212671757
4456,0.91506254673
4460,0.846714317799
4461,0.439945220947
4462,0.92236995697
4463,0.963827252388
4464,0.510896861553
4465,0.837882816792
4468,0.511553347111
4471,0.893381357193
4474,0.762059986591
4476,0.877519011497
4477,0.868894636631
4480,0.579106211662
4482,0.743671834469
4484,0.821417748928
4488,0.80811303854
4489,0.88095086813
4490,0.749754309654
4492,0.716543257236
4495,0.834353625774
4499,0.32990783453
4501,0.851405322552
4502,0.888232886791
4504,0.977927923203
4508,0.495580404997
4510,0.145438924432
4511,0.972171604633
4513,0.76949775219
4514,0.74283349514
4516,0.876210868359
4518,0.751906633377
4520,0.746579825878
4521,0.629925489426
4523,0.632115423679
4524,0.854681670666
4527,0.82913595438
4531,0.938031673431
4536,0.734330356121
4538,0.916731953621
4539,0.673781394958
4540,0.834985733032
4542,0.878945529461
4543,0.465621143579
4548,0.831696152687
4549,0.512445390224
4550,0.97096067667
4552,0.660001635551
4557,0.665152609348
4559,0.548679590225
4561,0.979780673981
4564,0.925482928753
4565,0.913963973522
4566,0.715798020363
4569,0.872527420521
4570,0.866588234901
4571,0.618004262447
4573,0.790476202965
4574,0.960326135159
4575,0.840893924236
4576,0.800820231438
4580,0.736406326294
4583,0.943886458874
4584,0.772086381912
4585,0.645508408546
4587,0.526542961597
4589,0.767849385738
4591,0.924160659313
4593,0.818892598152
4599,0.925373017788
4600,0.671939611435
4601,0.35350009799
4602,0.918225109577
4605,0.952394068241
4607,0.444193184376
4609,0.899965941906
4611,0.847400546074
4612,0.941903352737
4615,0.822391569614
4628,0.76681292057
4630,0.916142940521
4633,0.272618472576
4637,0.959114015102
4639,0.960367143154
4640,0.674456119537
4648,0.876547634602
4652,0.74545532465
4653,0.882123053074
4655,0.911985635757
4658,0.91296517849
4660,0.344138145447
4663,0.781459629536
4665,0.572079122066
4666,0.646620690823
4668,0.734147906303
4669,0.644786834717
4671,0.788697183132
4673,0.916211724281
4674,0.618943750858
4675,0.879932880402
4679,0.895458519459
4682,0.899496018887
4683,0.588590502739
4685,0.977211713791
4686,0.72715908289
4687,0.84174734354
4688,0.964077293873
4690,0.228013411164
4693,0.817696511745
4697,0.962813258171
4698,0.812807559967
4700,0.701433777809
4707,0.720283210278
4709,0.874418318272
4710,0.915228486061
4711,0.701587557793
4712,0.794821202755
4714,0.822705745697
4717,0.680417597294
4719,0.540925145149
4721,0.703006446362
4723,0.639835000038
4727,0.578842043877
4728,0.725396990776
4729,0.721503078938
4730,0.984875261784
4733,0.939195096493
4734,0.958892703056
4735,0.576097428799
4736,0.858659148216
4737,0.864194393158
4740,0.736889123917
4741,0.958432674408
4742,0.711447238922
4744,0.486295491457
4745,0.671833217144
4750,0.888273775578
4754,0.783288240433
4757,0.953131556511
4758,0.914420843124
4759,0.728337585926
4760,0.85878187418
4762,0.98426091671
4768,0.869693696499
4770,0.772463023663
4771,0.428749471903
4773,0.767918944359
4774,0.642918646336
4775,0.984055757523
4778,0.904943585396
4779,0.773888587952
4780,0.125767052174
4781,0.829074501991
4782,0.817140579224
4783,0.707493901253
4784,0.0643163248897
4786,0.477761268616
4793,0.475003272295
4794,0.913793623447
4795,0.781583368778
4797,0.110868431628
4799,0.783069372177
4802,0.922689735889
4805,0.692644476891
4808,0.917316675186
4810,0.986456155777
4812,0.654084801674
4813,0.785558104515
4814,0.718499839306
4820,0.706487476826
4821,0.985201299191
4822,0.847283899784
4823,0.773588240147
4826,0.945591509342
4827,0.722476184368
4828,0.587074995041
4829,0.873593747616
4830,0.855593204498
4831,0.724664270878
4832,0.799967944622
4833,0.84612673521
4834,0.960664868355
4838,0.89340108633
4840,0.88807529211
4844,0.598214745522
4845,0.699996590614
4846,0.784691631794
4847,0.808655083179
4849,0.956614255905
4852,0.69124186039
4854,0.756747066975
4855,0.758418023586
4857,0.892829120159
4858,0.890707433224
4859,0.743990659714
4865,0.75004953146
4866,0.835393607616
4869,0.845876395702
4870,0.923295557499
4872,0.782822370529
4873,0.744398415089
4875,0.963417172432
4876,0.881372213364
4878,0.941930711269
4879,0.627970278263
4880,0.824092268944
4884,0.934995234013
4885,0.904282748699
4887,0.960376024246
4889,0.109027706087
4891,0.773494184017
4892,0.628418624401
4894,0.700249493122
4897,0.714393615723
4898,0.891890108585
4899,0.991021573544
4900,0.452091276646
4902,0.922675430775
4903,0.772200942039
4904,0.940766096115
4910,0.51872086525
4915,0.776393353939
4920,0.513427972794
4924,0.947053730488
4925,0.404857397079
4927,0.92463606596
4928,0.722923517227
4929,0.9563408494
4933,0.843374729156
4934,0.565699160099
4937,0.981906533241
4941,0.457820892334
4949,0.979945421219
4950,0.851650118828
4951,0.728919625282
4953,0.826775670052
4954,0.930747568607
4956,0.677198290825
4957,0.674614727497
4967,0.759015977383
4970,0.457880198956
4971,0.409910440445
4972,0.858508646488
4976,0.63666164875
4977,0.402047157288
4978,0.943034231663
4979,0.811684846878
4980,0.678331196308
4981,0.873646616936
4983,0.867405295372
4985,0.630180716515
4988,0.713475227356
4989,0.916444301605
4993,0.843781232834
5000,0.969763338566
5001,0.993135333061
5003,0.813401281834
5005,0.914285540581
5006,0.950644731522
5007,0.984391689301
5008,0.646534621716
5010,0.766615569592
5011,0.739063322544
5012,0.771568477154
5014,0.856502592564
5016,0.836906850338
5017,0.964486420155
5019,0.975785672665
5020,0.505849003792
5021,0.863105177879
5022,0.956099569798
5023,0.752985358238
5024,0.791518807411
5025,0.897326469421
5026,0.760631084442
5027,0.983967363834
5028,0.984562218189
5029,0.94589728117
5030,0.848839521408
5032,0.942837178707
5033,0.911601662636
5034,0.961410462856
5036,0.838547170162
5037,0.817619800568
5038,0.940153300762
5040,0.833786129951
5042,0.358953863382
5044,0.926490068436
5048,0.718776106834
5049,0.55732011795
5052,0.882212162018
5054,0.953191637993
5055,0.753859937191
5057,0.990211904049
5058,0.816460728645
5061,0.676356554031
5062,0.572814106941
5065,0.584702551365
5070,0.803169727325
5071,0.850591659546
5072,0.887512087822
5073,0.520351648331
5074,0.871919810772
5075,0.848852574825
5079,0.817096590996
5080,0.859042823315
5082,0.50619751215
5089,0.820823073387
5093,0.781937301159
5096,0.96963340044
5098,0.445749312639
5099,0.857580780983
5100,0.8639062047
5101,0.831290960312
5105,0.872374117374
5111,0.688346624374
5112,0.802848219872
5119,0.735924005508
5123,0.971597194672
5128,0.701889455318
5129,0.697038173676
5130,0.759864091873
5134,0.837886154652
5137,0.507156133652
5139,0.901577532291
5140,0.861992716789
5141,0.221609562635
5143,0.753075361252
5144,0.713023781776
5148,0.909801483154
5151,0.886157155037
5154,0.822864413261
5159,0.951639294624
5163,0.485727667809
5164,0.761688113213
5165,0.540731072426
5166,0.937508046627
5167,0.616903603077
5169,0.921158969402
5170,0.671203792095
5171,0.990292549133
5174,0.965138792992
5175,0.981628000736
5176,0.886967599392
5177,0.619585990906
5180,0.478733301163
5182,0.481250375509
5184,0.865809977055
5186,0.946867525578
5187,0.878803551197
5189,0.808690786362
5190,0.956364631653
5191,0.96538412571
5192,0.643280625343
5197,0.779959261417
5199,0.79412150383
5201,0.936520695686
5202,0.832726955414
5203,0.962739169598
5206,0.799251317978
5208,0.961965799332
5209,0.376403361559
5213,0.751235842705
5216,0.761214017868
5217,0.680552959442
5219,0.90090149641
5220,0.424109101295
5221,0.342899590731
5222,0.974237978458
5223,0.949700534344
5225,0.361083000898
5227,0.812054157257
5230,0.928626298904
5231,0.939537703991
5239,0.791372716427
5240,0.89659267664
5246,0.828382372856
5250,0.992660105228
5253,0.910514831543
5255,0.480248063803
5257,0.979843318462
5258,0.987146854401
5260,0.733681678772
5262,0.676972925663
5263,0.97358840704
5267,0.867406785488
5268,0.769427359104
5273,0.856036067009
5274,0.952347934246
5275,0.907334446907
5278,0.550032138824
5280,0.725350558758
5282,0.375419855118
5285,0.885744571686
5286,0.678724169731
5287,0.973178982735
5288,0.520916223526
5290,0.428705275059
5294,0.86059230566
5297,0.977531135082
5304,0.712271869183
5306,0.606995761395
5307,0.818654417992
5308,0.637222290039
5309,0.91973555088
5312,0.627570331097
5313,0.624381124973
5314,0.975539207458
5318,0.842017114162
5319,0.714576780796
5321,0.804882526398
5322,0.975517511368
5324,0.213163435459
5326,0.906030058861
5327,0.954965174198
5328,0.575980424881
5329,0.771754860878
5333,0.894479036331
5334,0.805410027504
5335,0.882836818695
5336,0.560868442059
5337,0.909072875977
5338,0.901032090187
5339,0.787702202797
5344,0.830229103565
5345,0.932343125343
5346,0.614674687386
5347,0.862003087997
5352,0.856426119804
5355,0.821044147015
5356,0.975784063339
5357,0.846907496452
5365,0.894300937653
5366,0.988693773746
5369,0.47969391942
5370,0.913535892963
5371,0.186539560556
5373,0.879248023033
5376,0.913026809692
5377,0.879180073738
5380,0.930246114731
5381,0.896913170815
5384,0.818212151527
5390,0.541695594788
5391,0.898601651192
5393,0.794287323952
5396,0.115271553397
5398,0.792242527008
5400,0.959887742996
5401,0.823731541634
5402,0.728970527649
5405,0.903486073017
5407,0.911802768707
5408,0.88577234745
5410,0.69700884819
5411,0.82308447361
5416,0.989075541496
5417,0.910932481289
5420,0.977279067039
5422,0.541009426117
5423,0.700774908066
5426,0.73911356926
5429,0.853769242764
5431,0.85400980711
5432,0.620544910431
5433,0.768639981747
5434,0.962157666683
5435,0.882848024368
5437,0.966850399971
5438,0.740402936935
5439,0.734512746334
5440,0.925723850727
5442,0.654367864132
5443,0.788175880909
5446,0.767069101334
5448,0.818359434605
5449,0.845811188221
5450,0.949358224869
5454,0.819068193436
5455,0.934341430664
5456,0.711285948753
5458,0.975252151489
5462,0.929626584053
5465,0.933168888092
5467,0.914547562599
5468,0.95615041256
5469,0.955351352692
5471,0.448355048895
5473,0.940880775452
5474,0.674955844879
5476,0.879118800163
5477,0.978928864002
5478,0.377758145332
5488,0.655818581581
5489,0.572292387486
5491,0.638414084911
5492,0.802083134651
5494,0.97627979517
5495,0.864136874676
5496,0.938250303268
5497,0.758007407188
5498,0.712119221687
5501,0.65296959877
5504,0.844697773457
5506,0.627863228321
5507,0.957106947899
5508,0.529494225979
5510,0.739159286022
5511,0.57865768671
5513,0.603108465672
5514,0.862784683704
5516,0.853414416313
5517,0.877134740353
5518,0.652395367622
5526,0.343798100948
5527,0.800129771233
5528,0.70602285862
5531,0.827150404453
5540,0.97464132309
5541,0.770531177521
5544,0.93569880724
5545,0.985200047493
5546,0.751195251942
5548,0.98036557436
5549,0.857941091061
5550,0.379023641348
5552,0.822375059128
5553,0.497335761786
5554,0.982514321804
5555,0.976342976093
5564,0.978158175945
5565,0.693841457367
5566,0.745027303696
5571,0.762674748898
5572,0.851029574871
5573,0.958748042583
5574,0.948281049728
5579,0.874466836452
5581,0.718811511993
5582,0.597555994987
5586,0.777769804001
5587,0.907676279545
5588,0.724847614765
5590,0.981043875217
5591,0.848449468613
5593,0.817248642445
5594,0.976943790913
5595,0.923240363598
5596,0.478966504335
5597,0.572645068169
5600,0.831133663654
5602,0.97200858593
5604,0.0870752185583
5606,0.761708796024
5610,0.940234720707
5611,0.973926246166
5612,0.918753921986
5613,0.824991047382
5614,0.926146924496
5616,0.624607801437
5617,0.925480306149
5620,0.9675360322
5625,0.0656284168363
5626,0.433366239071
5628,0.931589841843
5632,0.925723671913
5636,0.922147512436
5638,0.762864470482
5640,0.98208719492
5646,0.839287817478
5649,0.990539073944
5652,0.586404025555
5654,0.60367077589
5655,0.897573232651
5657,0.923155128956
5658,0.792525470257
5660,0.591065526009
5661,0.954624831676
5663,0.948396742344
5666,0.329609930515
5668,0.84039247036
5669,0.949555277824
5671,0.74779945612
5672,0.910387098789
5674,0.692650973797
5676,0.979120016098
5679,0.95713108778
5681,0.913707792759
5682,0.520053207874
5683,0.888733327389
5685,0.826002717018
5687,0.947515308857
5688,0.851206719875
5689,0.906169354916
5690,0.979272961617
5691,0.67350757122
5693,0.776823401451
5694,0.740625739098
5695,0.781889677048
5697,0.810349464417
5701,0.525449216366
5707,0.905487954617
5708,0.874624073505
5711,0.763893008232
5713,0.85216408968
5715,0.856861114502
5716,0.753324091434
5717,0.906959414482
5718,0.794072031975
5720,0.268574506044
5722,0.67557567358
5724,0.850236475468
5725,0.505785822868
5729,0.875878095627
5731,0.664560556412
5732,0.564384639263
5733,0.828857958317
5735,0.841050744057
5736,0.772601425648
5737,0.710084319115
5738,0.905517697334
5740,0.931164622307
5741,0.455491870642
5743,0.968773066998
5744,0.941315352917
5745,0.250967890024
5747,0.685804843903
5753,0.779167830944
5756,0.794150173664
5760,0.699598789215
5763,0.555227339268
5765,0.983920633793
5767,0.66800481081
5768,0.753630816936
5771,0.880827844143
5772,0.9364772439
5773,0.498157888651
5775,0.605413675308
5776,0.583396494389
5777,0.475539058447
5780,0.958904087543
5781,0.944272279739
5783,0.621257185936
5784,0.751454293728
5785,0.868488669395
5787,0.98123884201
5790,0.966705918312
5791,0.700501203537
5792,0.898381531239
5793,0.715623378754
5794,0.144632026553
5797,0.972527861595
5799,0.882876992226
5801,0.757166743279
5803,0.849060118198
5807,0.831205070019
5808,0.819993555546
5809,0.986302375793
5810,0.697358191013
5811,0.792065739632
5812,0.91995459795
5815,0.979063570499
5816,0.791463315487
5817,0.951006114483
5819,0.744930028915
5820,0.98070704937
5823,0.766221046448
5828,0.8947686553
5830,0.916498482227
5832,0.899214923382
5833,0.377020210028
5834,0.644819557667
5835,0.883236944675
5836,0.658649921417
5837,0.823677957058
5838,0.728417813778
5839,0.2907538414
5840,0.633066296577
5841,0.765288949013
5842,0.585084319115
5845,0.730327785015
5849,0.975958585739
5851,0.960439264774
5853,0.902843236923
5855,0.832917571068
5857,0.724693000317
5858,0.682269692421
5859,0.979661941528
5862,0.947294235229
5863,0.593841969967
5868,0.444177776575
5869,0.591798424721
5872,0.814421474934
5873,0.983260214329
5874,0.594709038734
5876,0.834594547749
5877,0.970642507076
5878,0.857214033604
5879,0.744165122509
5880,0.525213778019
5882,0.870505869389
5883,0.863229751587
5884,0.819374144077
5885,0.839035570621
5890,0.611280620098
5891,0.898749709129
5892,0.962862789631
5895,0.798018217087
5896,0.895817220211
5898,0.86654484272
5901,0.932997345924
5902,0.972510278225
5906,0.847366511822
5907,0.345735192299
5908,0.790845692158
5909,0.364103555679
5910,0.689158856869
5913,0.727953612804
5914,0.876348555088
5916,0.43338227272
5917,0.837539255619
5921,0.83155721426
5922,0.861474335194
5923,0.973703682423
5924,0.962984621525
5925,0.53034311533
5928,0.696638703346
5932,0.474216908216
5936,0.989887773991
5939,0.779357552528
5940,0.8115478158
5941,0.624598801136
5942,0.980348527431
5946,0.877901613712
5947,0.58414375782
5948,0.83934533596
5949,0.555179238319
5950,0.857675433159
5952,0.827592849731
5957,0.822839558125
5958,0.928487896919
5961,0.87815785408
5963,0.777279734612
5964,0.977949917316
5967,0.534826993942
5969,0.944083750248
5979,0.0662095621228
5981,0.738657176495
5982,0.626321852207
5983,0.732828199863
5985,0.373724639416
5987,0.704232752323
5988,0.974249780178
5989,0.902587354183
5990,0.971374094486
5995,0.900659739971
5997,0.907189488411
5998,0.742858171463
5999,0.928914010525
6003,0.764663934708
6004,0.912028372288
6012,0.808109402657
6015,0.602212667465
6016,0.936629772186
6018,0.855984151363
6019,0.58471852541
6020,0.770771026611
6021,0.94320166111
6024,0.532816290855
6029,0.992819488049
6032,0.662868976593
6033,0.705428957939
6034,0.971814751625
6037,0.736835896969
6041,0.809652447701
6043,0.90443789959
6044,0.965077936649
6049,0.961163699627
6057,0.619433939457
6058,0.732741892338
6059,0.917650461197
6061,0.936642348766
6065,0.788869678974
6066,0.619047880173
6070,0.625183999538
6071,0.794504582882
6074,0.928867101669
6075,0.797436535358
6077,0.980440437794
6079,0.534040153027
6080,0.907630801201
6083,0.947768270969
6086,0.975916206837
6088,0.981433987617
6089,0.764181137085
6091,0.81954741478
6092,0.982451736927
6093,0.562811255455
6095,0.75914311409
6096,0.436905950308
6097,0.941553592682
6098,0.9359998703
6100,0.803744971752
6101,0.977630674839
6103,0.858210206032
6105,0.626383006573
6107,0.880064070225
6108,0.638815462589
6111,0.87627184391
6116,0.880455076694
6118,0.721521794796
6121,0.729777276516
6122,0.858605802059
6124,0.619798779488
6126,0.980385303497
6128,0.834308385849
6130,0.75628054142
6132,0.510104060173
6134,0.250551819801
6135,0.911562144756
6136,0.702873885632
6137,0.90196543932
6139,0.803845763206
6141,0.943952202797
6145,0.767217218876
6146,0.926028132439
6148,0.968389034271
6149,0.386828780174
6150,0.894420802593
6152,0.80152708292
6154,0.954276442528
6155,0.939144015312
6157,0.814750432968
6159,0.896295011044
6160,0.982445836067
6161,0.957765579224
6163,0.731690108776
6166,0.973910331726
6167,0.772385597229
6168,0.667111158371
6171,0.786450624466
6172,0.986884474754
6175,0.903196573257
6178,0.971333265305
6179,0.802496552467
6180,0.760932922363
6184,0.446982443333
6189,0.800291836262
6191,0.887731552124
6193,0.780038774014
6194,0.981013596058
6196,0.445459008217
6198,0.895388484001
6199,0.54187220335
6200,0.711077511311
6201,0.585931122303
6202,0.783752202988
6205,0.679004848003
6209,0.509269654751
6210,0.891083180904
6211,0.41551104188
6212,0.403452396393
6216,0.760041952133
6221,0.972894966602
6222,0.787180662155
6226,0.945866942406
6227,0.821887254715
6228,0.778398275375
6229,0.787230908871
6230,0.950433313847
6235,0.800635278225
6236,0.665410041809
6237,0.60981118679
6239,0.885995984077
6246,0.570611894131
6248,0.804296016693
6254,0.952792584896
6257,0.824987411499
6258,0.906099140644
6262,0.926025569439
6263,0.521646201611
6264,0.782008171082
6265,0.774253249168
6266,0.917349696159
6267,0.882454037666
6270,0.391851574183
6274,0.931075632572
6278,0.752198219299
6279,0.553498983383
6280,0.926436781883
6282,0.651603400707
6283,0.952880561352
6284,0.992192924023
6287,0.507001161575
6288,0.960035502911
6289,0.906881272793
6290,0.91242814064
6292,0.950618326664
6294,0.980890631676
6295,0.798483192921
6296,0.866192102432
6302,0.895621597767
6303,0.970255851746
6306,0.746317923069
6307,0.646119773388
6308,0.59193366766
6310,0.912219405174
6312,0.583962082863
6314,0.971451938152
6319,0.713584721088
6321,0.825191736221
6322,0.983510494232
6330,0.919109165668
6333,0.984435915947
6337,0.727277040482
6340,0.951988339424
6342,0.917419135571
6347,0.706925928593
6348,0.943802058697
6349,0.962250709534
6350,0.458583414555
6352,0.917572855949
6354,0.853747189045
6356,0.912313461304
6358,0.85655272007
6360,0.933910250664
6362,0.837892889977
6364,0.463293254375
6371,0.808449745178
6373,0.953423261642
6374,0.776846945286
6375,0.912393927574
6377,0.807616949081
6379,0.97186756134
6381,0.414981544018
6383,0.515230119228
6385,0.901392936707
6386,0.749231636524
6390,0.785484552383
6391,0.991740703583
6395,0.727828502655
6398,0.523035943508
6401,0.942256689072
6402,0.773794353008
6403,0.869660794735
6405,0.352118879557
6406,0.814772605896
6407,0.828439176083
6409,0.705921411514
6414,0.926659762859
6417,0.949592590332
6418,0.935750544071
6419,0.769327640533
6420,0.849015176296
6423,0.986416101456
6424,0.98232460022
6425,0.860264778137
6426,0.658661723137
6427,0.978267788887
6428,0.800498187542
6429,0.633341610432
6430,0.98153012991
6433,0.694568395615
6434,0.147845894098
6435,0.500465035439
6436,0.969986796379
6437,0.81584751606
6439,0.971874475479
6442,0.702860295773
6443,0.965845227242
6450,0.790279150009
6451,0.907242596149
6457,0.961035311222
6458,0.757941186428
6460,0.844971954823
6461,0.699259638786
6462,0.445042133331
6463,0.663215458393
6467,0.930830776691
6468,0.529950141907
6469,0.5621727705
6472,0.934162557125
6474,0.819154083729
6478,0.962113380432
6480,0.964155972004
6481,0.843748569489
6482,0.818219006062
6485,0.594805181026
6488,0.801041781902
6489,0.869209706783
6490,0.985316812992
6494,0.803792357445
6495,0.76661914587
6500,0.791747570038
6503,0.737950444221
6505,0.924202978611
6507,0.242118999362
6508,0.948680222034
6510,0.42345687747
6513,0.844183743
6514,0.965220630169
6516,0.862785696983
6519,0.483250707388
6520,0.963418483734
6521,0.687027215958
6525,0.842401564121
6526,0.879526853561
6527,0.475333631039
6528,0.984583497047
6530,0.612435281277
6532,0.936326563358
6533,0.828379809856
6535,0.806587696075
6538,0.954176366329
6542,0.974247694016
6543,0.923034548759
6544,0.835767447948
6547,0.82183688879
6548,0.866733491421
6556,0.906402349472
6559,0.839407980442
6560,0.66146081686
6561,0.59083455801
6563,0.435409396887
6568,0.603322803974
6571,0.765036702156
6572,0.93482029438
6573,0.944650828838
6576,0.729798913002
6580,0.92722260952
6587,0.637317359447
6588,0.947090744972
6600,0.936018705368
6602,0.982783436775
6605,0.436148762703
6608,0.936135053635
6609,0.959516644478
6610,0.723576545715
6611,0.987558722496
6614,0.502458810806
6615,0.718250393867
6616,0.875114142895
6617,0.962710618973
6619,0.916497409344
6621,0.359403073788
6622,0.729203224182
6624,0.755240619183
6630,0.937810599804
6632,0.887735724449
6633,0.962923943996
6634,0.808823227882
6635,0.732857644558
6638,0.209113940597
6639,0.846233665943
6643,0.687258541584
6646,0.913587391376
6647,0.886880993843
6649,0.930493474007
6651,0.857731223106
6653,0.460949718952
6655,0.959863305092
6656,0.612642407417
6660,0.907069444656
6662,0.940993845463
6664,0.986015081406
6665,0.758371651173
6667,0.922731280327
6671,0.875303328037
6672,0.943267405033
6675,0.810609221458
6680,0.767844974995
6681,0.538138151169
6683,0.96659219265
6684,0.951248407364
6686,0.513732492924
6687,0.733813047409
6689,0.693973839283
6694,0.932579517365
6695,0.701992452145
6696,0.0695333331823
6698,0.946301102638
6699,0.966361939907
6702,0.610923051834
6703,0.538945376873
6704,0.162268996239
6705,0.838130474091
6708,0.881220936775
6709,0.838802158833
6710,0.809791922569
6711,0.921518623829
6713,0.667077422142
6715,0.546453893185
6716,0.955357134342
6717,0.206791013479
6718,0.760648608208
6720,0.939036786556
6722,0.701182901859
6725,0.733158051968
6726,0.985695064068
6730,0.86203366518
6731,0.704218327999
6733,0.755188703537
6734,0.785619676113
6736,0.971935153008
6737,0.912589371204
6741,0.96539080143
6744,0.814283072948
6746,0.663283884525
6747,0.920192599297
6751,0.780313253403
6753,0.918285310268
6755,0.179159760475
6756,0.71711987257
6757,0.761708259583
6762,0.123087674379
6764,0.743160545826
6766,0.0786241889
6768,0.606283426285
6769,0.470508635044
6771,0.775092959404
6775,0.676115870476
6777,0.788610756397
6780,0.88435202837
6783,0.619710385799
6785,0.602895021439
6786,0.863442957401
6789,0.695534944534
6791,0.918123483658
6792,0.985588490963
6793,0.818412065506
6794,0.778922557831
6798,0.904689908028
6800,0.234756797552
6801,0.823143303394
6802,0.525409698486
6804,0.903800308704
6806,0.965077519417
6807,0.803506791592
6810,0.573742449284
6811,0.930653810501
6812,0.9784938097
6814,0.64226013422
6820,0.974677562714
6822,0.811210274696
6825,0.361205756664
6826,0.812583863735
6827,0.806858539581
6830,0.920177340508
6831,0.874072551727
6832,0.727063059807
6833,0.559786200523
6834,0.82584220171
6836,0.536706030369
6838,0.681001901627
6839,0.843434512615
6840,0.722374379635
6841,0.81831485033
6842,0.977812349796
6843,0.46043291688
6844,0.966145455837
6846,0.887949705124
6847,0.864638090134
6848,0.903062283993
6849,0.944974005222
6851,0.762982606888
6854,0.88822644949
6855,0.273697853088
6858,0.949293971062
6859,0.759567439556
6862,0.367339849472
6864,0.156906291842
6866,0.802807986736
6867,0.679699361324
6868,0.712846875191
6869,0.843641400337
6871,0.856890201569
6872,0.952672719955
6873,0.914338350296
6874,0.821726262569
6876,0.843443155289
6877,0.948116838932
6879,0.889375150204
6882,0.855830967426
6889,0.988040626049
6892,0.883131027222
6898,0.8234795928
6899,0.880192279816
6902,0.899175405502
6906,0.57746297121
6909,0.951106727123
6916,0.851980805397
6917,0.843350708485
6918,0.624708116055
6921,0.756275475025
6923,0.970029652119
6924,0.923095285892
6925,0.87856566906
6926,0.846395671368
6928,0.756076335907
6929,0.962527275085
6930,0.368633389473
6931,0.902573823929
6932,0.847114741802
6934,0.787028491497
6937,0.705357193947
6939,0.278115451336
6943,0.776139914989
6948,0.641193151474
6949,0.922299981117
6950,0.581010580063
6952,0.99311029911
6953,0.981403946877
6957,0.860099852085
6958,0.789541006088
6959,0.690467834473
6962,0.804086923599
6963,0.820989429951
6964,0.948300540447
6965,0.78484082222
6966,0.881946623325
6968,0.980248034
6969,0.662121891975
6973,0.698690712452
6974,0.749440789223
6976,0.540406763554
6977,0.543195188046
6978,0.943132519722
6983,0.953236281872
6984,0.595104575157
6986,0.448268830776
6989,0.881336987019
6990,0.507933318615
6997,0.547492921352
6999,0.788703382015
7001,0.977659404278
7002,0.882034540176
7005,0.808272480965
7008,0.665117383003
7009,0.72453302145
7010,0.979204833508
7011,0.974756121635
7013,0.505988001823
7016,0.516042113304
7021,0.823005974293
7022,0.0774790346622
7024,0.918457746506
7025,0.789071500301
7031,0.83236426115
7033,0.971491873264
7035,0.833911120892
7036,0.752956569195
7039,0.975703179836
7041,0.735728502274
7043,0.669589698315
7048,0.813095927238
7049,0.782845377922
7051,0.674792826176
7053,0.92701369524
7054,0.956234931946
7055,0.215594813228
7056,0.888888776302
7057,0.788742244244
7058,0.868775963783
7059,0.797723352909
7062,0.964890360832
7063,0.739510118961
7066,0.945111751556
7067,0.706882536411
7070,0.794637203217
7072,0.654377400875
7073,0.975618958473
7074,0.398273617029
7075,0.784038186073
7080,0.925691366196
7082,0.61691737175
7086,0.683796644211
7090,0.836640357971
7092,0.485722482204
7094,0.556648910046
7096,0.767668306828
7098,0.840086579323
7099,0.762355864048
7102,0.878199636936
7103,0.927464842796
7106,0.922182261944
7108,0.502633154392
7110,0.476794928312
7111,0.973093509674
7112,0.870537042618
7115,0.713782727718
7117,0.953776776791
7118,0.362842738628
7120,0.590549349785
7121,0.831798732281
7128,0.965444028378
7129,0.880678892136
7130,0.948040783405
7133,0.898118972778
7135,0.69508844614
7136,0.954819977283
7138,0.546164929867
7139,0.739470243454
7142,0.890919804573
7143,0.925255715847
7144,0.988081693649
7145,0.962775945663
7146,0.874728143215
7155,0.703971624374
7156,0.860590696335
7158,0.791043639183
7160,0.381703972816
7163,0.827148139477
7170,0.378200829029
7173,0.718591630459
7174,0.980631232262
7176,0.595556557178
7177,0.976033210754
7178,0.650577068329
7183,0.897141456604
7185,0.704825878143
7186,0.981831014156
7187,0.913239479065
7189,0.349813610315
7191,0.868167459965
7193,0.747419834137
7196,0.869295060635
7197,0.854416012764
7198,0.797355949879
7201,0.939247250557
7202,0.788834869862
7204,0.573754012585
7209,0.55482429266
7212,0.828695833683
7213,0.498065590858
7214,0.756517231464
7219,0.636431396008
7220,0.76636749506
7223,0.972022533417
7224,0.711876749992
7225,0.747916936874
7226,0.629774332047
7227,0.491587489843
7228,0.879963815212
7232,0.429246276617
7233,0.943060100079
7234,0.566095173359
7238,0.642443776131
7239,0.745705068111
7245,0.952906012535
7246,0.932259917259
7247,0.944785952568
7249,0.847988009453
7250,0.944429934025
7253,0.945313692093
7256,0.797516047955
7257,0.554488301277
7258,0.630934715271
7259,0.860277593136
7261,0.77216476202
7263,0.903390228748
7269,0.963238477707
7270,0.922211587429
7271,0.741184949875
7273,0.892527103424
7277,0.846717000008
7279,0.927357316017
7280,0.400286465883
7281,0.487239181995
7284,0.530062377453
7289,0.53373670578
7290,0.48560488224
7291,0.892521500587
7294,0.693470597267
7296,0.720439970493
7297,0.985427796841
7299,0.947748363018
7300,0.87844067812
7301,0.706572890282
7304,0.942178368568
7306,0.938083052635
7308,0.896861195564
7311,0.987815141678
7312,0.472817033529
7313,0.476559072733
7317,0.60746306181
7318,0.956383526325
7319,0.204156592488
7320,0.634552836418
7322,0.697921574116
7323,0.983290433884
7329,0.477643042803
7330,0.972077727318
7331,0.928265094757
7333,0.751913428307
7336,0.883388876915
7337,0.914511799812
7338,0.800223350525
7339,0.977186560631
7340,0.965440154076
7341,0.562466800213
7343,0.891662299633
7344,0.739954590797
7347,0.663529276848
7351,0.937270879745
7355,0.952286839485
7359,0.750392973423
7360,0.621527731419
7361,0.917458176613
7363,0.510661363602
7364,0.732342898846
7365,0.977353096008
7366,0.818150639534
7367,0.763958513737
7368,0.981078505516
7371,0.84057945013
7372,0.858333647251
7373,0.754047811031
7377,0.935411989689
7379,0.922110795975
7380,0.745597422123
7381,0.803344488144
7382,0.874442815781
7383,0.328070938587
7385,0.696696400642
7386,0.744528234005
7387,0.947117865086
7388,0.634852647781
7394,0.558461368084
7395,0.862798213959
7397,0.944120943546
7398,0.782552480698
7401,0.673716783524
7402,0.683327913284
7407,0.962803125381
7408,0.629915952682
7409,0.856940448284
7410,0.991859376431
7411,0.711971998215
7414,0.720029950142
7415,0.762334644794
7419,0.523285448551
7420,0.835933923721
7422,0.619921803474
7423,0.702923297882
7424,0.882648527622
7425,0.682534039021
7427,0.915776193142
7428,0.863697111607
7429,0.477917850018
7432,0.825740635395
7433,0.209632396698
7434,0.838188052177
7436,0.851996183395
7437,0.354023963213
7438,0.738237082958
7443,0.938646733761
7446,0.626931190491
7448,0.668470621109
7451,0.901136159897
7452,0.91663146019
7455,0.805977225304
7456,0.683168590069
7457,0.713959574699
7459,0.847110569477
7460,0.565036058426
7461,0.774270534515
7463,0.471153378487
7464,0.97907525301
7465,0.979953527451
7467,0.41388168931
7468,0.480563938618
7470,0.526805996895
7472,0.593932628632
7473,0.971700310707
7474,0.852827727795
7477,0.964903771877
7480,0.974682748318
7481,0.595494329929
7486,0.966938138008
7487,0.72485858202
7488,0.780135273933
7492,0.913482248783
7496,0.803716421127
7498,0.894865393639
7499,0.744248628616
7505,0.800051808357
7508,0.661881625652
7513,0.208087950945
7514,0.988489925861
7516,0.895110547543
7518,0.57558041811
7520,0.338758021593
7525,0.831202507019
7526,0.88130480051
7527,0.963634371758
7528,0.700741767883
7530,0.874876558781
7531,0.970694422722
7533,0.855820596218
7534,0.788960695267
7536,0.435444205999
7538,0.98365342617
7542,0.377947598696
7543,0.972478926182
7544,0.95594394207
7546,0.761402845383
7547,0.611655235291
7549,0.973234713078
7551,0.927768886089
7552,0.747508049011
7553,0.757291376591
7555,0.965292513371
7561,0.8444622159
7562,0.635700881481
7563,0.459022670984
7564,0.902527630329
7566,0.887661516666
7569,0.995583593845
7570,0.549829781055
7575,0.908194065094
7578,0.394885808229
7580,0.380809128284
7582,0.458649724722
7587,0.631561934948
7588,0.72470754385
7593,0.808835208416
7598,0.398012787104
7601,0.583677649498
7602,0.56304693222
7603,0.905675768852
7604,0.961103320122
7607,0.718312144279
7608,0.839681863785
7615,0.715748548508
7617,0.95221298933
7619,0.850643634796
7620,0.928509831429
7621,0.91171681881
7624,0.893545031548
7625,0.80117815733
7626,0.593907773495
7627,0.605441987514
7631,0.956291377544
7632,0.666123747826
7633,0.880788326263
7635,0.720293998718
7639,0.440351486206
7640,0.8880417943
7644,0.898273706436
7646,0.971815764904
7648,0.885240972042
7649,0.98793643713
7650,0.853024184704
7652,0.710165143013
7653,0.928691267967
7654,0.744108021259
7655,0.634964823723
7656,0.971266686916
7658,0.938628673553
7659,0.874237716198
7660,0.960403501987
7661,0.89259570837
7662,0.630842924118
7664,0.844193994999
7666,0.432216972113
7667,0.712339580059
7668,0.95153772831
7669,0.862307965755
7670,0.890675425529
7671,0.955936312675
7672,0.546368896961
7676,0.980830848217
7679,0.705790817738
7681,0.714413046837
7684,0.682227611542
7688,0.697246134281
7689,0.581708550453
7692,0.857602059841
7695,0.672243654728
7697,0.939284801483
7699,0.754956364632
7701,0.671265125275
7702,0.773018717766
7703,0.740878522396
7704,0.940967857838
7705,0.698712229729
7709,0.962668120861
7710,0.693179905415
7711,0.909569442272
7712,0.866666913033
7713,0.992480754852
7714,0.730139017105
7715,0.703399658203
7716,0.618520915508
7717,0.89420157671
7719,0.897585988045
7720,0.772603690624
7721,0.783287644386
7722,0.798262119293
7729,0.951589643955
7730,0.983208954334
7732,0.564062058926
7734,0.451754748821
7735,0.896341204643
7737,0.805093407631
7739,0.706778824329
7741,0.941922128201
7743,0.892854690552
7744,0.484338998795
7745,0.679958641529
7746,0.813189208508
7750,0.74516916275
7753,0.96718531847
7756,0.732190728188
7759,0.664417982101
7760,0.789167165756
7761,0.744045436382
7765,0.763895869255
7766,0.777270555496
7767,0.40015488863
7770,0.745295524597
7771,0.991917431355
7772,0.742255747318
7773,0.780352473259
7774,0.805449724197
7776,0.990135848522
7781,0.5140594244
7785,0.983142137527
7788,0.743919909
7789,0.531532585621
7790,0.914515733719
7791,0.964133799076
7795,0.705831706524
7796,0.986713707447
7800,0.77019238472
7801,0.510324776173
7803,0.914940476418
7804,0.978592693806
7807,0.936162769794
7809,0.849387764931
7810,0.812194049358
7811,0.942406713963
7812,0.973924696445
7819,0.742363631725
7820,0.899149596691
7822,0.348783284426
7823,0.378762543201
7825,0.654042065144
7829,0.980683267117
7830,0.564991116524
7832,0.602210223675
7833,0.879424452782
7834,0.711546897888
7837,0.804318249226
7842,0.949411094189
7845,0.729873895645
7851,0.301523387432
7852,0.700054764748
7853,0.506129026413
7855,0.839484930038
7856,0.648025035858
7858,0.91021490097
7860,0.69333511591
7861,0.891859829426
7862,0.914502680302
7863,0.392423570156
7866,0.906637370586
7872,0.668385982513
7873,0.923760056496
7874,0.884826779366
7875,0.85894370079
7877,0.309820413589
7880,0.85714250803
7882,0.861797213554
7887,0.893933475018
7891,0.804952323437
7895,0.80025857687
7897,0.3658464849
7898,0.723196744919
7899,0.883941471577
7900,0.30131071806
7902,0.643639206886
7908,0.969389379025
7912,0.479944705963
7913,0.919207811356
7915,0.735277593136
7919,0.979331731796
7923,0.732666134834
7924,0.826352000237
7928,0.849347889423
7929,0.948263466358
7931,0.0639320537448
7937,0.865684807301
7941,0.790585935116
7944,0.844443678856
7945,0.730983436108
7946,0.80214202404
7947,0.866043329239
7948,0.908890545368
7949,0.746913790703
7951,0.923374593258
7955,0.867398619652
7956,0.451897233725
7957,0.712280094624
7959,0.957549571991
7960,0.849868834019
7961,0.940664052963
7963,0.858658790588
7965,0.939141988754
7966,0.199117034674
7967,0.784959197044
7971,0.195610404015
7972,0.635510802269
7974,0.751444935799
7975,0.941155254841
7976,0.948297977448
7979,0.891839802265
7980,0.902445971966
7987,0.901243031025
7988,0.750621318817
7989,0.639070034027
7991,0.950335085392
7996,0.796603679657
7998,0.796355009079
8001,0.81397819519
8004,0.927573382854
8005,0.955987989902
8006,0.835480391979
8008,0.940687179565
8012,0.960208952427
8013,0.941762983799
8014,0.855223894119
8016,0.898216307163
8020,0.723268151283
8021,0.900585889816
8022,0.95656734705
8023,0.816703498363
8024,0.803267240524
8025,0.542519807816
8026,0.692854523659
8027,0.663349270821
8028,0.281689733267
8030,0.966575026512
8033,0.46272662282
8034,0.988695323467
8036,0.883852541447
8040,0.290208548307
8041,0.889636337757
8042,0.988810300827
8044,0.803074836731
8045,0.91546690464
8047,0.780792176723
8050,0.935676693916
8051,0.4641687572
8053,0.720573484898
8054,0.850370645523
8055,0.979692220688
8056,0.71718108654
8058,0.826522409916
8059,0.622197926044
8063,0.619203686714
8067,0.806114196777
8072,0.428513258696
8074,0.926424980164
8075,0.40755340457
8077,0.670104622841
8078,0.773691534996
8079,0.926602065563
8085,0.965208411217
8086,0.757048308849
8087,0.324495345354
8088,0.433384597301
8091,0.94014698267
8093,0.756686031818
8096,0.817678034306
8098,0.919434905052
8099,0.979234576225
8100,0.952559769154
8101,0.31672847271
8105,0.621308803558
8108,0.948629140854
8109,0.833387136459
8112,0.723120689392
8113,0.972211360931
8114,0.934424579144
8115,0.851475000381
8116,0.760467946529
8122,0.608959972858
8124,0.580477356911
8126,0.937338292599
8127,0.332585573196
8128,0.948653578758
8130,0.855640411377
8131,0.442857384682
8132,0.958961606026
8137,0.985486865044
8141,0.723773300648
8142,0.363221853971
8145,0.0985687375069
8153,0.819505214691
8155,0.891660451889
8158,0.976278185844
8162,0.655538678169
8168,0.871718585491
8170,0.514919877052
8172,0.913329362869
8174,0.6886536479
8175,0.633776545525
8181,0.906663060188
8182,0.708629071712
8183,0.396445244551
8184,0.588739037514
8187,0.883936524391
8188,0.952451050282
8189,0.668921947479
8190,0.625289916992
8191,0.505867481232
8192,0.845691025257
8193,0.958846569061
8194,0.846287846565
8195,0.653125286102
8196,0.666553854942
8198,0.401760905981
8199,0.950127780437
8200,0.929405868053
8201,0.811095297337
8202,0.873645603657
8204,0.880545914173
8205,0.976900815964
8206,0.952213525772
8208,0.662065804005
8209,0.979494690895
8213,0.938347160816
8214,0.902697384357
8215,0.853849112988
8216,0.921839118004
8218,0.716580748558
8219,0.89740473032
8220,0.919710099697
8221,0.905696511269
8222,0.829970180988
8223,0.359365433455
8224,0.635214924812
8225,0.603574514389
8226,0.577934801579
8227,0.826701521873
8228,0.858178317547
8232,0.750014424324
8236,0.919474005699
8237,0.938615977764
8239,0.783837795258
8240,0.795425713062
8241,0.867667078972
8246,0.440367311239
8247,0.769437253475
8251,0.892942965031
8253,0.790966510773
8255,0.698764741421
8259,0.884765267372
8264,0.963016748428
8269,0.954847335815
8270,0.63054984808
8271,0.914393126965
8272,0.905606269836
8273,0.68805539608
8275,0.0770234242082
8276,0.932573616505
8278,0.854752182961
8279,0.893118739128
8283,0.874596476555
8285,0.953578352928
8286,0.968713343143
8287,0.596260607243
8290,0.916886687279
8291,0.835433185101
8295,0.818048000336
8298,0.900492191315
8299,0.667062580585
8300,0.282170861959
8302,0.719169020653
8303,0.910979568958
8304,0.945664346218
8307,0.870494544506
8308,0.977157056332
8311,0.682965576649
8314,0.854456484318
8315,0.923503875732
8316,0.816083014011
8317,0.95734757185
8320,0.569809138775
8322,0.758955895901
8323,0.83318400383
8324,0.558816969395
8326,0.835162699223
8327,0.635358929634
8328,0.783054292202
8329,0.734557330608
8332,0.918557107449
8335,0.723527371883
8337,0.84599339962
8340,0.429946631193
8343,0.625972032547
8344,0.823382854462
8346,0.975358963013
8348,0.926398932934
8349,0.89510679245
8355,0.894630670547
8359,0.983675777912
8360,0.578566908836
8364,0.888726711273
8365,0.848711550236
8366,0.971811294556
8367,0.860805749893
8368,0.667799174786
8371,0.779317378998
8372,0.735867977142
8374,0.832235217094
8379,0.522314071655
8385,0.988517284393
8386,0.474938869476
8387,0.877352654934
8392,0.986233592033
8393,0.968526422977
8394,0.875908374786
8396,0.873026907444
8399,0.928451061249
8401,0.671088695526
8402,0.756657123566
8403,0.858255922794
8405,0.965981125832
8406,0.717775285244
8407,0.770390927792
8408,0.828614234924
8411,0.70477437973
8412,0.734479427338
8414,0.442050516605
8415,0.554985404015
8416,0.579530060291
8422,0.897671282291
8424,0.963746011257
8426,0.711590230465
8427,0.826392114162
8428,0.932140648365
8429,0.859167814255
8430,0.836093723774
8431,0.826511502266
8434,0.672403752804
8435,0.601765275002
8440,0.666431605816
8441,0.29519572854
8442,0.969990611076
8444,0.941012084484
8445,0.843165099621
8446,0.373117297888
8447,0.919244289398
8449,0.76083445549
8450,0.410776436329
8451,0.441984295845
8454,0.692692756653
8455,0.980611860752
8458,0.842848002911
8462,0.934467792511
8463,0.885825872421
8466,0.857171714306
8469,0.575799107552
8470,0.884692311287
8473,0.347145110369
8474,0.988696217537
8476,0.678728103638
8477,0.977968633175
8479,0.914341211319
8481,0.829558491707
8482,0.960229277611
8484,0.940721750259
8485,0.850622117519
8487,0.743082582951
8489,0.432659208775
8491,0.672986268997
8492,0.779085338116
8494,0.927482366562
8495,0.452949881554
8496,0.301207125187
8497,0.75478208065
8498,0.693985641003
8500,0.950831353664
8504,0.967454910278
8505,0.601405441761
8506,0.720665037632
8507,0.765026271343
8508,0.909682393074
8509,0.930562019348
8510,0.106793642044
8512,0.76569467783
8514,0.857632994652
8515,0.754363238811
8517,0.976604878902
8518,0.50040346384
8519,0.855715155602
8520,0.985178768635
8522,0.465900838375
8524,0.81694239378
8529,0.77693092823
8530,0.971023738384
8536,0.653079867363
8538,0.907550990582
8544,0.949108362198
8546,0.78110396862
8548,0.811471700668
8549,0.825807571411
8552,0.729568660259
8553,0.835473120213
8554,0.649918079376
8556,0.623551487923
8561,0.840080678463
8564,0.780451655388
8565,0.967337787151
8566,0.745158553123
8567,0.691923618317
8568,0.920038342476
8570,0.942139029503
8573,0.378756225109
8575,0.74630522728
8577,0.7927044034
8578,0.92632484436
8581,0.879485666752
8584,0.820900261402
8586,0.710688054562
8588,0.55872875452
8589,0.719841837883
8590,0.822804987431
8591,0.892925739288
8594,0.666422426701
8595,0.851859390736
8596,0.886284351349
8597,0.964080393314
8599,0.511973798275
8600,0.488974034786
8601,0.794768095016
8602,0.694533407688
8603,0.578914701939
8604,0.928289115429
8605,0.85764837265
8609,0.640186011791
8614,0.942743837833
8618,0.994238376617
8619,0.900520920753
8620,0.831903576851
8622,0.970310866833
8624,0.76127165556
8625,0.711222529411
8626,0.788107037544
8627,0.475845932961
8629,0.92319715023
8631,0.822247862816
8633,0.871185421944
8638,0.555748641491
8640,0.90985417366
8641,0.825023889542
8642,0.774759829044
8643,0.87626349926
8644,0.631219089031
8645,0.863041043282
8651,0.720922470093
8652,0.791978299618
8654,0.980305552483
8655,0.899690389633
8657,0.623773038387
8658,0.961257636547
8659,0.855919182301
8661,0.62968146801
8664,0.820648252964
8665,0.431766301394
8667,0.7472910285
8668,0.890644550323
8671,0.850120723248
8672,0.362380802631
8675,0.730139136314
8676,0.88172274828
8678,0.750834524632
8685,0.769945800304
8687,0.874344110489
8688,0.924679160118
8690,0.942871272564
8694,0.246908485889
8697,0.834317028522
8698,0.919035851955
8702,0.802272737026
8703,0.764546573162
8704,0.867999911308
8705,0.923208653927
8710,0.776825129986
8711,0.675298631191
8712,0.580049514771
8714,0.717898190022
8717,0.908624231815
8719,0.984758615494
8720,0.889192461967
8722,0.70061892271
8723,0.887332975864
8727,0.665329217911
8730,0.963297128677
8731,0.769863367081
8738,0.59383481741
8740,0.63123190403
8744,0.955799221992
8746,0.900075554848
8748,0.582760989666
8750,0.180960610509
8751,0.875453650951
8752,0.897504746914
8754,0.918104827404
8755,0.603744745255
8758,0.595302343369
8759,0.506853163242
8760,0.821282327175
8761,0.787566900253
8762,0.297490030527
8764,0.680568218231
8766,0.978211522102
8767,0.432342380285
8769,0.856113433838
8770,0.140139758587
8772,0.417975753546
8775,0.78284996748
8776,0.947196722031
8779,0.36578348279
8784,0.884191334248
8785,0.939691483974
8786,0.713980853558
8787,0.921092152596
8788,0.541754364967
8790,0.873121380806
8792,0.346101284027
8793,0.90347546339
8794,0.830743610859
8795,0.724672734737
8796,0.92494148016
8799,0.715227127075
8800,0.944824576378
8803,0.719843268394
8804,0.244535595179
8808,0.905652403831
8810,0.899823963642
8811,0.508994221687
8819,0.96498721838
8820,0.657383322716
8822,0.932839214802
8824,0.712608933449
8830,0.692172825336
8831,0.954980194569
8840,0.8908239007
8842,0.971877634525
8844,0.60751503706
8845,0.801276803017
8848,0.745454668999
8849,0.522391080856
8850,0.849454700947
8851,0.662508249283
8854,0.902087509632
8855,0.928926765919
8856,0.875855565071
8857,0.926669418812
8859,0.747735261917
8860,0.978161692619
8861,0.300155580044
8864,0.581861913204
8866,0.782637953758
8869,0.923231184483
8870,0.69016200304
8872,0.835252523422
8873,0.945153295994
8874,0.747667849064
8876,0.38624176383
8877,0.821255862713
8878,0.970541775227
8879,0.937971234322
8883,0.857031941414
8884,0.911281108856
8886,0.705656290054
8888,0.895477473736
8889,0.85140144825
8892,0.950092196465
8893,0.946713626385
8895,0.976402401924
8897,0.795368373394
8899,0.486125439405
8900,0.810477614403
8901,0.733073830605
8903,0.128539025784
8907,0.667131125927
8911,0.771152257919
8912,0.974176645279
8913,0.708506524563
8917,0.921949863434
8919,0.462608933449
8922,0.935936510563
8924,0.0674895942211
8925,0.720282435417
8930,0.54334294796
8931,0.73279184103
8932,0.955704152584
8933,0.400503873825
8934,0.942717850208
8936,0.804157137871
8939,0.773286044598
8940,0.594282031059
8941,0.751222074032
8942,0.95744997263
8945,0.913423478603
8947,0.86848461628
8952,0.670860588551
8953,0.959646165371
8955,0.925715386868
8957,0.935454130173
8963,0.703914582729
8966,0.670132577419
8968,0.774456381798
8969,0.477421224117
8970,0.690162658691
8976,0.657536327839
8978,0.836290121078
8980,0.789918124676
8983,0.617975413799
8986,0.887677073479
8988,0.792730867863
8989,0.929276227951
8990,0.986111521721
8993,0.993499159813
8996,0.524683177471
8998,0.780782818794
8999,0.399700343609
9001,0.898860454559
9003,0.921192169189
9005,0.979875445366
9007,0.866494596004
9008,0.863923311234
9011,0.602227687836
9012,0.831652700901
9013,0.628015398979
9015,0.455088585615
9016,0.884670853615
9018,0.919941067696
9021,0.660528302193
9023,0.752429664135
9025,0.913489103317
9027,0.690776050091
9029,0.94950479269
9032,0.926599264145
9034,0.510807096958
9035,0.7513859272
9036,0.324290752411
9037,0.957201659679
9038,0.788091123104
9040,0.975268721581
9041,0.955431818962
9043,0.775137364864
9046,0.675013363361
9047,0.875346899033
9052,0.165132626891
9053,0.580790102482
9056,0.731852471828
9058,0.924621999264
9060,0.783210039139
9061,0.816891491413
9062,0.631899416447
9063,0.307767450809
9064,0.793171048164
9066,0.896854758263
9067,0.867060124874
9069,0.644710898399
9070,0.979987084866
9071,0.941880702972
9073,0.900908708572
9075,0.839788913727
9077,0.963341891766
9078,0.872770667076
9079,0.685851037502
9080,0.799849748611
9081,0.780444502831
9082,0.980622649193
9083,0.954166471958
9084,0.522913813591
9089,0.611817240715
9090,0.950461506844
9091,0.584188997746
9092,0.683129608631
9100,0.869981765747
9101,0.337026923895
9103,0.988615810871
9104,0.56096303463
9105,0.891428828239
9106,0.959875881672
9107,0.616503953934
9108,0.752973616123
9111,0.666861474514
9113,0.957483768463
9116,0.604263782501
9117,0.824476957321
9121,0.839616477489
9122,0.42015221715
9123,0.880434751511
9124,0.909922778606
9125,0.864461064339
9126,0.828813374043
9127,0.672269463539
9128,0.921970963478
9131,0.920773267746
9132,0.688784241676
9133,0.988738179207
9135,0.731797099113
9136,0.529458343983
9138,0.840269684792
9142,0.459086716175
9148,0.767984926701
9149,0.980397582054
9150,0.717178821564
9151,0.665549993515
9153,0.9865899086
9154,0.979371190071
9159,0.63652920723
9160,0.735594511032
9161,0.67901802063
9162,0.621413111687
9163,0.952026069164
9165,0.896471858025
9166,0.58911973238
9170,0.695184767246
9171,0.689795792103
9172,0.71882802248
9175,0.67616468668
9176,0.961721837521
9180,0.88547962904
9183,0.790932476521
9185,0.429008483887
9187,0.954512178898
9189,0.862594664097
9191,0.82326489687
9193,0.51391941309
9194,0.757244110107
9196,0.82623052597
9199,0.931340157986
9201,0.477469712496
9202,0.612399876118
9203,0.773995578289
9206,0.746939718723
9208,0.529679834843
9210,0.530519604683
9211,0.900644004345
9213,0.597746133804
9217,0.656684339046
9219,0.495121449232
9221,0.961811006069
9225,0.896951913834
9226,0.981867551804
9229,0.97707682848
9232,0.965281367302
9233,0.888051569462
9234,0.895993828773
9235,0.0790297165513
9236,0.557348668575
9237,0.689540982246
9240,0.0513366125524
9241,0.943449139595
9242,0.857714891434
9244,0.900772929192
9245,0.597351670265
9248,0.778523027897
9250,0.966868281364
9255,0.909305691719
9259,0.826582014561
9260,0.760015726089
9261,0.939631819725
9263,0.779736161232
9264,0.932378351688
9266,0.992197334766
9267,0.961202979088
9268,0.978692114353
9270,0.0841531828046
9271,0.637613594532
9272,0.870211720467
9273,0.73284304142
9276,0.653411388397
9279,0.763791203499
9280,0.879464805126
9281,0.832776427269
9283,0.64840567112
9284,0.835591971874
9285,0.683469355106
9287,0.621055543423
9289,0.772204220295
9290,0.658162355423
9291,0.928047657013
9293,0.806903719902
9294,0.24078540504
9295,0.937350571156
9296,0.859885156155
9300,0.493235737085
9306,0.940290391445
9311,0.909337341785
9313,0.876682341099
9320,0.86064940691
9322,0.471083581448
9324,0.62978297472
9325,0.798633933067
9326,0.969334840775
9327,0.876759707928
9328,0.801984667778
9329,0.853667497635
9331,0.542474389076
9334,0.976597249508
9340,0.514918327332
9342,0.729860067368
9343,0.732079267502
9344,0.576493620872
9346,0.715594112873
9347,0.809194743633
9349,0.437938660383
9351,0.908355534077
9354,0.799023032188
9360,0.772982060909
9361,0.792883694172
9362,0.979058802128
9363,0.946734070778
9365,0.522267460823
9366,0.992610156536
9367,0.645864367485
9368,0.752621531487
9370,0.974670946598
9372,0.922784030437
9373,0.969128668308
9374,0.691634714603
9378,0.335360556841
9379,0.757278859615
9382,0.941428363323
9384,0.367669463158
9385,0.6625867486
9387,0.863028645515
9391,0.884350478649
9393,0.965990543365
9395,0.436476022005
9396,0.82064718008
9401,0.971052706242
9402,0.982558071613
9403,0.826263606548
9406,0.878863155842
9407,0.986779987812
9409,0.467729300261
9411,0.952437222004
9412,0.83294904232
9413,0.912945985794
9416,0.669970214367
9421,0.845924973488
9422,0.834211885929
9424,0.924802601337
9425,0.537602722645
9429,0.970686674118
9431,0.975193321705
9432,0.965152561665
9435,0.878294467926
9436,0.98011803627
9440,0.871520519257
9441,0.827990531921
9442,0.874824821949
9444,0.539056181908
9445,0.835062623024
9446,0.76803457737
9447,0.482742667198
9449,0.992979705334
9452,0.995015084743
9453,0.883116424084
9456,0.900772690773
9457,0.907441973686
9459,0.491002112627
9460,0.850971221924
9464,0.768415689468
9465,0.937277913094
9468,0.65134626627
9469,0.839347183704
9472,0.918095767498
9474,0.820246040821
9476,0.845176100731
9478,0.915180146694
9479,0.945909976959
9480,0.919997811317
9482,0.838218986988
9485,0.623599410057
9486,0.84512758255
9487,0.735163807869
9491,0.576815068722
9494,0.901946365833
9495,0.981389701366
9496,0.71289986372
9497,0.772432982922
9499,0.825143396854
9500,0.513362109661
9501,0.874844193459
9502,0.732717931271
9505,0.790798246861
9506,0.600569844246
9507,0.828226029873
9509,0.90032017231
9512,0.9705529809
9513,0.948167562485
9514,0.475469321012
9516,0.698456764221
9519,0.823572576046
9520,0.663178682327
9523,0.780496358871
9525,0.786375820637
9527,0.929525792599
9528,0.970509529114
9529,0.609373092651
9531,0.948086082935
9534,0.376125067472
9537,0.995261490345
9539,0.432754397392
9540,0.541149735451
9541,0.927779078484
9542,0.450575381517
9545,0.936314463615
9546,0.883135557175
9547,0.778902947903
9548,0.257669687271
9549,0.837296903133
9550,0.188758611679
9551,0.942820191383
9552,0.973070144653
9559,0.582294523716
9560,0.598961353302
9562,0.0516759753227
9564,0.631921172142
9565,0.975241959095
9567,0.740655183792
9569,0.691856741905
9571,0.806958198547
9573,0.963004052639
9574,0.772558450699
9575,0.684525549412
9577,0.855411469936
9580,0.983460128307
9582,0.500010609627
9584,0.881623148918
9585,0.942974865437
9588,0.792261362076
9590,0.926755607128
9594,0.713707566261
9596,0.863107025623
9597,0.0699142739177
9599,0.956945061684
9600,0.870182693005
9606,0.987175166607
9609,0.956157207489
9610,0.898263216019
9611,0.816480576992
9612,0.960236847401
9613,0.765594601631
9616,0.880547225475
9619,0.645131766796
9620,0.978264451027
9621,0.925296127796
9626,0.807667136192
9628,0.655339956284
9629,0.65478938818
9630,0.912755846977
9631,0.863435387611
9632,0.601029932499
9634,0.805308103561
9635,0.741355895996
9636,0.960801064968
9638,0.942116141319
9640,0.533461153507
9644,0.841504991055
9647,0.76381033659
9649,0.986650705338
9650,0.419363379478
9655,0.882661640644
9659,0.685694396496
9660,0.840458989143
9661,0.8250182271
9662,0.38151589036
9667,0.441963225603
9669,0.593330562115
9671,0.765848636627
9672,0.896388292313
9673,0.155124247074
9674,0.970543563366
9678,0.805582523346
9679,0.875769674778
9680,0.406612068415
9681,0.956279158592
9682,0.714587390423
9685,0.738346457481
9688,0.968630671501
9689,0.987848162651
9691,0.477874666452
9697,0.9368095994
9698,0.614471971989
9700,0.703032791615
9702,0.919776856899
9703,0.81732326746
9704,0.920028686523
9705,0.618522703648
9706,0.833172619343
9709,0.880289912224
9712,0.608891844749
9714,0.785588681698
9716,0.822200477123
9717,0.865640342236
9720,0.872803330421
9721,0.674255430698
9727,0.676697671413
9729,0.872689902782
9730,0.831989645958
9732,0.990271866322
9734,0.966546177864
9737,0.720348775387
9738,0.773847043514
9739,0.909173429012
9745,0.808560609818
9746,0.726305782795
9747,0.465160816908
9750,0.912603855133
9752,0.778698265553
9754,0.986374258995
9755,0.818079352379
9756,0.946761369705
9759,0.865173578262
9765,0.78684091568
9766,0.976683080196
9768,0.729338645935
9770,0.885302066803
9775,0.407075494528
9777,0.93123793602
9778,0.690467596054
9783,0.661054432392
9785,0.981191456318
9787,0.888420820236
9788,0.598250806332
9789,0.840906500816
9792,0.971748590469
9795,0.77697879076
9798,0.586019814014
9802,0.764814913273
9803,0.688491404057
9805,0.927598893642
9806,0.915278494358
9809,0.861498951912
9810,0.506460607052
9811,0.990900874138
9812,0.87523072958
9814,0.85446190834
9817,0.397985160351
9819,0.460100740194
9820,0.658254384995
9822,0.903405725956
9824,0.91239720583
9827,0.696734428406
9829,0.58300703764
9830,0.867758750916
9831,0.951013326645
9832,0.934788942337
9838,0.70350921154
9839,0.970744252205
9840,0.922602891922
9841,0.941889762878
9843,0.745323717594
9847,0.967155516148
9848,0.775417089462
9850,0.95795249939
9854,0.523618996143
9856,0.842131912708
9857,0.915962398052
9858,0.806345582008
9861,0.946371853352
9864,0.372981637716
9870,0.65512919426
9873,0.984540641308
9876,0.971074223518
9878,0.419260770082
9879,0.990566551685
9880,0.806457400322
9882,0.607621312141
9883,0.825619935989
9889,0.948893964291
9893,0.792789876461
9894,0.945832252502
9895,0.643962919712
9896,0.693482220173
9898,0.818057537079
9902,0.675291955471
9903,0.627695977688
9904,0.692528307438
9905,0.877266287804
9906,0.967417180538
9909,0.919117569923
9910,0.962478995323
9911,0.701012194157
9914,0.982454001904
9916,0.835243284702
9917,0.843342244625
9919,0.945218086243
9920,0.754027545452
9922,0.800335884094
9923,0.696134388447
9924,0.66688144207
9925,0.611734747887
9927,0.187684997916
9928,0.545882940292
9929,0.691288769245
9935,0.986094236374
9939,0.575313389301
9940,0.63213300705
9943,0.898079991341
9949,0.402963548899
9953,0.320471823215
9955,0.802473604679
9956,0.719380497932
9957,0.660165667534
9959,0.516466021538
9961,0.427445828915
9963,0.850316882133
9964,0.827797532082
9965,0.856526076794
9966,0.940243303776
9968,0.921101212502
9969,0.96065568924
9971,0.710680484772
9976,0.925914525986
9977,0.933726489544
9978,0.269838154316
9979,0.586093783379
9985,0.872404694557
9987,0.987506985664
9988,0.690599918365
9989,0.770893633366
9990,0.70966386795
9991,0.576119542122
9993,0.432543754578
9994,0.975588560104
9995,0.957905650139
9996,0.818531513214
9997,0.636382043362
10005,0.763185441494
10007,0.936940908432
10008,0.766237139702
10010,0.613048195839
10011,0.770774006844
10013,0.697909355164
10015,0.619389712811
10019,0.655026733875
10023,0.895197629929
10025,0.951275169849
10026,0.878924489021
10027,0.895851969719
10030,0.969012200832
10031,0.824208855629
10032,0.869710206985
10033,0.950191736221
10034,0.753745377064
10035,0.686042249203
10036,0.723326146603
10039,0.964582324028
10041,0.777297079563
10042,0.336917370558
10051,0.908365249634
10052,0.678161323071
10053,0.683909952641
10054,0.770010888577
10058,0.280335009098
10063,0.961333990097
10064,0.771119892597
10065,0.873386025429
10069,0.760630965233
10070,0.891450703144
10071,0.707153379917
10072,0.974504888058
10073,0.862475275993
10076,0.873540997505
10078,0.508267045021
10079,0.949444591999
10081,0.670392274857
10082,0.859564721584
10083,0.164120450616
10084,0.910205900669
10087,0.762216925621
10088,0.646650016308
10091,0.629690766335
10093,0.581089913845
10094,0.977677166462
10095,0.93313151598
10103,0.690807700157
10104,0.915705800056
10105,0.946853518486
10107,0.896606743336
10110,0.94109159708
10114,0.460503190756
10117,0.723767757416
10120,0.487095355988
10121,0.921346962452
10123,0.692754387856
10124,0.599586963654
10125,0.987140357494
10126,0.961858987808
10128,0.65660327673
10129,0.867973566055
10131,0.515582859516
10133,0.979721665382
10135,0.594797730446
10136,0.965114116669
10137,0.910223484039
10138,0.417888313532
10139,0.926473736763
10141,0.494129538536
10142,0.327932775021
10145,0.952740967274
10148,0.573401629925
10149,0.893606424332
10151,0.144112363458
10155,0.750612616539
10156,0.738979995251
10157,0.682438731194
10158,0.960261583328
10159,0.838422060013
10161,0.852399110794
10162,0.843371152878
10168,0.977590441704
10169,0.880969285965
10171,0.813340246677
10173,0.930377662182
10175,0.965055942535
10176,0.747061908245
10177,0.949934005737
10179,0.954767584801
10180,0.374691486359
10181,0.764284193516
10182,0.926469326019
10185,0.787680923939
10189,0.840747117996
10190,0.931651711464
10195,0.985089659691
10198,0.850621163845
10199,0.948547005653
10203,0.981254935265
10206,0.653918921947
10207,0.923635780811
10208,0.200399324298
10213,0.608349144459
10215,0.790035128593
10219,0.929434776306
10221,0.837218165398
10222,0.622756183147
10224,0.845534086227
10233,0.593055129051
10235,0.546290576458
10236,0.94641828537
10237,0.80171251297
10238,0.859609186649
10240,0.424265056849
10241,0.938317596912
10242,0.501016139984
10244,0.957148790359
10245,0.712624490261
10246,0.41967061162
10247,0.850656509399
10249,0.685120284557
10251,0.987034380436
10256,0.632913529873
10257,0.84683406353
10259,0.935926198959
10261,0.81220459938
10262,0.92270052433
10263,0.717695534229
10266,0.937231183052
10267,0.987793624401
10268,0.952818214893
10270,0.941850662231
10272,0.908740997314
10276,0.767963349819
10278,0.499059587717
10280,0.89115613699
10282,0.763091921806
10283,0.821649551392
10284,0.752113163471
10289,0.637344002724
10290,0.690504312515
10291,0.944037437439
10292,0.933845102787
10295,0.984345018864
10299,0.931619107723
10300,0.604836046696
10304,0.814590036869
10308,0.880388081074
10309,0.912386357784
10310,0.663963019848
10312,0.914433419704
10315,0.956931531429
10318,0.810727596283
10320,0.684750378132
10323,0.845080852509
10324,0.856106281281
10326,0.306867718697
10327,0.814335465431
10330,0.828407347202
10332,0.847188651562
10333,0.866042792797
10339,0.982928991318
10344,0.858025491238
10346,0.482125848532
10347,0.952757120132
10348,0.718997657299
10350,0.0873193517327
10353,0.658513784409
10354,0.966759979725
10355,0.986061096191
10356,0.911611020565
10357,0.754677534103
10361,0.971823990345
10362,0.510232925415
10367,0.893976807594
10368,0.980661034584
10370,0.625579178333
10372,0.959569692612
10373,0.767962753773
10376,0.656334936619
10379,0.818565666676
10380,0.787091016769
10381,0.555423796177
10382,0.774660229683
10387,0.602564632893
10388,0.978520393372
10389,0.89605987072
10393,0.529781162739
10396,0.788697659969
10397,0.0342006199062
10399,0.317122578621
10401,0.688830971718
10403,0.732695877552
10406,0.930661916733
10407,0.930338561535
10408,0.985696911812
10409,0.900556087494
10410,0.338302254677
10413,0.670453369617
10414,0.503348588943
10415,0.982287764549
10416,0.763716220856
10417,0.88288384676
10418,0.593964993954
10419,0.91149353981
10424,0.573643565178
10427,0.968428611755
10430,0.985087156296
10431,0.666151404381
10433,0.905109465122
10434,0.376136630774
10435,0.695782363415
10437,0.887973248959
10439,0.316136151552
10442,0.965476036072
10447,0.933328151703
10450,0.231134727597
10451,0.908017277718
10452,0.987643122673
10453,0.727024137974
10455,0.777651667595
10456,0.698423147202
10458,0.670284926891
10459,0.97006803751
10460,0.939050316811
10462,0.541424751282
10463,0.622703135014
10465,0.951592564583
10466,0.891140282154
10467,0.917639613152
10470,0.390414476395
10471,0.892269849777
10472,0.924838006496
10473,0.297924011946
10474,0.544914364815
10475,0.811080217361
10476,0.534138917923
10477,0.608300805092
10478,0.515087068081
10479,0.928936600685
10480,0.858579814434
10482,0.263751655817
10483,0.785735428333
10489,0.934505999088
10492,0.943523824215
10493,0.879911601543
10494,0.993071854115
10497,0.949589729309
10498,0.485747843981
10504,0.896004021168
10505,0.939225614071
10507,0.976088166237
10510,0.672143638134
10511,0.714100718498
10512,0.821847915649
10515,0.880164206028
10516,0.950563848019
10519,0.637246370316
10521,0.939803063869
10522,0.547565579414
10527,0.69052863121
10528,0.752278387547
10529,0.541127979755
10534,0.821934401989
10538,0.764526426792
10539,0.91750138998
10540,0.809105217457
10542,0.986485481262
10543,0.72281140089
10545,0.930212318897
10546,0.627037525177
10549,0.955863773823
10553,0.812666237354
10555,0.550460457802
10558,0.94253462553
10559,0.872758090496
10561,0.86683255434
10564,0.983373165131
10565,0.907776176929
10568,0.516221642494
10574,0.60692858696
10575,0.358202159405
10576,0.983922660351
10580,0.866312861443
10581,0.850099027157
10582,0.867531299591
10586,0.583860635757
10587,0.944240272045
10588,0.954654693604
10589,0.855302035809
10591,0.807783603668
10593,0.954218327999
10594,0.598472654819
10602,0.971152663231
10603,0.962694168091
10604,0.977878808975
10606,0.934894144535
10608,0.722694396973
10610,0.749270737171
10611,0.983953297138
10616,0.804662704468
10618,0.965689957142
10620,0.79795986414
10623,0.979010224342
10624,0.852454125881
10625,0.69937902689
10629,0.676890850067
10632,0.659105122089
10633,0.737763941288
10635,0.857530593872
10639,0.872247099876
10640,0.921042561531
10642,0.398253291845
10647,0.693509817123
10648,0.975244224072
10655,0.812602579594
10657,0.806174278259
10658,0.791146814823
10661,0.930352807045
10664,0.894548237324
10667,0.87838101387
10668,0.878883600235
10670,0.721668660641
10672,0.73735165596
10673,0.743393957615
10674,0.771454811096
10675,0.611578524113
10676,0.715748369694
10682,0.428183048964
10683,0.92567127943
10685,0.235348939896
10687,0.599911630154
10690,0.642083823681
10691,0.989829719067
10692,0.747306346893
10694,0.902298808098
10695,0.59597992897
10696,0.741344094276
10697,0.960976481438
10698,0.889056384563
10699,0.898890674114
10700,0.907216668129
10701,0.561517298222
10702,0.932927429676
10704,0.984176516533
10706,0.947419881821
10710,0.956800341606
10713,0.831459343433
10716,0.71781873703
10717,0.869732677937
10719,0.880892217159
10722,0.766059756279
10723,0.956858158112
10724,0.861481130123
10726,0.957900524139
10727,0.833660900593
10728,0.639612853527
10729,0.907744646072
10732,0.691974818707
10733,0.830400764942
10734,0.458148568869
10738,0.983615219593
10739,0.843145847321
10743,0.991231262684
10744,0.882720887661
10745,0.777682125568
10746,0.728094637394
10747,0.928375482559
10748,0.95303863287
10751,0.900284528732
10752,0.935563206673
10753,0.945605874062
10755,0.473412007093
10757,0.943304181099
10758,0.773601770401
10759,0.788594722748
10763,0.727600395679
10766,0.980252087116
10772,0.788727223873
10777,0.666873335838
10778,0.550400853157
10783,0.560992836952
10785,0.936837613583
10787,0.97587788105
10789,0.799168109894
10792,0.836712777615
10794,0.882681310177
10798,0.388724565506
10799,0.967289805412
10800,0.962178051472
10806,0.990018486977
10808,0.369368702173
10809,0.150058597326
10810,0.38440066576
10813,0.711388289928
10816,0.977059066296
10817,0.710410475731
10818,0.834329128265
10821,0.729685366154
10823,0.866687893867
10826,0.965099573135
10828,0.79597145319
10829,0.902958393097
10832,0.967521607876
10837,0.534870564938
10840,0.813970565796
10841,0.353797912598
10842,0.361184984446
10844,0.588877499104
10845,0.532490968704
10851,0.80350703001
10853,0.80097836256
10854,0.281136274338
10856,0.866215646267
10858,0.893575131893
10859,0.302352488041
10860,0.909658014774
10862,0.794229745865
10864,0.58510351181
10866,0.926778137684
10867,0.729435920715
10868,0.953530371189
10869,0.689527392387
10870,0.80173265934
10875,0.881417930126
10876,0.688344359398
10879,0.561126589775
10880,0.540721654892
10881,0.927590310574
10883,0.522201478481
10885,0.538186490536
10889,0.915314674377
10896,0.882031857967
10897,0.418574750423
10898,0.792169451714
10899,0.618870139122
10904,0.980568647385
10907,0.871220886707
10909,0.994310617447
10911,0.91045320034
10912,0.792393624783
10913,0.912316799164
10917,0.9410135746
10919,0.868661165237
10920,0.606586635113
10922,0.921780705452
10923,0.767077624798
10925,0.742466688156
10930,0.648991882801
10932,0.652437865734
10933,0.628061234951
10935,0.834273219109
10938,0.93385130167
10941,0.88084846735
10942,0.437192767859
10944,0.931015789509
10948,0.726656615734
10950,0.699073076248
10951,0.859088122845
10953,0.358063519001
10955,0.699750781059
10956,0.868609368801
10957,0.779246270657
10963,0.769711613655
10964,0.765494406223
10966,0.804038047791
10967,0.857747614384
10971,0.95025998354
10973,0.906776428223
10974,0.768894255161
10975,0.905306398869
10976,0.881906032562
10978,0.748919427395
10980,0.908394813538
10983,0.901164889336
10985,0.851182460785
10986,0.747170984745
10987,0.96990686655
10989,0.872609198093
10990,0.403946638107
10992,0.890924274921
10996,0.696728169918
10997,0.579814493656
10998,0.9380402565
10999,0.908910214901
11001,0.828875482082
11002,0.952824294567
11004,0.988913595676
11005,0.34091308713
11006,0.662791907787
11007,0.992646694183
11009,0.805640518665
11010,0.830937385559
11012,0.920439362526
11013,0.951663792133
11015,0.696118593216
11018,0.648170351982
11020,0.836448132992
11021,0.974860012531
11022,0.592398285866
11026,0.528606593609
11028,0.913772106171
11029,0.729457736015
11030,0.845149636269
11032,0.976453125477
11033,0.949287652969
11035,0.947110831738
11037,0.631402492523
11041,0.645305216312
11043,0.967346489429
11044,0.817069649696
11045,0.898158073425
11046,0.40166464448
11047,0.985723435879
11048,0.993462920189
11049,0.89464867115
11051,0.831268489361
11053,0.941516637802
11056,0.741829454899
11058,0.0587729141116
11059,0.968284845352
11060,0.770808279514
11061,0.982656598091
11062,0.808896303177
11063,0.846044719219
11064,0.847234725952
11068,0.920484900475
11071,0.615155756474
11074,0.696566104889
11075,0.793973982334
11077,0.856302142143
11078,0.938741922379
11081,0.82294857502
11083,0.994236826897
11084,0.685401618481
11090,0.766578912735
11093,0.754001796246
11095,0.813315033913
11099,0.919252574444
11100,0.858064651489
11103,0.93947070837
11107,0.966887652874
11108,0.97230219841
11115,0.849451422691
11119,0.840414047241
11121,0.696610629559
11127,0.723925054073
11128,0.893613219261
11131,0.641821801662
11132,0.678048789501
11135,0.99237459898
11136,0.890106260777
11137,0.861297607422
11138,0.961497962475
11139,0.749789535999
11140,0.883987784386
11141,0.430308997631
11143,0.675763547421
11144,0.734532117844
11149,0.961745858192
11150,0.810689210892
11160,0.844828248024
11161,0.7173858881
11164,0.962363839149
11165,0.743880093098
11166,0.232108488679
11167,0.616003036499
11169,0.732304334641
11171,0.898646950722
11174,0.492514252663
11175,0.883244335651
11176,0.809756457806
11177,0.94805085659
11180,0.769936978817
11182,0.968980967999
11184,0.678214550018
11185,0.922893047333
11187,0.890827417374
11188,0.837887525558
11189,0.740161299706
11191,0.832051634789
11192,0.813314735889
11193,0.978189766407
11201,0.589005827904
11202,0.755289673805
11203,0.965699195862
11205,0.79931896925
11206,0.640562415123
11208,0.906133830547
11216,0.549288749695
11217,0.906858325005
11218,0.520424485207
11220,0.782329142094
11221,0.854317307472
11227,0.944520413876
11229,0.882619559765
11232,0.633685946465
11233,0.786211371422
11237,0.838736236095
11240,0.950284421444
11241,0.880694925785
11242,0.736123561859
11243,0.82716435194
11246,0.76199889183
11247,0.661628127098
11248,0.239617198706
11250,0.992588341236
11251,0.53872603178
11253,0.891266167164
11255,0.736485898495
11256,0.800895750523
11260,0.781184673309
11261,0.822266101837
11263,0.61413359642
11267,0.842840850353
11268,0.839750945568
11270,0.95702278614
11275,0.979397237301
11276,0.928358435631
11277,0.980597555637
11278,0.775174021721
11279,0.892030715942
11283,0.884124875069
11284,0.68944132328
11285,0.8296687603
11288,0.541720032692
11290,0.94347935915
11292,0.926077485085
11293,0.875777244568
11294,0.848992407322
11295,0.878716289997
11297,0.59061729908
11298,0.613591194153
11300,0.96723896265
11302,0.748531877995
11304,0.905539572239
11306,0.688388347626
11308,0.651017427444
11309,0.439883381128
11310,0.72691911459
11314,0.842618465424
11317,0.888390243053
11320,0.60998493433
11321,0.963990211487
11322,0.79479944706
11324,0.972188830376
11325,0.470471948385
11326,0.803801178932
11327,0.975397050381
11329,0.869331121445
11330,0.935623764992
11332,0.896302044392
11338,0.734184801579
11339,0.595858693123
11344,0.787504971027
11346,0.412826567888
11351,0.954497516155
11352,0.958955705166
11353,0.816733539104
11354,0.987339496613
11358,0.916464447975
11361,0.974626600742
11362,0.955285787582
11365,0.991418242455
11366,0.785358846188
11371,0.474493026733
11372,0.761681258678
11374,0.684252142906
11375,0.877671539783
11376,0.724219143391
11377,0.981663346291
11378,0.892697513103
11382,0.948526799679
11383,0.633430421352
11386,0.916463315487
11387,0.957446157932
11390,0.481179922819
11391,0.967663705349
11395,0.736196160316
11396,0.938400626183
11397,0.571329891682
11398,0.902642011642
11399,0.809032201767
11401,0.639204919338
11402,0.977580189705
11404,0.852345526218
11407,0.632606446743
11409,0.602829813957
11410,0.986204504967
11411,0.696940004826
11413,0.765383958817
11416,0.916070401669
11417,0.860261321068
11420,0.713172674179
11423,0.429525226355
11424,0.817583918571
11431,0.719407141209
11432,0.658654391766
11434,0.972572267056
11436,0.717023074627
11439,0.468754678965
11440,0.904972195625
11441,0.854683578014
11444,0.601734757423
11447,0.782136499882
11448,0.808743059635
11449,0.54743039608
11450,0.783519387245
11452,0.878908336163
11455,0.725117325783
11458,0.867783427238
11459,0.961240768433
11460,0.825554668903
11462,0.927603900433
11464,0.821964323521
11465,0.979837477207
11466,0.919557571411
11467,0.839398503304
11469,0.95296061039
11470,0.292791724205
11471,0.833639860153
11472,0.993353128433
11479,0.6980458498
11480,0.565015375614
11484,0.87759745121
11485,0.56450599432
11487,0.967683553696
11488,0.839252114296
11490,0.66379660368
11493,0.617947638035
11494,0.702044963837
11495,0.958559572697
11498,0.907616555691
11501,0.98925447464
11502,0.989818394184
11504,0.952769219875
11513,0.718004047871
11515,0.526260972023
11516,0.603738844395
11518,0.537768781185
11519,0.885610580444
11521,0.104460150003
11524,0.909923732281
11525,0.843804657459
11529,0.823361039162
11530,0.604716479778
11532,0.912952244282
11537,0.632362365723
11539,0.672470033169
11543,0.895187318325
11545,0.694749712944
11547,0.911295175552
11548,0.957802116871
11549,0.708454608917
11550,0.302543401718
11551,0.914620757103
11552,0.849869430065
11553,0.65900605917
11554,0.753687024117
11555,0.953393399715
11556,0.869896292686
11558,0.911896824837
11563,0.797038435936
11564,0.515329539776
11567,0.782473266125
11570,0.845477104187
11571,0.608670830727
11572,0.847693860531
11573,0.638852834702
11574,0.110502839088
11576,0.954801619053
11578,0.636097311974
11579,0.879878103733
11581,0.874380230904
11582,0.933545172215
11583,0.619610130787
11585,0.410105377436
11587,0.738896071911
11590,0.237842559814
11591,0.719188272953
11592,0.670506238937
11593,0.706331908703
11594,0.890276372433
11597,0.979638457298
11599,0.468056917191
11601,0.982701599598
11602,0.759183943272
11606,0.796453237534
11607,0.957034468651
11611,0.956905543804
11612,0.636767446995
11614,0.762048304081
11616,0.748132586479
11620,0.911002039909
11624,0.984146654606
11625,0.748256504536
11626,0.975370883942
11627,0.63292747736
11629,0.909347832203
11632,0.695059835911
11634,0.793352663517
11637,0.862372994423
11642,0.906393051147
11644,0.905044436455
11645,0.883072912693
11646,0.363514721394
11648,0.952598273754
11649,0.745862782001
11650,0.954310297966
11654,0.994963645935
11655,0.784108161926
11656,0.824467837811
11657,0.654868483543
11659,0.860825896263
11660,0.834958851337
11664,0.922852993011
11666,0.71413564682
11667,0.800294041634
11668,0.66415399313
11672,0.853883862495
11673,0.936527013779
11674,0.963913202286
11676,0.751738190651
11678,0.483641117811
11679,0.57584965229
11680,0.700864493847
11683,0.779674530029
11690,0.971441507339
11691,0.716731727123
11692,0.984344124794
11694,0.950600922108
11699,0.775655925274
11702,0.115588463843
11704,0.802242159843
11706,0.845289230347
11714,0.939658641815
11722,0.759947419167
11728,0.847446978092
11729,0.922782897949
11730,0.654011130333
11733,0.935300052166
11734,0.846848607063
11735,0.923732221127
11737,0.930901229382
11738,0.865374684334
11742,0.901319563389
11743,0.888502240181
11746,0.960576176643
11748,0.853858888149
11749,0.935108423233
11756,0.756021618843
11758,0.736141085625
11761,0.84706813097
11762,0.97005456686
11763,0.783597528934
11764,0.967183053493
11765,0.748890697956
11767,0.288069248199
11768,0.743971168995
11772,0.42213472724
11773,0.664322972298
11775,0.554193913937
11777,0.942582249641
11778,0.54434388876
11779,0.852359116077
11783,0.879031598568
11787,0.836871981621
11791,0.597930312157
11793,0.413325756788
11795,0.966304779053
11796,0.719591379166
11799,0.815926551819
11800,0.927370965481
11801,0.911520838737
11802,0.821068644524
11804,0.863971054554
11806,0.978662788868
11807,0.0366400256753
11808,0.133598148823
11810,0.963981032372
11813,0.934371292591
11816,0.700945675373
11817,0.941458165646
11818,0.660975515842
11819,0.802077353001
11821,0.978684604168
11825,0.543745398521
11826,0.979263365269
11827,0.534669160843
11829,0.947025299072
11830,0.934688866138
11832,0.937246143818
11834,0.975918054581
11836,0.448892951012
11840,0.975219845772
11841,0.795860826969
11843,0.595558643341
11846,0.958907783031
11847,0.752843081951
11850,0.931092202663
11855,0.544003009796
11856,0.950742125511
11858,0.88083589077
11860,0.49564230442
11861,0.583343267441
11863,0.833025217056
11865,0.956187903881
11866,0.938941419125
11872,0.796769678593
11874,0.955972373486
11875,0.678343594074
11876,0.94349104166
11877,0.861091434956
11879,0.638707220554
11880,0.757971942425
11881,0.959617555141
11882,0.766623973846
11883,0.868919491768
11884,0.891468763351
11885,0.894390165806
11889,0.628803551197
11890,0.539501667023
11891,0.970848619938
11898,0.777764976025
11903,0.953460037708
11904,0.977230012417
11905,0.625058054924
11906,0.963367581367
11907,0.120013326406
11909,0.935757040977
11912,0.662798166275
11913,0.890660345554
11917,0.90654951334
11921,0.957899034023
11922,0.985979735851
11924,0.853752315044
11925,0.863095641136
11926,0.927271485329
11927,0.861787080765
11929,0.742401361465
11933,0.621856987476
11935,0.447282880545
11937,0.808659791946
11938,0.759776115417
11939,0.975626587868
11946,0.992951214314
11947,0.932801961899
11955,0.764114975929
11956,0.880961120129
11958,0.991896808147
11959,0.755347549915
11965,0.970580875874
11967,0.785848915577
11968,0.983036696911
11969,0.878664672375
11970,0.990657925606
11974,0.477209538221
11976,0.93558126688
11977,0.713017761707
11979,0.807528436184
11980,0.89694672823
11981,0.889848053455
11984,0.846473038197
11985,0.914859950542
11986,0.88205987215
11988,0.590516388416
11990,0.814495325089
11995,0.916922152042
11998,0.919508874416
11999,0.980396389961
12001,0.487355083227
12002,0.832136154175
12003,0.952021598816
12006,0.980261445045
12007,0.670791149139
12008,0.810832560062
12009,0.895760476589
12010,0.866726398468
12012,0.90242421627
12013,0.73238158226
12014,0.850713729858
12015,0.8182310462
12017,0.633383929729
12018,0.854837656021
12020,0.635433793068
12021,0.816911160946
12022,0.647745072842
12023,0.806716620922
12024,0.697467327118
12026,0.577663123608
12029,0.563287973404
12031,0.778632342815
12032,0.809012115002
12033,0.883111178875
12034,0.991776823997
12035,0.470098286867
12036,0.102073676884
12037,0.908980071545
12039,0.778210043907
12044,0.412585049868
12045,0.98072206974
12046,0.589434325695
12049,0.171842947602
12052,0.718408644199
12057,0.818298518658
12059,0.623259186745
12060,0.91962736845
12061,0.898308515549
12062,0.407136887312
12064,0.956293225288
12065,0.460222810507
12066,0.951048135757
12068,0.607274472713
12069,0.743627011776
12070,0.827290654182
12071,0.989750683308
12074,0.258556604385
12075,0.977631688118
12081,0.515174031258
12087,0.988180398941
12089,0.886482954025
12091,0.618152916431
12092,0.87582308054
12093,0.63308262825
12098,0.908604383469
12099,0.836778998375
12100,0.666370630264
12103,0.730724871159
12105,0.901903271675
12106,0.929401218891
12108,0.726511836052
12110,0.789375603199
12111,0.793161153793
12113,0.902733147144
12114,0.710967183113
12115,0.934511601925
12116,0.974043190479
12117,0.855702400208
12121,0.372846752405
12125,0.798640489578
12126,0.938989281654
12127,0.61121660471
12129,0.70057374239
12133,0.957201004028
12137,0.335301816463
12138,0.955857813358
12142,0.745110094547
12143,0.808852910995
12144,0.977729141712
12149,0.72578972578
12150,0.893172025681
12151,0.977507293224
12155,0.828986644745
12156,0.963862240314
12158,0.828728079796
12159,0.917480647564
12162,0.593934357166
12164,0.83151948452
12166,0.792364001274
12169,0.796566665173
12171,0.639545023441
12177,0.596246898174
12178,0.758123934269
12179,0.384662389755
12180,0.762040436268
12188,0.610548317432
12189,0.893014132977
12192,0.439716100693
12194,0.835924625397
12197,0.714288294315
12200,0.835103154182
12201,0.937657654285
12203,0.937543451786
12206,0.76669383049
12207,0.98561745882
12216,0.901965737343
12217,0.763893663883
12222,0.95569217205
12223,0.530189931393
12225,0.91498619318
12226,0.93244946003
12227,0.748026669025
12228,0.751811265945
12229,0.549320697784
12230,0.599867284298
12231,0.564148783684
12232,0.788438856602
12233,0.561546325684
12234,0.92915803194
12235,0.538872182369
12236,0.345452189445
12238,0.637470006943
12239,0.819710314274
12241,0.91308760643
12244,0.827064692974
12247,0.454109847546
12248,0.974945306778
12249,0.830169260502
12253,0.953375160694
12255,0.889566361904
12259,0.884232342243
12260,0.988191306591
12261,0.898496448994
12262,0.643543958664
12263,0.960551977158
12265,0.792288780212
12269,0.713944017887
12274,0.97512871027
12275,0.980723083019
12277,0.904341161251
12278,0.625245511532
12279,0.925623893738
12280,0.845615565777
12281,0.919371366501
12283,0.962377429008
12284,0.781840920448
12286,0.705732405186
12287,0.974149882793
12288,0.611784875393
12289,0.676959037781
12290,0.844800233841
12293,0.34229016304
12298,0.847407341003
12301,0.982554614544
12302,0.825626969337
12304,0.882981002331
12305,0.835479140282
12306,0.735316514969
12307,0.971243321896
12308,0.951152741909
12309,0.96424561739
12312,0.943962752819
12314,0.673721015453
12318,0.985111057758
12319,0.941490828991
12320,0.982910215855
12321,0.567515611649
12328,0.988094627857
12329,0.82260376215
12334,0.885632932186
12335,0.49093618989
12338,0.555764973164
12340,0.832329511642
12341,0.85689997673
12344,0.967968225479
12345,0.986825287342
12346,0.856655061245
12347,0.921509623528
12349,0.573422431946
12351,0.868586599827
12356,0.703447401524
12357,0.878729760647
12359,0.881430923939
12360,0.843043446541
12361,0.851333260536
12363,0.589783430099
12364,0.864008128643
12366,0.795152187347
12367,0.4466817379
12368,0.51446968317
12370,0.992275893688
12372,0.842589080334
12373,0.247020184994
12374,0.9580950737
12375,0.991147875786
12376,0.48311945796
12377,0.716769337654
12378,0.992481887341
12380,0.742222428322
12382,0.800430476665
12383,0.722196698189
12384,0.750111937523
12385,0.696750462055
12386,0.955326557159
12387,0.397085160017
12389,0.958552002907
12391,0.980759322643
12392,0.975402653217
12394,0.881810426712
12395,0.505572974682
12396,0.389077395201
12400,0.332753568888
12401,0.790625751019
12403,0.89504301548
12404,0.524735808372
12407,0.870052456856
12410,0.795265674591
12411,0.968927919865
12412,0.657906591892
12413,0.721274197102
12415,0.975659608841
12416,0.666692972183
12417,0.699515223503
12418,0.805099308491
12419,0.921123504639
12421,0.920051395893
12423,0.699264883995
12424,0.921504378319
12425,0.863390147686
12427,0.799324393272
12431,0.506540715694
12432,0.984667599201
12434,0.783807575703
12437,0.612273752689
12438,0.918150007725
12443,0.432402819395
12446,0.83006888628
12447,0.753847718239
12450,0.934481441975
12453,0.787720263004
12454,0.412890702486
12455,0.941538572311
12458,0.748973965645
12460,0.92136824131
12461,0.991282701492
12464,0.946413099766
12465,0.460976600647
12466,0.88098436594
12468,0.345165193081
12471,0.851210653782
12476,0.587967336178
12478,0.965875029564
12479,0.890393674374
12481,0.835198104382
12486,0.888804614544
12487,0.689903736115
12488,0.986881017685
12489,0.97832518816
12490,0.735696554184
12493,0.978159606457
12497,0.890247106552
12498,0.557860851288
12499,0.792017936707
12500,0.53281223774
12503,0.85657531023
12504,0.627826094627
12508,0.99055147171
12509,0.957911610603
12510,0.497976839542
12513,0.493613392115
12515,0.556831359863
12519,0.972379803658
12524,0.96459031105
12526,0.768301546574
12527,0.787641704082
12536,0.8804038167
12537,0.881898105145
12541,0.901709914207
12542,0.895091056824
12544,0.711625039577
12546,0.662302792072
12551,0.765445530415
12554,0.756182253361
12558,0.644143521786
12561,0.727736055851
12562,0.619608938694
12565,0.968926489353
12568,0.8105661273
12569,0.438487559557
12570,0.972589552402
12574,0.894779980183
12575,0.597554147243
12576,0.964612722397
12577,0.923402249813
12579,0.433385938406
12581,0.654995679855
12582,0.834687292576
12583,0.925963282585
12584,0.812643229961
12587,0.960680007935
12588,0.931774377823
12589,0.415724337101
12593,0.960597753525
12596,0.760138988495
12598,0.535434007645
12599,0.855847775936
12600,0.673448860645
12602,0.943426191807
12604,0.614309072495
12605,0.938259363174
12608,0.927328467369
12609,0.786929309368
12610,0.984770476818
12611,0.232195690274
12612,0.794582545757
12613,0.824682116508
12614,0.83616232872
12617,0.835227549076
12618,0.328018307686
12622,0.883385002613
12623,0.947716236115
12624,0.928580641747
12625,0.84836101532
12626,0.934199929237
12629,0.893781602383
12631,0.589185595512
12632,0.924344837666
12633,0.608843743801
12635,0.978069961071
12636,0.609634876251
12637,0.169967234135
12641,0.896165013313
12642,0.55640488863
12644,0.907737255096
12647,0.955079555511
12648,0.95579636097
12655,0.768054068089
12656,0.789152264595
12657,0.494721710682
12658,0.694239318371
12659,0.713988125324
12660,0.97103869915
12662,0.775560617447
12664,0.964544177055
12669,0.885749340057
12670,0.345669388771
12672,0.851302266121
12673,0.878734529018
12675,0.783551335335
12680,0.978602051735
12681,0.141834497452
12682,0.975416600704
12684,0.981366634369
12686,0.45703536272
12688,0.943489730358
12690,0.956484496593
12695,0.599699914455
12696,0.983161151409
12698,0.749954104424
12699,0.698667824268
12702,0.965763449669
12703,0.947354912758
12709,0.752993226051
12712,0.902520656586
12713,0.658997058868
12714,0.988843679428
12715,0.475552380085
12716,0.428977519274
12717,0.966503858566
12721,0.97881603241
12722,0.803910136223
12724,0.769107103348
12725,0.287293821573
12727,0.926997005939
12728,0.771978795528
12729,0.964862048626
12730,0.985777676105
12734,0.954457402229
12736,0.894502818584
12739,0.764932751656
12740,0.920573890209
12742,0.985361158848
12743,0.800986170769
12744,0.932996511459
12745,0.742620408535
12746,0.567808151245
12753,0.374109208584
12759,0.656502604485
12760,0.65602260828
12762,0.742553591728
12763,0.975258529186
12764,0.929367005825
12765,0.965940952301
12766,0.927884340286
12768,0.976661145687
12770,0.845354497433
12771,0.870866715908
12774,0.847678542137
12775,0.434191524982
12776,0.794955432415
12781,0.970959424973
12783,0.889241218567
12784,0.926559150219
12786,0.901099860668
12790,0.901845991611
12794,0.727413475513
12796,0.979353010654
12797,0.866213858128
12799,0.603459060192
12802,0.818512439728
12804,0.895995676517
12806,0.270042896271
12808,0.703240692616
12809,0.609160721302
12810,0.660010516644
12811,0.791206240654
12813,0.827236950397
12815,0.721632599831
12817,0.527679979801
12820,0.955090463161
12824,0.898925542831
12825,0.897772073746
12830,0.992178440094
12831,0.560376703739
12832,0.757204413414
12836,0.963652014732
12837,0.750851809978
12838,0.23829574883
12839,0.795203208923
12841,0.802482128143
12846,0.878058850765
12847,0.909945487976
12851,0.94655841589
12853,0.940680444241
12854,0.687726855278
12855,0.641947627068
12859,0.650102674961
12860,0.936581790447
12861,0.986767232418
12862,0.542194724083
12863,0.66189789772
12864,0.979410648346
12867,0.599422574043
12875,0.0547696761787
12876,0.521100461483
12877,0.543262302876
12878,0.898488640785
12879,0.552518665791
12881,0.492005079985
12882,0.768009245396
12884,0.763914644718
12886,0.864122450352
12887,0.830967545509
12889,0.636101365089
12891,0.987249195576
12894,0.978472054005
12897,0.85176295042
12899,0.944467067719
12901,0.574137151241
12903,0.97100764513
12904,0.911129176617
12912,0.656072735786
12918,0.512061595917
12923,0.895178556442
12924,0.161413013935
12927,0.810759305954
12928,0.62378180027
12930,0.870039880276
12931,0.672627091408
12932,0.722734570503
12933,0.956206560135
12935,0.983125984669
12936,0.89712446928
12937,0.399180680513
12939,0.744292378426
12943,0.624552845955
12944,0.965594053268
12946,0.975448906422
12950,0.904108822346
12952,0.742887973785
12953,0.964225769043
12954,0.84714537859
12957,0.606636762619
12958,0.980556190014
12959,0.587722599506
12962,0.844772577286
12963,0.91808539629
12968,0.654611110687
12971,0.845501720905
12973,0.819998323917
12975,0.731558263302
12976,0.72852742672
12977,0.737530827522
12978,0.91189789772
12981,0.856723129749
12984,0.854318320751
12985,0.92177259922
12986,0.962750196457
12987,0.915075302124
12988,0.750268876553
12989,0.644989848137
12990,0.526084959507
12993,0.933645963669
12995,0.308638364077
12996,0.871474862099
12998,0.88880687952
13000,0.956180095673
13004,0.696717500687
13006,0.927549540997
13008,0.914324879646
13009,0.740563154221
13010,0.390512049198
13012,0.917959809303
13013,0.912420809269
13014,0.977684676647
13016,0.977774381638
13021,0.808076262474
13025,0.592326462269
13027,0.840896785259
13028,0.98543035984
13029,0.96527838707
13030,0.810481786728
13033,0.782200813293
13034,0.982276976109
13035,0.872092247009
13036,0.788363575935
13039,0.559169828892
13040,0.685691058636
13041,0.930314719677
13042,0.983714878559
13047,0.841365873814
13048,0.559525370598
13050,0.473712027073
13052,0.992708921432
13054,0.720131278038
13056,0.642775774002
13057,0.814436674118
13058,0.982827305794
13060,0.840677559376
13062,0.927294254303
13064,0.975523531437
13072,0.985530138016
13073,0.821234703064
13074,0.848642230034
13077,0.499837338924
13078,0.591115057468
13079,0.96394777298
13080,0.76545882225
13081,0.949659764767
13084,0.637869417667
13091,0.95089507103
13093,0.875778079033
13095,0.668885827065
13096,0.47208327055
13101,0.756260573864
13102,0.950879752636
13104,0.781430661678
13106,0.866542756557
13108,0.927708148956
13109,0.78655475378
13115,0.806310117245
13116,0.936819911003
13117,0.705555319786
13118,0.734538793564
13119,0.132042735815
13120,0.636121273041
13121,0.753801763058
13122,0.926040887833
13123,0.322544276714
13126,0.848798453808
13127,0.94215285778
13130,0.977794229984
13131,0.964556157589
13133,0.787698090076
13135,0.940456330776
13136,0.54290753603
13137,0.886738359928
13143,0.917754650116
13145,0.737428069115
13147,0.76258534193
13148,0.946154236794
13156,0.122690662742
13158,0.90339910984
13160,0.786798655987
13161,0.724167346954
13163,0.747522056103
13164,0.734593093395
13165,0.112515479326
13166,0.401056200266
13167,0.898703873158
13168,0.946830749512
13170,0.958145260811
13172,0.572620511055
13178,0.389148414135
13180,0.746298849583
13182,0.866703271866
13183,0.971927165985
13185,0.872939765453
13186,0.803809463978
13187,0.430536001921
13188,0.563593327999
13189,0.979183495045
13190,0.729877591133
13191,0.80839163065
13195,0.639930009842
13198,0.663962364197
13199,0.28918543458
13200,0.740034818649
13201,0.943141400814
13203,0.803885519505
13204,0.867105126381
13206,0.841709256172
13208,0.890852570534
13214,0.907487034798
13215,0.179185032845
13217,0.543704211712
13218,0.970214903355
13220,0.679691314697
13222,0.578663349152
13223,0.474410057068
13226,0.874534249306
13228,0.988135576248
13229,0.60118240118
13231,0.446289718151
13232,0.952508687973
13235,0.973705112934
13236,0.609526455402
13237,0.851170599461
13238,0.928197562695
13241,0.872096955776
13244,0.811946630478
13246,0.96150135994
13247,0.965003788471
13249,0.744889557362
13250,0.800651848316
13254,0.66306746006
13255,0.845440208912
13256,0.661531865597
13258,0.946474671364
13264,0.7841771245
13267,0.706496298313
13268,0.556667268276
13269,0.930716454983
13272,0.775869846344
13274,0.940828442574
13277,0.702180325985
13278,0.939340770245
13279,0.677034318447
13280,0.570974051952
13283,0.680597484112
13284,0.507344484329
13285,0.883206248283
13286,0.902282118797
13288,0.987452685833
13292,0.555624008179
13294,0.695960223675
13295,0.441830605268
13296,0.791868627071
13297,0.637942194939
13298,0.978018701077
13300,0.693598330021
13301,0.763848423958
13302,0.567365407944
13304,0.853302061558
13306,0.982405602932
13309,0.338856250048
13310,0.915857791901
13311,0.632195949554
13312,0.915614783764
13313,0.700016081333
13315,0.844757795334
13316,0.946171283722
13318,0.859122276306
13319,0.668556451797
13325,0.952156662941
13327,0.783072948456
13330,0.758683502674
13333,0.637911021709
13335,0.616086304188
13338,0.732699275017
13340,0.931347191334
13343,0.851914703846
13344,0.879412531853
13345,0.577849209309
13346,0.400649249554
13347,0.960660994053
13348,0.793614208698
13350,0.470873773098
13351,0.984022498131
13352,0.964265465736
13356,0.504780948162
13357,0.720118582249
13360,0.783596038818
13361,0.871618151665
13364,0.704066216946
13369,0.685445129871
13370,0.566961348057
13374,0.751272559166
13376,0.918480277061
13377,0.807865738869
13379,0.976195037365
13380,0.898302435875
13384,0.875702679157
13386,0.106963530183
13388,0.767714321613
13389,0.974703371525
13390,0.795132696629
13392,0.369581460953
13394,0.733514547348
13395,0.774736106396
13396,0.857350766659
13398,0.962158977985
13400,0.846302449703
13402,0.516477227211
13403,0.832646906376
13405,0.89668315649
13406,0.654291331768
13407,0.808283686638
13408,0.967561244965
13409,0.708887517452
13416,0.959832549095
13417,0.716889858246
13420,0.656028568745
13421,0.797890305519
13422,0.9408441782
13423,0.906007289886
13425,0.977623641491
13433,0.938823103905
13434,0.883029282093
13438,0.655648231506
13440,0.842295825481
13441,0.896813809872
13443,0.359360456467
13446,0.885832726955
13447,0.90144020319
13449,0.459253758192
13452,0.922550916672
13453,0.979915499687
13454,0.580087542534
13456,0.896475672722
13457,0.613436043262
13459,0.736790955067
13462,0.673846960068
13464,0.691722512245
13467,0.952090144157
13468,0.896425485611
13470,0.859618544579
13472,0.843031287193
13474,0.540826380253
13476,0.632048010826
13477,0.973698019981
13478,0.795389413834
13480,0.946351230145
13482,0.427090167999
13483,0.982743918896
13486,0.24646037817
13492,0.946475565434
13493,0.879655182362
13494,0.814572691917
13498,0.925526857376
13499,0.691084086895
13500,0.89175760746
13501,0.905099034309
13503,0.936290979385
13505,0.804278075695
13506,0.974394381046
13508,0.392110943794
13510,0.891014754772
13512,0.925755560398
13513,0.590939700603
13515,0.988279342651
13521,0.438099265099
13523,0.649257302284
13525,0.913665831089
13526,0.863774657249
13527,0.19828940928
13528,0.91418659687
13529,0.614524126053
13530,0.262678027153
13531,0.363473206758
13532,0.784539282322
13533,0.985953748226
13534,0.877246558666
13535,0.829338312149
13537,0.808954715729
13538,0.495111346245
13541,0.909496486187
13544,0.900767564774
13546,0.340537935495
13551,0.827440440655
13552,0.684410274029
13553,0.883428156376
13554,0.592881023884
13556,0.870049893856
13557,0.953466296196
13558,0.489853948355
13561,0.924446105957
13562,0.96990776062
13565,0.679829478264
13568,0.929714739323
13570,0.723014950752
13571,0.581991434097
13572,0.788412094116
13573,0.595230042934
13575,0.534917056561
13579,0.891485631466
13580,0.81142193079
13583,0.722309350967
13585,0.800082564354
13587,0.775984168053
13589,0.755859792233
13590,0.669965267181
13593,0.760916292667
13595,0.892826795578
13596,0.47997251153
13598,0.863119661808
13601,0.736091375351
13602,0.88481926918
13606,0.657769680023
13607,0.71057510376
13608,0.740196943283
13610,0.463355481625
13611,0.786779820919
13613,0.689351797104
13615,0.994068980217
13616,0.743571400642
13618,0.878571987152
13619,0.834045827389
13620,0.747484862804
13623,0.969935238361
13626,0.799098610878
13628,0.846882581711
13632,0.842987835407
13633,0.954799771309
13635,0.841436326504
13638,0.494457960129
13639,0.952788591385
13640,0.691789150238
13644,0.63800662756
13645,0.60870039463
13646,0.895552694798
13648,0.904593646526
13649,0.569444417953
13650,0.555777072906
13651,0.864464581013
13653,0.920328259468
13655,0.466372787952
13656,0.95423823595
13659,0.910383224487
13660,0.88288795948
13664,0.821382045746
13666,0.93929541111
13667,0.841036915779
13671,0.6770362854
13672,0.653601586819
13674,0.658145070076
13676,0.912445306778
13678,0.612546622753
13681,0.60755366087
13683,0.680182516575
13684,0.626862764359
13685,0.96286213398
13688,0.991011142731
13690,0.737276732922
13691,0.852550446987
13694,0.84058958292
13695,0.976802527905
13696,0.508442759514
13697,0.687570095062
13702,0.991205394268
13705,0.957311451435
13706,0.570709824562
13708,0.644050896168
13709,0.744481444359
13710,0.910963356495
13711,0.867992997169
13712,0.837503373623
13716,0.938907265663
13718,0.945010304451
13719,0.758791744709
13720,0.753308176994
13723,0.854582548141
13726,0.751207947731
13727,0.801727175713
13729,0.529737770557
13730,0.917696654797
13732,0.865366518497
13733,0.97673368454
13734,0.83519589901
13735,0.962833404541
13740,0.656367361546
13742,0.985314965248
13743,0.736737966537
13744,0.775828480721
13746,0.989531993866
13747,0.886478900909
13748,0.733373224735
13749,0.739629685879
13753,0.523594379425
13754,0.306367903948
13755,0.984202265739
13756,0.714870929718
13757,0.990360617638
13758,0.622599840164
13760,0.696762979031
13761,0.619382143021
13763,0.819971203804
13764,0.714956998825
13768,0.675612270832
13770,0.848120748997
13771,0.917869746685
13772,0.882529973984
13774,0.887969255447
13775,0.457520693541
13776,0.47646972537
13777,0.955984890461
13779,0.889322936535
13780,0.674848914146
13783,0.787467598915
13784,0.818274617195
13785,0.776211440563
13786,0.488506495953
13789,0.642695367336
13791,0.964549958706
13793,0.746415615082
13795,0.389859616756
13796,0.84443718195
13797,0.907237052917
13798,0.543865740299
13800,0.971647620201
13801,0.937607765198
13802,0.760187506676
13804,0.661417245865
13805,0.489102572203
13807,0.966121375561
13808,0.205268353224
13809,0.917921245098
13810,0.982492804527
13812,0.633909761906
13814,0.961808800697
13815,0.887736916542
13819,0.914110064507
13821,0.685799241066
13824,0.97742587328
13825,0.872642278671
13826,0.915255904198
13830,0.859706521034
13831,0.816186547279
13834,0.710671424866
13835,0.96258854866
13836,0.917086839676
13838,0.977425992489
13842,0.532457649708
13843,0.185920894146
13846,0.917577147484
13852,0.961869120598
13853,0.732580959797
13854,0.617066383362
13856,0.937782168388
13857,0.110052973032
13860,0.692495107651
13864,0.564452826977
13868,0.775448262691
13870,0.830369532108
13872,0.9305793643
13873,0.546835720539
13874,0.754777193069
13876,0.895719647408
13877,0.654399573803
13878,0.857083320618
13879,0.922074317932
13880,0.962638616562
13883,0.56649941206
13889,0.763920366764
13891,0.982406139374
13892,0.786676287651
13893,0.926354944706
13895,0.239108249545
13898,0.545375645161
13900,0.716891944408
13902,0.859536170959
13907,0.533879339695
13908,0.936820685863
13909,0.625657498837
13910,0.924588382244
13911,0.669605195522
13912,0.901669979095
13914,0.904039621353
13915,0.910736382008
13918,0.589405298233
13919,0.703907370567
13920,0.40668874979
13921,0.572557210922
13923,0.73956656456
13924,0.732027769089
13925,0.90918135643
13926,0.804708480835
13930,0.711044430733
13933,0.97099506855
13934,0.863431215286
13935,0.965967535973
13938,0.469878047705
13942,0.942088246346
13943,0.593732535839
13949,0.898372113705
13951,0.822864472866
13953,0.945961713791
13954,0.413980185986
13955,0.954652190208
13958,0.687685728073
13961,0.965353786945
13962,0.939289867878
13964,0.816264867783
13965,0.651587128639
13967,0.972701370716
13970,0.904757916927
13971,0.688424348831
13974,0.911995530128
13975,0.906841039658
13976,0.910384237766
13978,0.939334988594
13980,0.146893560886
13981,0.979262828827
13985,0.830856263638
13986,0.551013112068
13988,0.977990269661
13989,0.982033848763
13992,0.958461761475
13994,0.796716272831
13995,0.895726323128
13996,0.606935381889
13997,0.795321285725
13998,0.643578290939
13999,0.340288698673
14005,0.871286392212
14006,0.929447054863
14008,0.908574223518
14009,0.966094374657
14012,0.861382842064
14015,0.893337905407
14016,0.799628019333
14018,0.847404956818
14020,0.769387364388
14021,0.958641529083
14022,0.710866808891
14025,0.313263088465
14027,0.536412775517
14028,0.664103329182
14029,0.905857980251
14030,0.962538838387
14031,0.542101681232
14032,0.657217144966
14033,0.935697972775
14034,0.805060207844
14039,0.956317663193
14041,0.984905064106
14043,0.531647443771
14045,0.647423088551
14047,0.478425592184
14049,0.849611103535
14050,0.64900380373
14052,0.880850195885
14053,0.690157592297
14054,0.772693514824
14056,0.966914176941
14060,0.874885320663
14061,0.810046851635
14064,0.706371843815
14066,0.590591967106
14069,0.922156512737
14070,0.745635867119
14072,0.864617168903
14073,0.585494279861
14074,0.801607847214
14077,0.968803703785
14078,0.918097853661
14079,0.722567737103
14085,0.879895269871
14086,0.90925359726
14089,0.420447379351
14093,0.854696691036
14095,0.77441650629
14097,0.528152287006
14098,0.948428571224
14099,0.792608439922
14100,0.969700694084
14103,0.626081705093
14105,0.899192690849
14108,0.904186248779
14110,0.932811319828
14111,0.916782259941
14114,0.898919045925
14116,0.976144611835
14117,0.98411244154
14119,0.958992242813
14123,0.427576810122
14124,0.790423989296
14126,0.933302402496
14129,0.874698340893
14130,0.314797729254
14131,0.669205546379
14133,0.754618048668
14135,0.765621185303
14136,0.781898975372
14139,0.387444674969
14141,0.483284801245
14145,0.547974228859
14147,0.383692085743
14152,0.682034790516
14154,0.922390758991
14155,0.836846768856
14156,0.847908914089
14157,0.620746314526
14158,0.775596499443
14160,0.9268861413
14163,0.485288739204
14164,0.205834120512
14166,0.579073667526
14169,0.765684485435
14170,0.472715944052
14173,0.719943583012
14174,0.690158784389
14176,0.785112679005
14177,0.951440930367
14179,0.695835113525
14186,0.4806240201
14187,0.877415239811
14189,0.960925877094
14190,0.980121970177
14191,0.813899457455
14192,0.774137854576
14198,0.639220774174
14200,0.774286091328
14201,0.956623792648
14202,0.620887994766
14204,0.849481165409
14206,0.803518593311
14207,0.905596673489
14209,0.561257243156
14210,0.576312124729
14212,0.86850219965
14215,0.823000252247
14218,0.885734975338
14222,0.495303213596
14225,0.819969296455
14227,0.626532435417
14230,0.696127653122
14233,0.374517053366
14234,0.956070005894
14235,0.912412047386
14237,0.96641600132
14238,0.947145462036
14245,0.811203181744
14247,0.950749158859
14248,0.747203707695
14251,0.961988389492
14253,0.933383107185
14255,0.509612381458
14256,0.697347044945
14257,0.509909629822
14259,0.83379226923
14262,0.923138678074
14266,0.960803687572
14268,0.78767645359
14269,0.894600212574
14270,0.975813806057
14271,0.882952988148
14273,0.781135380268
14275,0.965072929859
14280,0.804915130138
14282,0.756363809109
14283,0.947521209717
14284,0.715896487236
14285,0.777738273144
14286,0.453659594059
14288,0.943781852722
14289,0.754168868065
14290,0.676366865635
14291,0.459066361189
14294,0.972435712814
14295,0.235298395157
14296,0.823896586895
14297,0.785985708237
14300,0.805721998215
14302,0.928775429726
14305,0.856896221638
14309,0.637710690498
14310,0.625857591629
14311,0.867621839046
14315,0.966502308846
14317,0.825786709785
14323,0.85083425045
14325,0.932296693325
14326,0.796183168888
14327,0.878502726555
14329,0.962827563286
14332,0.81871587038
14334,0.738480210304
14335,0.960092961788
14337,0.552255511284
14338,0.781970500946
14339,0.705852627754
14341,0.920774877071
14343,0.869881927967
14345,0.94496846199
14347,0.704183697701
14350,0.825834274292
14354,0.587281405926
14359,0.717315614223
14360,0.693059265614
14361,0.905562460423
14362,0.0620374977589
14365,0.841152012348
14367,0.786008834839
14369,0.987750709057
14370,0.867244958878
14371,0.868442118168
14374,0.968957126141
14376,0.990380942822
14378,0.965090692043
14380,0.779873013496
14382,0.82989102602
14383,0.967165887356
14384,0.808660507202
14387,0.726634919643
14388,0.790409207344
14390,0.715419590473
14393,0.962590098381
14394,0.820906043053
14396,0.882672786713
14398,0.675439476967
14401,0.870588541031
14402,0.843116104603
14404,0.810042858124
14409,0.88745957613
14411,0.903972864151
14412,0.843887388706
14414,0.902588784695
14416,0.86722522974
14417,0.762373685837
14418,0.673089683056
14419,0.904447853565
14420,0.970574140549
14422,0.797611892223
14423,0.782235562801
14426,0.923944830894
14428,0.981301426888
14429,0.522376418114
14433,0.859843194485
14434,0.875919818878
14437,0.724058926105
14440,0.440118253231
14442,0.809522867203
14443,0.70048981905
14445,0.668993771076
14448,0.979639589787
14450,0.884045302868
14456,0.981289923191
14457,0.592967867851
14459,0.702138125896
14460,0.952464461327
14461,0.978045105934
14462,0.862024366856
14464,0.769381225109
14465,0.862700521946
14469,0.976513206959
14470,0.833067476749
14472,0.955779135227
14474,0.885741949081
14475,0.986258983612
14481,0.983050405979
14484,0.981796205044
14488,0.766714930534
14489,0.888419508934
14490,0.89495486021
14496,0.985983192921
14499,0.593645036221
14500,0.819098591805
14501,0.126042827964
14503,0.97181648016
14505,0.667104184628
14507,0.821381926537
14509,0.533890843391
14513,0.974513709545
14515,0.956875920296
14518,0.573579251766
14521,0.941126286983
14522,0.853195250034
14526,0.867133319378
14527,0.45376676321
14528,0.829615175724
14532,0.669575333595
14536,0.795617997646
14538,0.922962009907
14542,0.652532637119
14543,0.993237614632
14545,0.987253248692
14547,0.824257493019
14549,0.93595290184
14550,0.877448916435
14552,0.918770670891
14553,0.74093747139
14554,0.863555371761
14556,0.669967353344
14560,0.927723944187
14561,0.705715298653
14567,0.795137822628
14568,0.983477175236
14569,0.78499943018
14571,0.725562632084
14572,0.925025105476
14574,0.945490658283
14575,0.779954195023
14577,0.979858517647
14580,0.839218556881
14583,0.821936964989
14585,0.955510497093
14586,0.597211539745
14589,0.925186097622
14591,0.846200406551
14596,0.696202039719
14598,0.989038467407
14601,0.74829429388
14603,0.961061298847
14604,0.89000493288
14606,0.67986369133
14608,0.927671313286
14610,0.972610712051
14611,0.954950630665
14613,0.294756352901
14614,0.976175606251
14615,0.531278729439
14618,0.679056465626
14619,0.962236583233
14620,0.730001568794
14621,0.0832061097026
14623,0.936249494553
14624,0.877531588078
14625,0.727186918259
14629,0.954060137272
14630,0.875050365925
14633,0.549135148525
14635,0.848826766014
14636,0.975507318974
14638,0.919559180737
14639,0.923515379429
14645,0.905704438686
14647,0.916571080685
14649,0.59241515398
14651,0.477551460266
14652,0.985271453857
14653,0.861998736858
14655,0.93146032095
14656,0.972209095955
14657,0.499914169312
14658,0.65852111578
14659,0.913337528706
14661,0.780823290348
14663,0.41792756319
14666,0.937190949917
14669,0.910285711288
14670,0.715135633945
14671,0.714702963829
14674,0.744996845722
14675,0.988146662712
14677,0.946514606476
14678,0.767339766026
14679,0.346230536699
14680,0.862411379814
14681,0.690706014633
14682,0.898653507233
14683,0.659035682678
14685,0.979240834713
14686,0.815497219563
14687,0.95140504837
14688,0.882015049458
14690,0.946458697319
14696,0.557497680187
14697,0.778778851032
14698,0.884939074516
14700,0.797627925873
14702,0.978088021278
14703,0.683859288692
14704,0.853347718716
14711,0.420217335224
14712,0.641524493694
14715,0.980202555656
14716,0.685545384884
14717,0.951560080051
14723,0.761725485325
14724,0.861916363239
14726,0.899907469749
14727,0.877041876316
14730,0.610791742802
14731,0.901381313801
14733,0.97822612524
14736,0.755281507969
14744,0.973214745522
14748,0.940904438496
14749,0.880149126053
14750,0.909591436386
14751,0.34454780817
14752,0.309869796038
14753,0.609749257565
14754,0.795069634914
14758,0.69797629118
14759,0.979946434498
14760,0.77241653204
14761,0.38514149189
14762,0.99395942688
14763,0.534729540348
14766,0.941768407822
14769,0.906978785992
14771,0.556168794632
14773,0.879866242409
14776,0.774953365326
14780,0.849591851234
14781,0.891813397408
14782,0.626522004604
14783,0.913863122463
14785,0.246410906315
14788,0.92632329464
14790,0.649528324604
14791,0.908219516277
14792,0.952529609203
14793,0.844027578831
14794,0.760095000267
14797,0.792289674282
14798,0.848326861858
14800,0.74635964632
14803,0.982672572136
14806,0.592611372471
14807,0.803013563156
14808,0.587473809719
14811,0.835302770138
14813,0.923007845879
14815,0.991615355015
14817,0.843563854694
14818,0.617468893528
14819,0.845299959183
14820,0.213699549437
14821,0.811263263226
14822,0.906564772129
14828,0.970576226711
14829,0.506271183491
14831,0.656770527363
14832,0.739258050919
14834,0.9535831213
14838,0.875844657421
14839,0.890784084797
14840,0.639253914356
14841,0.752910494804
14842,0.761110961437
14843,0.647477209568
14844,0.704722762108
14847,0.69881528616
14848,0.880773484707
14850,0.878826200962
14852,0.42740920186
14854,0.86842674017
14858,0.990238428116
14859,0.981362342834
14860,0.655294299126
14861,0.87474411726
14862,0.810341060162
14863,0.820488929749
14865,0.951236009598
14867,0.67339771986
14868,0.990370929241
14869,0.922209143639
14871,0.907226085663
14872,0.602804124355
14874,0.955744743347
14876,0.704029083252
14877,0.791070342064
14881,0.682571172714
14883,0.949427843094
14886,0.599101662636
14888,0.706306695938
14889,0.790641546249
14890,0.89810281992
14892,0.883778512478
14893,0.707032442093
14895,0.929354071617
14896,0.950889050961
14898,0.691083729267
14900,0.963875114918
14901,0.396749734879
14902,0.944415807724
14906,0.789917588234
14907,0.778844594955
14908,0.89525270462
14909,0.811034500599
14910,0.935918033123
14911,0.58380651474
14912,0.573000967503
14914,0.73069357872
14915,0.795620501041
14918,0.789007306099
14919,0.985083222389
14924,0.601595759392
14928,0.728417634964
14929,0.63945299387
14934,0.896243035793
14935,0.953205227852
14937,0.950511038303
14938,0.800130009651
14939,0.844149410725
14941,0.990236461163
14942,0.92252933979
14945,0.875046491623
14950,0.988105535507
14951,0.934328854084
14952,0.870896220207
14955,0.971309661865
14956,0.699773788452
14964,0.884478032589
14967,0.878238022327
14968,0.573049128056
14970,0.980417490005
14972,0.891938269138
14973,0.934760212898
14976,0.641913235188
14977,0.814424574375
14981,0.691815495491
14985,0.591955184937
14988,0.922272086143
14989,0.799333274364
14993,0.767497777939
14994,0.843694984913
14998,0.915024518967
15000,0.703055560589
15002,0.837946355343
15004,0.693143367767
15005,0.984536588192
15006,0.664017081261
15009,0.850400209427
15010,0.519133925438
15012,0.900383651257
15013,0.830888450146
15014,0.620865285397
15015,0.7406437397
15016,0.965405166149
15017,0.912562847137
15022,0.890845000744
15023,0.624133944511
15024,0.877499759197
15028,0.955825328827
15030,0.741114318371
15031,0.910093426704
15032,0.924081921577
15035,0.931589245796
15037,0.98271548748
15040,0.945976376534
15041,0.831483125687
15043,0.711461544037
15044,0.792974293232
15046,0.23159866035
15050,0.759698927402
15051,0.884266912937
15052,0.499972343445
15054,0.871189177036
15055,0.899267852306
15058,0.918115079403
15059,0.852532446384
15060,0.987426280975
15061,0.955821335316
15062,0.548296630383
15063,0.8207051754
15064,0.869825899601
15066,0.749416768551
15067,0.892267107964
15068,0.914868712425
15069,0.94848304987
15070,0.605492413044
15071,0.765115261078
15072,0.61834949255
15078,0.891366779804
15079,0.635350763798
15080,0.825515210629
15081,0.231456100941
15082,0.712001025677
15093,0.88786894083
15094,0.92753046751
15096,0.902130544186
15098,0.804113090038
15103,0.925109684467
15105,0.615736842155
15106,0.797600924969
15108,0.988913953304
15109,0.437404751778
15110,0.982095599174
15114,0.618968546391
15115,0.905788719654
15119,0.821841478348
15120,0.990145742893
15121,0.715426564217
15122,0.63374620676
15123,0.870128273964
15124,0.928034961224
15125,0.946051120758
15126,0.684768974781
15131,0.849801599979
15133,0.478155106306
15134,0.954975426197
15135,0.81133556366
15138,0.918900847435
15140,0.884001731873
15141,0.897393345833
15147,0.885493099689
15148,0.948749423027
15152,0.470176339149
15154,0.865067780018
15158,0.99137198925
15160,0.936330974102
15161,0.978983163834
15163,0.766959130764
15168,0.794200956821
15169,0.518356978893
15176,0.87023973465
15179,0.841805458069
15181,0.799175977707
15182,0.757554709911
15187,0.760271131992
15189,0.954829931259
15191,0.812237918377
15194,0.812991857529
15195,0.922270298004
15196,0.915542304516
15197,0.906365156174
15200,0.586975574493
15201,0.881982862949
15203,0.766195833683
15204,0.852103710175
15206,0.664717376232
15207,0.233539387584
15209,0.785770893097
15213,0.609569430351
15214,0.88205242157
15216,0.881903231144
15217,0.806259930134
15218,0.610111832619
15219,0.390201568604
15220,0.932355344296
15226,0.927530050278
15227,0.808462440968
15229,0.881233036518
15230,0.680225789547
15231,0.980628609657
15235,0.949044585228
15236,0.917793810368
15237,0.953202605247
15239,0.918790221214
15240,0.712415158749
15241,0.282926380634
15242,0.989018976688
15245,0.880031108856
15246,0.876092612743
15248,0.883279323578
15258,0.758453249931
15259,0.312282949686
15260,0.987293720245
15261,0.848046958447
15263,0.755709886551
15264,0.695460796356
15266,0.957028150558
15272,0.875913500786
15273,0.868398487568
15275,0.877871453762
15276,0.690853357315
15277,0.95983427763
15278,0.686408817768
15279,0.835181057453
15282,0.631880879402
15284,0.949398159981
15286,0.612310528755
15289,0.602730751038
15290,0.666360020638
15293,0.985183179379
15296,0.656739830971
15300,0.930724859238
15301,0.968539655209
15302,0.298928141594
15303,0.909909129143
15305,0.88651317358
15307,0.19888804853
15308,0.666195869446
15309,0.869962215424
15310,0.737267017365
15311,0.992002010345
15313,0.983837664127
15314,0.984732925892
15316,0.968643546104
15317,0.486248016357
15318,0.959734678268
15321,0.952083647251
15324,0.939767181873
15330,0.762932121754
15331,0.968301951885
15332,0.240938857198
15333,0.899160981178
15335,0.567996203899
15336,0.618510127068
15338,0.861087918282
15341,0.857343912125
15342,0.859757661819
15343,0.671758234501
15344,0.292984455824
15346,0.499616444111
15348,0.86251437664
15350,0.77238368988
15352,0.71931540966
15355,0.885471701622
15356,0.912566900253
15357,0.766333162785
15358,0.730002701283
15359,0.805601358414
15361,0.0982298180461
15362,0.525399506092
15363,0.870383560658
15366,0.875809252262
15368,0.732517123222
15369,0.850424528122
15370,0.764187693596
15378,0.72594755888
15382,0.545104801655
15383,0.981295883656
15384,0.695284545422
15390,0.983768284321
15391,0.84903049469
15392,0.936737835407
15393,0.507016301155
15397,0.989844679832
15400,0.8045399189
15401,0.897784650326
15402,0.435644835234
15404,0.623579204082
15405,0.862279117107
15406,0.932054519653
15410,0.873843729496
15414,0.960179388523
15415,0.91688233614
15417,0.403304904699
15419,0.939209938049
15420,0.271853089333
15421,0.898180484772
15422,0.903320789337
15423,0.764771282673
15427,0.885002553463
15429,0.795150399208
15435,0.962069690228
15438,0.984916090965
15440,0.62555962801
15441,0.79251819849
15442,0.791376411915
15443,0.735533297062
15447,0.163102969527
15453,0.714905023575
15456,0.467357009649
15460,0.828900814056
15462,0.9176197052
15463,0.844802975655
15465,0.957592606544
15468,0.962831199169
15475,0.723584771156
15476,0.847523331642
15485,0.854559898376
15487,0.909512758255
15491,0.955322027206
15492,0.871005415916
15495,0.84619051218
15497,0.425041556358
15498,0.781832396984
15499,0.899310648441
15511,0.704619348049
15513,0.210872337222
15520,0.903069674969
15521,0.720126092434
15522,0.645158529282
15523,0.819420874119
15525,0.94511038065
15528,0.924010694027
15532,0.908278405666
15534,0.78279030323
15537,0.898043990135
15540,0.781808614731
15543,0.801103055477
15544,0.819030463696
15546,0.978418588638
15548,0.956603467464
15549,0.635032773018
15550,0.788040161133
15553,0.876688718796
15558,0.767066001892
15564,0.841946363449
15565,0.986470878124
15566,0.88857281208
15567,0.905267000198
15569,0.899489939213
15571,0.693996071815
15575,0.718080282211
15576,0.646702349186
15581,0.912814199924
15583,0.210428252816
15590,0.722282886505
15595,0.737969458103
15597,0.94086265564
15600,0.891242802143
15602,0.835684716702
15603,0.957842230797
15607,0.882505536079
15608,0.971285939217
15609,0.701560974121
15610,0.886099874973
15615,0.735187351704
15617,0.937810003757
15618,0.982137024403
15619,0.967287361622
15622,0.79385560751
15625,0.726805686951
15627,0.586431980133
15630,0.809332251549
15631,0.912350833416
15634,0.947888851166
15635,0.97538870573
15637,0.950138151646
15639,0.57353502512
15642,0.92177772522
15643,0.809626698494
15646,0.847768843174
15648,0.99070507288
15653,0.941075325012
15654,0.963449478149
15656,0.767622590065
15658,0.755064606667
15659,0.678291857243
15660,0.243421539664
15663,0.878331065178
15666,0.650640904903
15668,0.987666010857
15669,0.871899902821
15671,0.954829096794
15676,0.841884672642
15683,0.639649927616
15684,0.899407863617
15685,0.651083469391
15686,0.967120409012
15696,0.664328336716
15697,0.813890457153
15698,0.977211833
15699,0.724400341511
15700,0.974362015724
15701,0.70478707552
15702,0.63435202837
15703,0.988485336304
15707,0.42199793458
15710,0.770329535007
15711,0.987947642803
15714,0.44075024128
15716,0.82441174984
15722,0.961977362633
15723,0.947207927704
15724,0.959412634373
15725,0.82750672102
15726,0.741389214993
15729,0.749277591705
15732,0.88308519125
15733,0.977486908436
15734,0.921064436436
15736,0.810243189335
15737,0.325025051832
15738,0.771871328354
15740,0.951807618141
15742,0.609969258308
15744,0.686635196209
15745,0.784272372723
15746,0.820979356766
15749,0.862080156803
15750,0.945191860199
15753,0.752218604088
15755,0.487555623055
15756,0.918705523014
15758,0.871517181396
15759,0.958895981312
15760,0.717781305313
15763,0.391554534435
15765,0.798860669136
15767,0.597394883633
15770,0.632752716541
15774,0.807874143124
15776,0.865303814411
15777,0.747549176216
15779,0.702768683434
15781,0.888949632645
15782,0.359058886766
15784,0.819038033485
15785,0.848698914051
15786,0.970306932926
15789,0.780437707901
15790,0.459489434958
15791,0.90929967165
15794,0.762977898121
15796,0.895276248455
15799,0.955620110035
15800,0.642994225025
15802,0.745860755444
15803,0.793778300285
15804,0.580116331577
15806,0.733385205269
15807,0.876152873039
15808,0.727418899536
15809,0.790073692799
15810,0.93480104208
15811,0.835474312305
15814,0.679567337036
15816,0.711946189404
15819,0.754548072815
15823,0.881460487843
15825,0.974740147591
15828,0.661764323711
15829,0.554812908173
15833,0.957814335823
15835,0.856518507004
15836,0.967166543007
15840,0.565948605537
15841,0.792277812958
15847,0.663273572922
15850,0.688173651695
15851,0.194218143821
15852,0.933396816254
15855,0.875240683556
15861,0.567797601223
15864,0.342992544174
15865,0.50518143177
15867,0.792982161045
15868,0.776840865612
15869,0.54268103838
15870,0.935510635376
15871,0.787789523602
15872,0.761581122875
15874,0.622951090336
15875,0.934982836246
15877,0.866035342216
15880,0.682244002819
15882,0.825790345669
15883,0.829509139061
15886,0.526580274105
15887,0.752569913864
15888,0.488290667534
15890,0.758893251419
15891,0.765199363232
15893,0.92631739378
15898,0.851399183273
15901,0.63777834177
15905,0.724882602692
15906,0.5545181036
15909,0.881571650505
15915,0.892190396786
15917,0.894992291927
15919,0.759609520435
15920,0.801406979561
15921,0.805778205395
15925,0.966229915619
15926,0.745971679688
15927,0.76394879818
15928,0.991010069847
15929,0.689755678177
15931,0.989405810833
15933,0.973396122456
15934,0.736387729645
15935,0.586821675301
15936,0.727602124214
15939,0.847189366817
15942,0.97439712286
15943,0.714819967747
15946,0.672160089016
15947,0.814600050449
15949,0.939623475075
15951,0.913307905197
15953,0.866114914417
15955,0.888088524342
15957,0.786071240902
15960,0.84690195322
15964,0.74505007267
15966,0.92970597744
15967,0.979314446449
15968,0.833176851273
15969,0.652880072594
15971,0.767840564251
15972,0.821009755135
15976,0.718872725964
15979,0.412809103727
15980,0.765639781952
15981,0.956845700741
15984,0.820876538754
15988,0.741223990917
15990,0.909199953079
15992,0.862056255341
15993,0.926213681698
15994,0.931369006634
15997,0.562233865261
16001,0.748477578163
16002,0.468716770411
16004,0.967254638672
16005,0.857925951481
16007,0.986618101597
16011,0.746611058712
16013,0.13539300859
16014,0.886787474155
16016,0.887397825718
16018,0.886864066124
16020,0.953490018845
16021,0.993966042995
16023,0.865807056427
16024,0.486821770668
16026,0.931940317154
16027,0.961697220802
16030,0.831761658192
16031,0.188547536731
16032,0.772889137268
16033,0.522326231003
16034,0.964312911034
16035,0.731293976307
16036,0.602671265602
16039,0.791114866734
16043,0.848515093327
16045,0.68466424942
16047,0.952643156052
16051,0.547553420067
16052,0.591529667377
16053,0.977446138859
16054,0.871318936348
16055,0.966782033443
16058,0.853074967861
16062,0.828670501709
16063,0.965709984303
16065,0.948970198631
16066,0.740423500538
16068,0.519976437092
16069,0.850598633289
16070,0.937045753002
16071,0.532485485077
16072,0.825875163078
16073,0.303632199764
16074,0.985890507698
16077,0.600248873234
16078,0.900205373764
16084,0.900245785713
16085,0.879591345787
16086,0.604161381721
16087,0.86448597908
16089,0.846265554428
16090,0.88939422369
16092,0.726819515228
16096,0.954178094864
16100,0.923549056053
16102,0.51774096489
16103,0.907868623734
16104,0.0697721242905
16105,0.904002487659
16106,0.92845761776
16107,0.717849731445
16110,0.780481874943
16113,0.731569170952
16117,0.8974365592
16118,0.875430226326
16122,0.68969142437
16123,0.462955325842
16126,0.962858736515
16128,0.588016152382
16131,0.902830421925
16132,0.955837190151
16133,0.648099660873
16134,0.666924238205
16135,0.970247328281
16136,0.320422232151
16137,0.951086759567
16139,0.777586758137
16141,0.966387093067
16143,0.79101896286
16146,0.975912034512
16147,0.746839284897
16148,0.675819933414
16151,0.930193603039
16156,0.641706049442
16157,0.899566233158
16160,0.69061923027
16162,0.665539562702
16163,0.695441961288
16164,0.785003602505
16165,0.924040019512
16167,0.767641365528
16168,0.979517579079
16169,0.601984739304
16170,0.981066703796
16172,0.852399349213
16174,0.716009795666
16175,0.902810573578
16176,0.878374218941
16178,0.586091637611
16179,0.904267847538
16180,0.475942254066
16181,0.916661441326
16182,0.845617175102
16184,0.914625227451
16186,0.919789791107
16187,0.59809499979
16188,0.877611458302
16189,0.62176412344
16191,0.769862234592
16192,0.565267860889
16193,0.518601775169
16196,0.988006711006
16198,0.684343099594
16199,0.926154255867
16200,0.941320955753
16201,0.619106769562
16202,0.694098055363
16203,0.294519931078
16206,0.714158594608
16208,0.438615530729
16210,0.721771299839
16212,0.991524994373
16213,0.641859591007
16216,0.962499022484
16217,0.717543900013
16218,0.801716148853
16221,0.770217180252
16222,0.856689214706
16224,0.893067479134
16231,0.710856318474
16233,0.936544120312
16234,0.464307934046
16236,0.947366476059
16239,0.985562443733
16240,0.711883664131
16245,0.379956394434
16248,0.673997282982
16249,0.720833897591
16250,0.839309692383
16251,0.939987063408
16252,0.675437033176
16253,0.63978600502
16255,0.868918418884
16256,0.647085189819
16257,0.898864328861
16258,0.843495666981
16260,0.534695327282
16261,0.925172328949
16266,0.431518852711
16268,0.816054344177
16269,0.752388834953
16272,0.836254537106
16273,0.831129491329
16277,0.799906611443
16279,0.952456355095
16282,0.934575021267
16283,0.97447258234
16290,0.815297961235
16291,0.5982452631
16293,0.97827064991
16297,0.401933968067
16298,0.8631336689
16301,0.68777525425
16303,0.9104372859
16304,0.434067517519
16309,0.900739312172
16314,0.838855862617
16315,0.823142945766
16316,0.732277393341
16318,0.900986433029
16320,0.798325121403
16321,0.461827009916
16323,0.975969731808
16325,0.640240430832
16328,0.628264129162
16330,0.911152660847
16332,0.731018066406
16335,0.664010941982
16343,0.412649005651
16345,0.803497612476
16348,0.973495960236
16349,0.890660047531
16351,0.562572062016
16352,0.591729819775
16353,0.829743564129
16354,0.957873106003
16355,0.569654762745
16356,0.636438548565
16357,0.840973675251
16359,0.84402436018
16361,0.621677517891
16362,0.693124353886
16364,0.98514521122
16365,0.895128846169
16366,0.690701186657
16367,0.667006194592
16368,0.761478245258
16373,0.963419020176
16374,0.767156541348
16375,0.876025319099
16376,0.88818192482
16381,0.595143914223
16382,0.962451756001
16384,0.807987570763
16385,0.949597537518
16386,0.676815390587
16387,0.96432363987
16390,0.746880173683
16391,0.733488321304
16395,0.716838181019
16399,0.778476417065
16401,0.778890430927
16402,0.906323432922
16403,0.9918795228
16404,0.670096874237
16408,0.617373526096
16410,0.567369282246
16411,0.901049017906
16414,0.978367626667
16416,0.708425045013
16417,0.896193981171
16420,0.731779694557
16423,0.179442867637
16428,0.818257749081
16429,0.935242176056
16431,0.882081270218
16432,0.796059012413
16433,0.884625852108
16435,0.346201181412
16436,0.830381453037
16437,0.954966902733
16439,0.407145440578
16440,0.580169379711
16442,0.996548593044
16446,0.492219656706
16447,0.654706537724
16448,0.470942676067
16449,0.907683432102
16450,0.904165029526
16451,0.118776202202
16452,0.745880126953
16453,0.937829375267
16455,0.958890616894
16458,0.924105465412
16459,0.912208795547
16460,0.841619729996
16462,0.926661014557
16463,0.873633623123
16464,0.962399065495
16465,0.828768074512
16467,0.868343412876
16470,0.790709078312
16473,0.54071855545
16475,0.851932704449
16477,0.961027145386
16478,0.159205585718
16479,0.933097720146
16480,0.927301347256
16483,0.879697144032
16485,0.907850921154
16489,0.279901206493
16490,0.696290493011
16491,0.172493085265
16492,0.978817641735
16494,0.856287539005
16495,0.960287213326
16502,0.871745944023
16503,0.961728453636
16505,0.979134678841
16507,0.235161349177
16512,0.715455472469
16514,0.21449509263
16515,0.914281249046
16516,0.977515280247
16517,0.858458399773
16523,0.876568615437
16526,0.971012830734
16529,0.764635980129
16530,0.822876036167
16532,0.976710021496
16533,0.920759618282
16535,0.874721288681
16537,0.841328322887
16538,0.890418708324
16539,0.941935896873
16540,0.849956452847
16542,0.53073900938
16546,0.525603830814
16549,0.493947416544
16550,0.86260920763
16551,0.744536519051
16554,0.899841308594
16555,0.744093537331
16560,0.687631487846
16562,0.917409777641
16563,0.734972119331
16565,0.983027338982
16566,0.717739760876
16569,0.639909863472
16573,0.945185661316
16579,0.778535068035
16580,0.771660029888
16581,0.431379705667
16582,0.956748247147
16584,0.71418017149
16588,0.435366690159
16591,0.64007371664
16592,0.488682478666
16593,0.973655045033
16594,0.933217167854
16595,0.824669122696
16599,0.788844048977
16602,0.70958840847
16604,0.980646491051
16608,0.30468994379
16609,0.815342724323
16612,0.856437027454
16614,0.962963402271
16616,0.950336158276
16622,0.878723025322
16624,0.921252787113
16628,0.659367084503
16629,0.784083008766
16632,0.832663476467
16634,0.227018654346
16635,0.969130337238
16637,0.67698097229
16638,0.732389390469
16640,0.989050865173
16642,0.848804533482
16643,0.771646022797
16644,0.693868756294
16647,0.846836805344
16651,0.474113941193
16652,0.342014759779
16653,0.941000461578
16654,0.950551688671
16655,0.527407824993
16656,0.68457365036
16658,0.977639019489
16659,0.882252633572
16661,0.847091495991
16664,0.929677546024
16666,0.793371021748
16674,0.611112892628
16675,0.638033628464
16676,0.988166630268
16677,0.106663510203
16680,0.640682160854
16687,0.843435943127
16688,0.762730240822
16690,0.93219846487
16694,0.937800645828
16696,0.754073798656
16697,0.778419792652
16700,0.905606806278
16704,0.984712481499
16705,0.61288523674
16706,0.986783385277
16707,0.842746376991
16709,0.883540213108
16710,0.898513674736
16712,0.611514568329
16713,0.699332535267
16714,0.812916517258
16716,0.604674696922
16719,0.485842615366
16720,0.657664179802
16723,0.816341936588
16724,0.968384325504
16726,0.864233672619
16727,0.784831702709
16729,0.88655936718
16733,0.818556725979
16736,0.970205783844
16738,0.901249825954
16739,0.950644612312
16740,0.823310494423
16741,0.930926024914
16742,0.333482325077
16743,0.457101106644
16745,0.80446600914
16746,0.527369439602
16749,0.896806895733
16752,0.980013072491
16753,0.548851370811
16754,0.156613692641
16756,0.994478464127
16761,0.967223227024
16763,0.698801994324
16764,0.875578522682
16770,0.888659060001
16771,0.963712334633
16773,0.580792427063
16774,0.926553964615
16775,0.838504910469
16776,0.949716150761
16777,0.787405014038
16778,0.921564102173
16779,0.977950155735
16780,0.692560195923
16781,0.702779054642
16786,0.756525874138
16789,0.967302083969
16790,0.709542274475
16793,0.973762571812
16795,0.286745727062
16796,0.916565895081
16797,0.773462831974
16799,0.898400485516
16801,0.963084638119
16804,0.902503669262
16807,0.62928879261
16810,0.9068364501
16812,0.903546988964
16815,0.669924497604
16818,0.883669555187
16819,0.548411846161
16821,0.440238595009
16824,0.935262799263
16826,0.841336369514
16827,0.921471774578
16829,0.804865121841
16835,0.985192298889
16839,0.911516189575
16841,0.870244622231
16842,0.919556260109
16843,0.683689415455
16844,0.822610616684
16846,0.449725568295
16847,0.688943147659
16848,0.746310472488
16849,0.798515737057
16851,0.798279166222
16853,0.630066215992
16855,0.80956530571
16857,0.917223989964
16858,0.588795244694
16861,0.527658939362
16862,0.751908481121
16864,0.816763162613
16868,0.827998697758
16870,0.746863901615
16871,0.854729175568
16875,0.416340410709
16876,0.692379236221
16880,0.771644413471
16885,0.689855694771
16886,0.405409634113
16890,0.730190455914
16891,0.922879993916
16892,0.763957381248
16893,0.426122188568
16895,0.512334227562
16897,0.744229614735
16899,0.810732066631
16907,0.734574377537
16908,0.678856313229
16910,0.84840285778
16911,0.646254003048
16912,0.844428360462
16915,0.786615312099
16917,0.767994999886
16919,0.911754369736
16920,0.911836564541
16923,0.810552954674
16929,0.971833944321
16932,0.930762290955
16936,0.702345430851
16937,0.780574440956
16939,0.97878998518
16940,0.843639433384
16943,0.831370890141
16944,0.19398637116
16946,0.971132338047
16948,0.944966435432
16950,0.539983868599
16951,0.905951499939
16952,0.755317628384
16953,0.806203424931
16954,0.892931461334
16955,0.964646995068
16958,0.921865999699
16959,0.936336815357
16960,0.421303093433
16961,0.880619883537
16962,0.667731583118
16963,0.59722417593
16966,0.777615487576
16967,0.789297997952
16969,0.939015626907
16970,0.879258334637
16972,0.516040146351
16973,0.933972775936
16974,0.587651133537
16976,0.748845934868
16977,0.988768935204
16979,0.856066346169
16980,0.696171164513
16981,0.777887046337
16982,0.688189566135
16984,0.27612054348
16986,0.604536890984
16991,0.871438860893
16993,0.748252332211
16999,0.95085054636
17000,0.951054215431
17002,0.62340170145
17003,0.988519847393
17007,0.805152893066
17009,0.544398069382
17010,0.978970229626
17011,0.747287333012
17012,0.915680348873
17013,0.851754128933
17014,0.745413303375
17015,0.901742815971
17017,0.389181494713
17022,0.815541148186
17023,0.887634992599
17028,0.912911534309
17029,0.450749367476
17031,0.878882408142
17035,0.841930031776
17040,0.841832637787
17041,0.956084191799
17042,0.829465687275
17045,0.956846237183
17046,0.83697193861
17047,0.680289924145
17050,0.78077507019
17052,0.335462421179
17054,0.675320744514
17055,0.950944542885
17057,0.849656462669
17062,0.75000411272
17063,0.7780585289
17064,0.978709459305
17067,0.95343542099
17068,0.983334898949
17072,0.519520223141
17073,0.772420704365
17075,0.970609128475
17076,0.97763478756
17078,0.935626804829
17079,0.899652183056
17080,0.968503057957
17082,0.701017916203
17083,0.361665487289
17085,0.972419083118
17086,0.778844237328
17088,0.958893895149
17091,0.523786067963
17093,0.872186422348
17094,0.918405652046
17096,0.816665410995
17097,0.85920971632
17100,0.977025926113
17101,0.962729752064
17102,0.530940592289
17103,0.625029444695
17104,0.994675636292
17105,0.864144206047
17106,0.974951684475
17113,0.622634887695
17117,0.828165233135
17118,0.770481228828
17119,0.215718075633
17121,0.515705049038
17124,0.773835718632
17125,0.755769789219
17126,0.886285960674
17127,0.836902141571
17128,0.924259603024
17130,0.74651068449
17131,0.732425451279
17132,0.553926110268
17133,0.583607494831
17134,0.242801517248
17136,0.806858241558
17139,0.936288535595
17140,0.715815126896
17141,0.699717760086
17142,0.972241103649
17143,0.941485106945
17144,0.301566570997
17149,0.525772631168
17150,0.986451268196
17155,0.420227915049
17159,0.640779972076
17160,0.76140421629
17161,0.74678337574
17162,0.797892689705
17163,0.540125727654
17164,0.90300232172
17165,0.767075121403
17166,0.766810953617
17169,0.634337007999
17174,0.976504385471
17175,0.889996170998
17176,0.719052672386
17184,0.921544551849
17185,0.98044359684
17186,0.917598664761
17187,0.873088240623
17188,0.70477193594
17189,0.775181055069
17191,0.886156201363
17192,0.750836968422
17193,0.820608317852
17196,0.706572473049
17197,0.915898501873
17198,0.635067939758
17200,0.965801596642
17201,0.583707392216
17203,0.687056839466
17204,0.771651566029
17207,0.826506912708
17208,0.682214379311
17210,0.749598324299
17211,0.90857988596
17213,0.910883426666
17214,0.955464541912
17219,0.795867502689
17223,0.557956576347
17225,0.620367348194
17226,0.801093459129
17228,0.980184495449
17231,0.986001133919
17236,0.671136140823
17237,0.661910355091
17239,0.992703795433
17241,0.756446301937
17244,0.535049676895
17245,0.519680798054
17247,0.987509727478
17248,0.962167024612
17252,0.791351616383
17253,0.962429761887
17255,0.705345928669
17256,0.162212178111
17257,0.617900252342
17258,0.881440937519
17260,0.859794735909
17263,0.721208631992
17264,0.651302397251
17265,0.974108576775
17268,0.712843418121
17270,0.590193271637
17275,0.622631728649
17276,0.990259945393
17278,0.82264649868
17279,0.796845555305
17285,0.166989728808
17286,0.605248868465
17288,0.943832337856
17290,0.941745996475
17292,0.847848773003
17293,0.955288827419
17294,0.837428987026
17295,0.854790747166
17298,0.782294392586
17306,0.512768864632
17307,0.853185772896
17308,0.581281423569
17311,0.724721848965
17314,0.987140119076
17315,0.383288174868
17318,0.940807580948
17320,0.85588312149
17322,0.956147253513
17323,0.327183097601
17324,0.795674920082
17327,0.861100792885
17328,0.2532120049
17332,0.818588137627
17333,0.9798656106
17335,0.980044305325
17337,0.961376607418
17338,0.874762833118
17339,0.80651140213
17341,0.97117292881
17342,0.693855643272
17344,0.308468341827
17347,0.928949356079
17348,0.827846229076
17349,0.820526361465
17350,0.741894364357
17355,0.880471348763
17358,0.924254953861
17359,0.900123655796
17360,0.804129183292
17361,0.4654763937
17364,0.705825805664
17365,0.727904140949
17367,0.64107722044
17369,0.967227697372
17370,0.884580790997
17371,0.83071231842
17372,0.980298101902
17373,0.898685991764
17374,0.708451032639
17376,0.789964616299
17377,0.824946701527
17379,0.875679552555
17382,0.663758635521
17388,0.565579295158
17389,0.931422054768
17390,0.857912182808
17392,0.680888295174
17393,0.829507410526
17395,0.982828676701
17396,0.954843640327
17399,0.475008696318
17400,0.790615856647
17401,0.722486615181
17406,0.958616435528
17407,0.768290400505
17409,0.616458296776
17411,0.826644539833
17412,0.964208364487
17414,0.952657580376
17416,0.974762022495
17417,0.976013302803
17421,0.827185750008
17422,0.795576632023
17423,0.765244662762
17424,0.739624381065
17425,0.878783047199
17427,0.951181769371
17429,0.916498064995
17431,0.686064958572
17433,0.860322654247
17434,0.329000681639
17438,0.820209980011
17441,0.968305528164
17442,0.608847737312
17443,0.970301747322
17445,0.891196787357
17446,0.628972172737
17450,0.984751105309
17451,0.561184465885
17452,0.501388251781
17454,0.741028189659
17457,0.943890333176
17459,0.817430138588
17460,0.789419829845
17463,0.768580555916
17464,0.915380954742
17465,0.903441905975
17468,0.601112246513
17469,0.955052673817
17477,0.852120041847
17482,0.67758256197
17485,0.79575240612
17489,0.951971054077
17491,0.908918440342
17493,0.803405940533
17496,0.945910334587
17498,0.60617607832
17501,0.893664598465
17506,0.908710956573
17511,0.618034183979
17515,0.484481096268
17516,0.742999196053
17518,0.177203774452
17520,0.886930286884
17523,0.266588926315
17524,0.978751718998
17527,0.669157624245
17528,0.59680557251
17529,0.976970732212
17530,0.665192902088
17531,0.673584103584
17532,0.624100446701
17533,0.918252527714
17534,0.872788190842
17536,0.703158378601
17538,0.978317379951
17543,0.798108398914
17544,0.981761157513
17545,0.947301208973
17546,0.915200233459
17548,0.637377202511
17550,0.956401288509
17552,0.897447645664
17554,0.761949598789
17555,0.927520155907
17560,0.901313126087
17562,0.659348905087
17563,0.554056406021
17569,0.88840597868
17570,0.398903280497
17571,0.980625987053
17572,0.633547484875
17573,0.908131837845
17575,0.86732840538
17576,0.858095765114
17577,0.243732258677
17579,0.75446075201
17581,0.769078791142
17584,0.691241919994
17586,0.766301989555
17588,0.932835698128
17589,0.537130892277
17590,0.841790556908
17592,0.863201081753
17594,0.946196138859
17595,0.604545414448
17596,0.904722630978
17598,0.567037343979
17600,0.978489041328
17601,0.894975781441
17603,0.503312885761
17604,0.933453202248
17605,0.86089771986
17606,0.901392579079
17609,0.844577908516
17612,0.881483793259
17614,0.878445744514
17615,0.563522338867
17617,0.669341206551
17618,0.809298574924
17620,0.801693737507
17621,0.956366300583
17623,0.872222959995
17627,0.739013016224
17633,0.755955457687
17636,0.842341780663
17638,0.59685331583
17641,0.987428843975
17642,0.304136037827
17643,0.490128427744
17644,0.962019145489
17646,0.529170930386
17647,0.905837535858
17648,0.685081422329
17652,0.985168576241
17657,0.421098291874
17658,0.722463190556
17660,0.894386768341
17669,0.859739661217
17672,0.510532081127
17673,0.984805762768
17675,0.976348340511
17679,0.985747754574
17680,0.684651851654
17681,0.791774868965
17682,0.434576332569
17683,0.922653496265
17686,0.823974728584
17688,0.925164580345
17690,0.989620447159
17691,0.839329063892
17692,0.953500449657
17696,0.980803489685
17698,0.64588278532
17700,0.607581913471
17701,0.914304673672
17702,0.799777209759
17703,0.915335714817
17704,0.912689328194
17705,0.739871442318
17706,0.863390147686
17707,0.653229236603
17709,0.712509870529
17712,0.668638348579
17717,0.923487722874
17719,0.821200072765
17730,0.926560997963
17733,0.768943011761
17738,0.849125385284
17740,0.979754924774
17743,0.935407459736
17744,0.775536239147
17746,0.777182221413
17747,0.924083173275
17748,0.165098980069
17751,0.918078780174
17752,0.715710699558
17753,0.690479457378
17757,0.942754507065
17758,0.582209229469
17767,0.723841249943
17768,0.707168877125
17771,0.847078979015
17772,0.803736150265
17773,0.770079433918
17777,0.984402060509
17778,0.967223763466
17779,0.815772533417
17781,0.852272868156
17782,0.963900923729
17787,0.505775213242
17788,0.795132339001
17789,0.734915673733
17790,0.874334990978
17791,0.861221134663
17792,0.857348680496
17794,0.604875326157
17799,0.502849578857
17800,0.941971421242
17801,0.379264682531
17802,0.767627835274
17803,0.684184789658
17804,0.870601058006
17806,0.926037430763
17808,0.321003884077
17811,0.928301632404
17812,0.709917187691
17814,0.931707799435
17816,0.89990478754
17822,0.786320745945
17824,0.516410052776
17825,0.692341208458
17826,0.878013134003
17828,0.851390361786
17829,0.863713264465
17830,0.806368291378
17831,0.893219470978
17833,0.994257688522
17834,0.6495860219
17835,0.702193677425
17836,0.784262657166
17842,0.669403076172
17846,0.660154879093
17852,0.691986501217
17853,0.77471858263
17854,0.768588602543
17857,0.269799411297
17858,0.809686243534
17859,0.709328889847
17860,0.641463518143
17861,0.778571665287
17863,0.648507475853
17864,0.964844048023
17865,0.579235255718
17866,0.872462749481
17868,0.944712638855
17869,0.859674215317
17870,0.759440600872
17872,0.703743934631
17874,0.897685050964
17875,0.965185344219
17878,0.795970618725
17879,0.964116632938
17882,0.994528949261
17888,0.593035042286
17889,0.967520713806
17890,0.967717409134
17891,0.981109142303
17892,0.970514953136
17894,0.782479524612
17898,0.939788937569
17906,0.708137989044
17907,0.691167414188
17908,0.803112030029
17911,0.898551285267
17912,0.186102315784
17914,0.670026004314
17916,0.834281861782
17919,0.626368820667
17920,0.968717157841
17921,0.85957378149
17922,0.417615830898
17923,0.653136670589
17925,0.956935465336
17927,0.516854166985
17928,0.601724982262
17929,0.868144869804
17931,0.829196691513
17932,0.969865143299
17933,0.96054649353
17935,0.826743483543
17937,0.716480374336
17940,0.989537358284
17941,0.469290018082
17945,0.961707293987
17947,0.803654372692
17948,0.384035050869
17951,0.565702438354
17958,0.957058608532
17961,0.909143507481
17964,0.888204455376
17969,0.883399307728
17970,0.527534067631
17973,0.713410973549
17974,0.725051879883
17976,0.926786005497
17977,0.841427087784
17978,0.725246906281
17979,0.945605695248
17981,0.836358070374
17982,0.767526566982
17983,0.858174681664
17984,0.953084647655
17986,0.819986462593
17987,0.744355082512
17989,0.877910494804
17990,0.572838664055
17992,0.944041669369
17995,0.475636899471
17997,0.873049080372
17999,0.51380944252
18003,0.844097733498
18009,0.97207224369
18010,0.736997425556
18012,0.616901695728
18013,0.686587810516
18014,0.723402500153
18016,0.783838450909
18019,0.98868060112
18020,0.744546711445
18023,0.805549502373
18025,0.911404311657
18027,0.931303858757
18030,0.98464268446
18032,0.969831943512
18035,0.542201459408
18036,0.810174524784
18038,0.605158865452
18040,0.62074136734
18041,0.964731633663
18042,0.902186453342
18043,0.658075153828
18044,0.921172857285
18046,0.972870051861
18047,0.847432553768
18049,0.879714727402
18050,0.911497116089
18051,0.619308769703
18052,0.949545621872
18056,0.578105926514
18059,0.991322755814
18060,0.696507275105
18061,0.834513008595
18063,0.859855532646
18064,0.878214538097
18067,0.851752340794
18071,0.773668766022
18072,0.902364730835
18073,0.918827652931
18075,0.928512871265
18077,0.669579565525
18078,0.936559796333
18079,0.85245513916
18080,0.891412675381
18081,0.938611745834
18082,0.814165949821
18083,0.980343818665
18084,0.873249471188
18085,0.908571302891
18086,0.947450578213
18092,0.769066274166
18093,0.602032959461
18094,0.675174057484
18096,0.840274631977
18097,0.812552750111
18098,0.706674993038
18100,0.864983320236
18101,0.233045741916
18102,0.476888924837
18109,0.76677852869
18110,0.76040238142
18111,0.922154009342
18115,0.876387536526
18117,0.986257135868
18118,0.470569342375
18120,0.724468111992
18122,0.478459477425
18123,0.737413227558
18124,0.946423113346
18125,0.374792337418
18132,0.938304543495
18135,0.898603916168
18138,0.53879326582
18139,0.889388561249
18143,0.872837007046
18144,0.66679418087
18152,0.928009808064
18155,0.975696444511
18156,0.628050982952
18157,0.720371127129
18161,0.123109728098
18166,0.84396648407
18168,0.703985571861
18169,0.512902677059
18170,0.787023425102
18171,0.80190461874
18172,0.481032371521
18173,0.976013064384
18174,0.985204100609
18175,0.932375729084
18179,0.521852552891
18182,0.924795985222
18183,0.834197700024
18184,0.565841495991
18185,0.783494234085
18186,0.587156772614
18189,0.884932816029
18190,0.829626619816
18192,0.970873236656
18193,0.734949886799
18194,0.791257917881
18196,0.750538051128
18199,0.951581954956
18200,0.949292480946
18203,0.611351966858
18204,0.595506548882
18205,0.866695702076
18206,0.925449669361
18209,0.612323045731
18210,0.904657661915
18216,0.780167818069
18218,0.264045596123
18219,0.897575318813
18220,0.867688894272
18223,0.819154083729
18224,0.880745828152
18227,0.886064946651
18229,0.742905318737
18231,0.765172541142
18232,0.788628160954
18235,0.693294763565
18237,0.773910880089
18238,0.751189112663
18241,0.852063000202
18244,0.721085786819
18246,0.834741771221
18248,0.947585523129
18249,0.953731238842
18251,0.777055680752
18257,0.91360360384
18258,0.792225778103
18260,0.891612350941
18265,0.890924274921
18266,0.752547025681
18270,0.899062395096
18271,0.261027157307
18272,0.80414056778
18273,0.577498674393
18274,0.916957736015
18277,0.773858726025
18280,0.83397680521
18281,0.926863133907
18285,0.749797701836
18286,0.939113199711
18287,0.641489982605
18288,0.825530707836
18289,0.888516426086
18290,0.88848555088
18291,0.660241961479
18293,0.747156918049
18296,0.735085010529
18299,0.78982436657
18301,0.728008925915
18303,0.941831111908
18304,0.923639059067
18306,0.943285107613
18310,0.978533983231
18312,0.977969884872
18315,0.970228135586
18316,0.555802047253
18319,0.689680576324
18322,0.988949298859
18324,0.629706025124
18328,0.515367925167
18332,0.453706175089
18334,0.657201707363
18336,0.987925648689
18337,0.505156815052
18338,0.570509254932
18339,0.754937708378
18349,0.968981683254
18351,0.860837221146
18352,0.871462643147
18354,0.369131445885
18355,0.641697943211
18358,0.334065496922
18359,0.577902376652
18360,0.972162663937
18361,0.755278766155
18363,0.666457653046
18365,0.9900406003
18368,0.553351700306
18369,0.853005707264
18371,0.771666944027
18375,0.973753869534
18377,0.824512720108
18378,0.67693400383
18379,0.970327913761
18381,0.693054676056
18382,0.974886059761
18389,0.671166360378
18392,0.974018990993
18397,0.700186908245
18398,0.968663752079
18399,0.811513602734
18403,0.953716278076
18404,0.94608849287
18406,0.788511514664
18408,0.920098125935
18412,0.9432913661
18414,0.976617276669
18415,0.610263943672
18417,0.884804546833
18420,0.647160053253
18423,0.943028986454
18425,0.717726528645
18426,0.446061909199
18428,0.912590444088
18432,0.984877347946
18434,0.673681199551
18435,0.613473057747
18438,0.761637270451
18440,0.923693060875
18443,0.66306334734
18444,0.947389662266
18447,0.756417036057
18448,0.797421753407
18451,0.98756057024
18453,0.961926281452
18455,0.945937395096
18458,0.632050395012
18462,0.761496841908
18464,0.761183261871
18465,0.876234650612
18466,0.755628347397
18470,0.889351248741
18472,0.898166060448
18473,0.360474020243
18475,0.786926031113
18476,0.891498029232
18479,0.921542644501
18480,0.954624831676
18481,0.897352278233
18482,0.621477723122
18483,0.921664714813
18486,0.900317728519
18487,0.510872244835
18488,0.744388401508
18490,0.822360813618
18491,0.512448906898
18492,0.928305447102
18493,0.878197908401
18494,0.812785506248
18495,0.564165472984
18496,0.897619903088
18498,0.987305760384
18499,0.669409990311
18504,0.954367399216
18508,0.829776227474
18509,0.834546506405
18510,0.674122393131
18511,0.9001942873
18516,0.848694264889
18519,0.467663049698
18520,0.960604906082
18521,0.907065808773
18522,0.574379086494
18524,0.838187217712
18525,0.750699341297
18528,0.521341741085
18530,0.959955096245
18532,0.571170568466
18533,0.991423666477
18534,0.946112394333
18535,0.652175366879
18537,0.838830769062
18538,0.480660110712
18539,0.906500399113
18541,0.708065390587
18542,0.759479403496
18543,0.695911288261
18545,0.938520312309
18550,0.734409272671
18558,0.870482623577
18560,0.948723316193
18561,0.61968678236
18564,0.581957042217
18565,0.940859138966
18566,0.715758144855
18567,0.674629092216
18572,0.642794072628
18574,0.852462351322
18575,0.975013971329
18577,0.698666870594
18578,0.839527308941
18580,0.563716113567
18582,0.867104828358
18583,0.916261255741
18584,0.947336316109
18585,0.870365142822
18586,0.863348543644
18589,0.881314635277
18591,0.797432303429
18592,0.251605659723
18597,0.152062550187
18598,0.984463870525
18599,0.923361361027
18603,0.800610303879
18604,0.846515774727
18605,0.928592979908
18608,0.362663209438
18609,0.932559609413
18611,0.638474225998
18612,0.51270544529
18614,0.884294331074
18616,0.718720853329
18618,0.724906146526
18620,0.772708594799
18622,0.708654344082
18623,0.975392401218
18625,0.862220883369
18626,0.899198830128
18629,0.933946013451
18632,0.949837446213
18635,0.616500735283
18637,0.945213794708
18638,0.968149960041
18639,0.653198122978
18640,0.843039751053
18642,0.938894271851
18643,0.748661577702
18645,0.846446633339
18646,0.842242240906
18649,0.838308930397
18650,0.963022947311
18651,0.713350594044
18653,0.701574325562
18656,0.748490035534
18659,0.935045063496
18660,0.868724048138
18661,0.917239069939
18662,0.897476732731
18663,0.839218080044
18667,0.858816325665
18671,0.929611623287
18672,0.817913234234
18674,0.426953494549
18675,0.692863762379
18678,0.929892659187
18681,0.94367992878
18682,0.901198506355
18684,0.769331872463
18686,0.793226718903
18689,0.510429024696
18693,0.566972017288
18694,0.92050921917
18696,0.914243578911
18697,0.914677977562
18698,0.794904589653
18699,0.984168767929
18702,0.819477617741
18704,0.802276492119
18705,0.768129467964
18711,0.466469556093
18712,0.893777906895
18713,0.862064003944
18716,0.904192209244
18718,0.888400316238
18719,0.970080733299
18721,0.919021129608
18724,0.826908826828
18728,0.569174766541
18732,0.0526181347668
18734,0.867932379246
18735,0.68099707365
18736,0.745721995831
18737,0.707470595837
18738,0.949684083462
18739,0.0601986795664
18743,0.626367866993
18745,0.921760439873
18746,0.950792372227
18748,0.391407340765
18750,0.709605813026
18752,0.815914511681
18757,0.740794658661
18760,0.898602962494
18761,0.965581715107
18764,0.872887134552
18765,0.705672442913
18766,0.925195395947
18767,0.758104205132
18768,0.969742119312
18773,0.107477262616
18775,0.726956725121
18778,0.572797298431
18779,0.908917307854
18780,0.370391249657
18782,0.855265140533
18785,0.968370914459
18786,0.879530072212
18787,0.710085391998
18788,0.986605226994
18789,0.985930919647
18791,0.722728550434
18794,0.870901286602
18795,0.837713301182
18800,0.776904582977
18802,0.965996444225
18803,0.859732449055
18804,0.927975893021
18806,0.870040416718
18810,0.292202204466
18814,0.67401599884
18815,0.686470150948
18816,0.440390020609
18818,0.745095312595
18820,0.871603548527
18821,0.791826248169
18823,0.384666919708
18824,0.952328443527
18826,0.666600167751
18828,0.945202171803
18833,0.785229384899
18834,0.983934223652
18839,0.342732220888
18841,0.901888847351
18845,0.709022164345
18846,0.978993177414
18847,0.625742077827
18848,0.889705955982
18851,0.868690609932
18852,0.77325963974
18853,0.141055628657
18855,0.947754263878
18860,0.9304240942
18863,0.804156303406
18865,0.843459904194
18868,0.766676187515
18869,0.66717672348
18870,0.942989766598
18873,0.90234541893
18876,0.808892071247
18877,0.749090075493
18880,0.843386173248
18882,0.643052339554
18883,0.88578659296
18886,0.947668731213
18887,0.919628977776
18892,0.494973868132
18893,0.718059301376
18896,0.89115947485
18897,0.983539104462
18900,0.580897152424
18904,0.661244153976
18905,0.97334176302
18907,0.514752447605
18911,0.879087686539
18915,0.878948032856
18916,0.468302488327
18918,0.856096863747
18920,0.772445261478
18922,0.89737534523
18923,0.986642837524
18926,0.990245580673
18927,0.680517792702
18928,0.767746567726
18930,0.834674298763
18931,0.919530689716
18934,0.851187884808
18935,0.885083377361
18939,0.961790323257
18942,0.834763348103
18943,0.882284343243
18944,0.715598344803
18949,0.73808991909
18951,0.920966029167
18954,0.919797956944
18955,0.603265047073
18957,0.622714459896
18962,0.503743946552
18963,0.22857247293
18964,0.578636527061
18967,0.959374964237
18968,0.825492918491
18969,0.573317050934
18970,0.809209644794
18972,0.509256660938
18974,0.802736401558
18975,0.908624053001
18976,0.842743754387
18977,0.447829127312
18979,0.0837740376592
18980,0.670415341854
18987,0.976121008396
18993,0.89584928751
18995,0.617817461491
18998,0.920327544212
19000,0.68243265152
19001,0.651365756989
19002,0.654763460159
19003,0.984989881516
19004,0.818213641644
19006,0.74264985323
19008,0.805001139641
19009,0.528797268867
19011,0.591193079948
19013,0.968844711781
19016,0.793986201286
19017,0.558420419693
19023,0.410127162933
19025,0.892776191235
19026,0.903903722763
19030,0.962874054909
19031,0.806726753712
19033,0.654299736023
19035,0.94859546423
19038,0.92570066452
19039,0.426764816046
19040,0.780602931976
19041,0.877624213696
19043,0.969736635685
19044,0.554311752319
19045,0.118719667196
19046,0.965316176414
19049,0.707327842712
19053,0.479611039162
19055,0.880512177944
19058,0.785222113132
19063,0.680926322937
19064,0.741933822632
19066,0.84991300106
19068,0.96753847599
19070,0.857073605061
19071,0.835677146912
19072,0.702084362507
19075,0.914180994034
19076,0.749254703522
19078,0.663287103176
19083,0.990243852139
19084,0.849505722523
19085,0.867421805859
19086,0.863573074341
19087,0.948609411716
19091,0.981000065804
19093,0.944790959358
19095,0.831463038921
19099,0.87503528595
19102,0.986663341522
19103,0.994732499123
19104,0.70706808567
19105,0.729134142399
19106,0.721886754036
19108,0.907009124756
19109,0.719378888607
19110,0.820302128792
19111,0.702777266502
19115,0.556456327438
19116,0.773803591728
19117,0.713691234589
19118,0.943002641201
19119,0.604707896709
19121,0.960377991199
19122,0.941612243652
19123,0.863095104694
19128,0.756990492344
19129,0.804786145687
19130,0.869800984859
19133,0.655040740967
19134,0.886882305145
19137,0.972906410694
19138,0.0997856929898
19140,0.941663622856
19141,0.416531831026
19142,0.911710858345
19143,0.949423849583
19144,0.654900431633
19145,0.776237547398
19146,0.867467999458
19148,0.712496578693
19149,0.968107640743
19151,0.683928310871
19154,0.902904272079
19155,0.971296072006
19156,0.737606406212
19157,0.966875612736
19162,0.233187943697
19163,0.637721061707
19165,0.97668504715
19166,0.889503419399
19168,0.983653068542
19171,0.296399652958
19174,0.980434119701
19175,0.817296206951
19177,0.795979619026
19178,0.810406863689
19179,0.742918491364
19180,0.329646378756
19182,0.94202464819
19184,0.822550773621
19185,0.775293767452
19187,0.859223008156
19188,0.345212370157
19190,0.815917909145
19195,0.846982777119
19198,0.377548694611
19200,0.966495871544
19201,0.848018407822
19202,0.637700021267
19205,0.908259034157
19207,0.54403424263
19209,0.879870057106
19212,0.902560710907
19214,0.975145578384
19215,0.884199440479
19216,0.818301856518
19217,0.682879388332
19220,0.306844979525
19221,0.923081636429
19225,0.866160154343
19227,0.701210260391
19228,0.643471837044
19229,0.89088755846
19232,0.696008205414
19233,0.975855588913
19234,0.956367135048
19235,0.981603205204
19237,0.23282186687
19238,0.859230160713
19239,0.0569189228117
19243,0.737739562988
19245,0.923969566822
19248,0.908259451389
19250,0.809429764748
19255,0.969644486904
19256,0.489558368921
19257,0.948410153389
19259,0.972906470299
19262,0.676609933376
19263,0.723121702671
19264,0.850181996822
19265,0.964224636555
19266,0.84658741951
19267,0.901241004467
19272,0.432959169149
19274,0.656246423721
19275,0.831205964088
19276,0.772537827492
19277,0.854876041412
19278,0.920921266079
19279,0.7898914814
19281,0.71914845705
19282,0.745389461517
19283,0.737460911274
19284,0.946154117584
19285,0.877273976803
19287,0.896767377853
19288,0.371915578842
19292,0.970238149166
19293,0.952978134155
19294,0.658425569534
19296,0.950130701065
19297,0.525626599789
19298,0.937553703785
19300,0.699342250824
19301,0.362745285034
19304,0.919852733612
19305,0.950771689415
19306,0.953583478928
19307,0.96432942152
19308,0.545735359192
19309,0.834715664387
19310,0.904582738876
19316,0.695487976074
19318,0.905689835548
19319,0.926964700222
19320,0.537368416786
19322,0.958508968353
19323,0.526997148991
19325,0.45375880599
19330,0.817256569862
19332,0.32569539547
19333,0.808638989925
19334,0.962225437164
19335,0.841528773308
19336,0.852547049522
19341,0.212916955352
19342,0.835869669914
19343,0.967203140259
19345,0.912084698677
19351,0.802698493004
19355,0.845668077469
19357,0.780592799187
19358,0.771848320961
19366,0.72155725956
19370,0.706500947475
19371,0.732519209385
19372,0.918238699436
19374,0.74400216341
19377,0.793332695961
19379,0.789485514164
19380,0.173812285066
19381,0.942671060562
19383,0.498759835958
19384,0.684036493301
19386,0.965438008308
19388,0.714294433594
19390,0.679579496384
19392,0.692124545574
19393,0.96754693985
19396,0.628751635551
19398,0.987736821175
19400,0.977690398693
19401,0.939581096172
19402,0.831781327724
19404,0.949833154678
19406,0.853612065315
19411,0.710881650448
19414,0.616765260696
19417,0.713852286339
19418,0.835319399834
19419,0.823746860027
19422,0.453795522451
19427,0.500898182392
19428,0.928204357624
19429,0.69638055563
19430,0.924026072025
19432,0.827410042286
19433,0.924522519112
19434,0.970349013805
19436,0.767294764519
19437,0.729775130749
19440,0.936062276363
19441,0.503299295902
19445,0.572859168053
19447,0.939862906933
19449,0.983296632767
19450,0.960558772087
19451,0.957990467548
19452,0.824172139168
19454,0.516000032425
19461,0.781356990337
19463,0.984810531139
19466,0.865503787994
19467,0.393014937639
19469,0.982476353645
19470,0.633612036705
19471,0.925429940224
19472,0.888738393784
19474,0.425619602203
19477,0.673228621483
19478,0.80277711153
19479,0.918515384197
19481,0.895998418331
19482,0.779063224792
19483,0.952604949474
19484,0.887829840183
19485,0.827286541462
19486,0.906285226345
19487,0.934344470501
19490,0.271727740765
19492,0.659379243851
19493,0.878415584564
19495,0.948623776436
19496,0.883504927158
19499,0.976785778999
19502,0.854233264923
19503,0.80557847023
19504,0.861971735954
19506,0.794687867165
19511,0.742786824703
19512,0.897307097912
19514,0.810291647911
19516,0.962412297726
19517,0.664827287197
19518,0.706817567348
19520,0.853156208992
19521,0.904047906399
19522,0.848941206932
19524,0.860824227333
19525,0.910296082497
19526,0.331288158894
19528,0.490086346865
19529,0.709240972996
19531,0.753891289234
19533,0.658764362335
19536,0.958131492138
19538,0.79248893261
19539,0.959668338299
19544,0.88378071785
19545,0.742468595505
19546,0.902270197868
19547,0.958075046539
19550,0.72581410408
19552,0.807255744934
19553,0.786353886127
19555,0.471192598343
19556,0.912408590317
19557,0.981664061546
19559,0.865044593811
19560,0.88843280077
19561,0.506391048431
19562,0.898134410381
19565,0.706474900246
19567,0.958164989948
19569,0.954564213753
19570,0.94028121233
19573,0.934158205986
19574,0.922244846821
19577,0.79038977623
19581,0.765838265419
19584,0.964288532734
19586,0.476218402386
19587,0.654621303082
19589,0.766360044479
19590,0.503556191921
19591,0.474669158459
19595,0.712931156158
19601,0.538558602333
19602,0.949518740177
19605,0.954530715942
19606,0.69146835804
19607,0.718988716602
19608,0.625570654869
19609,0.792900502682
19610,0.897479712963
19611,0.926827192307
19614,0.835503518581
19615,0.66761046648
19617,0.770162820816
19619,0.821069359779
19620,0.622291684151
19623,0.395371496677
19624,0.658475399017
19627,0.967589795589
19629,0.357509166002
19630,0.833121359348
19631,0.689814865589
19634,0.682339966297
19636,0.90857809782
19637,0.902861714363
19639,0.747119367123
19640,0.81861436367
19643,0.893996059895
19645,0.903523921967
19652,0.362246513367
19655,0.888519704342
19656,0.340338677168
19659,0.788914680481
19661,0.615400850773
19664,0.467979520559
19665,0.878243148327
19666,0.878030240536
19667,0.81315022707
19668,0.83097243309
19672,0.967189192772
19673,0.617529094219
19674,0.870715856552
19676,0.790116012096
19677,0.908832252026
19682,0.994391620159
19683,0.822758853436
19687,0.920742332935
19688,0.987270474434
19690,0.806647896767
19692,0.927452981472
19693,0.650307893753
19694,0.987769782543
19696,0.412002563477
19697,0.989955186844
19698,0.208066374063
19699,0.691915869713
19700,0.795803427696
19701,0.949298024178
19702,0.700082063675
19709,0.799410820007
19710,0.969171404839
19714,0.780153751373
19715,0.639940023422
19717,0.842568337917
19719,0.971752166748
19722,0.787713885307
19723,0.791142344475
19727,0.503482341766
19730,0.974735319614
19733,0.60312795639
19735,0.880005478859
19736,0.981840670109
19739,0.951229989529
19740,0.855083346367
19742,0.695989370346
19743,0.762043356895
19744,0.826122999191
19748,0.626207232475
19750,0.778801083565
19752,0.672681212425
19754,0.920509517193
19756,0.866881251335
19757,0.735197901726
19758,0.732517421246
19761,0.869551718235
19763,0.763515412807
19764,0.876746594906
19768,0.737086594105
19773,0.65821647644
19774,0.765574097633
19775,0.683449864388
19777,0.887122035027
19778,0.506213545799
19780,0.968308091164
19782,0.68338906765
19785,0.870552957058
19786,0.888909995556
19787,0.943375885487
19791,0.783644139767
19794,0.93656462431
19795,0.731762528419
19796,0.630482554436
19800,0.754134237766
19802,0.753555238247
19803,0.706669330597
19805,0.737005472183
19806,0.951741755009
19808,0.864629685879
19810,0.744089007378
19814,0.881872296333
19817,0.864042460918
19821,0.929693222046
19823,0.614143013954
19824,0.893490612507
19826,0.952840089798
19834,0.893169879913
19836,0.575818181038
19837,0.702150702477
19838,0.949380159378
19839,0.861989736557
19840,0.605427324772
19841,0.982097327709
19843,0.9647346735
19848,0.473172545433
19849,0.878119707108
19850,0.922880291939
19851,0.809780299664
19852,0.804591178894
19853,0.990786969662
19855,0.946676015854
19857,0.246080622077
19861,0.866298794746
19862,0.958036839962
19866,0.77833044529
19867,0.261134237051
19868,0.574474990368
19872,0.994446992874
19874,0.493685126305
19876,0.773548007011
19879,0.429487705231
19881,0.530413150787
19882,0.912399590015
19883,0.824357151985
19885,0.842799127102
19887,0.77085930109
19888,0.684426665306
19889,0.317242592573
19893,0.813023269176
19896,0.8896676898
19904,0.692196190357
19906,0.842677474022
19908,0.969268083572
19911,0.909200429916
19913,0.924602627754
19915,0.981162667274
19917,0.857924580574
19918,0.571541547775
19921,0.830563783646
19924,0.924448132515
19925,0.951883196831
19927,0.77107745409
19928,0.940420150757
19930,0.797397315502
19935,0.974758625031
19936,0.709983468056
19938,0.799621582031
19939,0.822200655937
19940,0.85607868433
19942,0.96765679121
19943,0.609679758549
19944,0.647847473621
19945,0.882662415504
19948,0.930045306683
19949,0.896166801453
19950,0.336401969194
19952,0.982271432877
19954,0.872568488121
19956,0.936375796795
19958,0.824395298958
19961,0.767684042454
19962,0.983576476574
19963,0.722960889339
19965,0.851588308811
19966,0.771827697754
19967,0.797362744808
19968,0.844807505608
19972,0.676178097725
19975,0.75587284565
19981,0.973450779915
19982,0.885578989983
19983,0.926983594894
19986,0.223419055343
19990,0.829803466797
19992,0.746413052082
19993,0.779576480389
19996,0.770122885704
19997,0.377155661583
19999,0.816465258598
20001,0.813371539116
20003,0.865141451359
20006,0.444742321968
20007,0.775796830654
20008,0.546507716179
20011,0.903907060623
20013,0.673077762127
20014,0.957445383072
20015,0.98343360424
20016,0.787325322628
20027,0.850882768631
20028,0.35044965148
20029,0.942871630192
20030,0.864080965519
20032,0.987651705742
20034,0.349789351225
20035,0.925810694695
20037,0.734154760838
20039,0.932423651218
20040,0.777773916721
20044,0.822541892529
20045,0.495918363333
20048,0.736060798168
20051,0.104186199605
20052,0.969691038132
20053,0.958417236805
20058,0.949477493763
20060,0.797102689743
20061,0.719266593456
20062,0.749874413013
20063,0.642278075218
20064,0.607687056065
20066,0.656173467636
20067,0.969119668007
20069,0.901012480259
20070,0.935655891895
20071,0.821546137333
20072,0.658312439919
20077,0.986664175987
20079,0.537886977196
20080,0.463508546352
20081,0.831462681293
20085,0.815455436707
20088,0.91397023201
20090,0.801873743534
20094,0.978093266487
20095,0.558488249779
20097,0.58885550499
20098,0.484640091658
20099,0.831011474133
20100,0.93575245142
20103,0.833146929741
20107,0.832706332207
20108,0.888404905796
20109,0.814581573009
20115,0.860987961292
20120,0.649541139603
20124,0.963440954685
20127,0.959894478321
20131,0.666554689407
20132,0.985129833221
20135,0.608978927135
20137,0.482435077429
20138,0.620299398899
20142,0.956057727337
20146,0.57009780407
20148,0.988553404808
20149,0.989141941071
20150,0.722934305668
20151,0.932933449745
20153,0.755584478378
20154,0.96834218502
20156,0.904814362526
20157,0.868156731129
20160,0.751899898052
20162,0.943287968636
20165,0.878934144974
20168,0.98509812355
20169,0.919531166553
20173,0.424121439457
20174,0.068343564868
20175,0.845999956131
20176,0.710210025311
20178,0.85328322649
20180,0.993247866631
20181,0.98888283968
20183,0.817893147469
20186,0.668120205402
20189,0.980900168419
20191,0.799169182777
20192,0.802938044071
20193,0.708308577538
20194,0.915295660496
20197,0.892694175243
20203,0.701753258705
20204,0.752164840698
20205,0.896898567677
20208,0.737774729729
20210,0.969845294952
20211,0.910480201244
20212,0.96847307682
20215,0.828466594219
20216,0.89469230175
20218,0.583675265312
20220,0.813629627228
20223,0.903753459454
20224,0.517224729061
20227,0.764926314354
20229,0.910890161991
20230,0.799332678318
20234,0.897742450237
20235,0.571529507637
20239,0.631638646126
20240,0.689109683037
20242,0.957459151745
20243,0.723783314228
20244,0.430698782206
20246,0.738098800182
20247,0.53284651041
20248,0.352241694927
20250,0.892393529415
20251,0.829300284386
20252,0.974417030811
20253,0.415594547987
20256,0.8032361269
20258,0.487717717886
20259,0.970271110535
20262,0.61810541153
20263,0.869528710842
20265,0.601960718632
20267,0.570606768131
20268,0.904591500759
20269,0.723568081856
20272,0.331499755383
20274,0.890703976154
20276,0.382663071156
20277,0.727454125881
20282,0.95200586319
20283,0.955310583115
20284,0.945477247238
20285,0.967442274094
20287,0.666422069073
20290,0.851021707058
20291,0.918537974358
20294,0.733786582947
20295,0.888535141945
20296,0.755492150784
20297,0.837164103985
20299,0.736030578613
20300,0.512183248997
20302,0.984177231789
20303,0.768080294132
20304,0.964647650719
20306,0.754791915417
20307,0.653273105621
20308,0.868485510349
20310,0.956222057343
20311,0.98996758461
20312,0.850046277046
20314,0.622126042843
20315,0.90670478344
20316,0.960135102272
20317,0.835725903511
20318,0.587890386581
20319,0.754353702068
20320,0.989089429379
20323,0.746360063553
20325,0.927595198154
20326,0.954207718372
20327,0.953583776951
20328,0.951566874981
20330,0.812084376812
20331,0.640467822552
20333,0.645725250244
20339,0.9785566926
20341,0.837404549122
20344,0.600608587265
20347,0.455830156803
20348,0.890138447285
20349,0.894008636475
20351,0.948757767677
20353,0.655809104443
20355,0.853530526161
20359,0.824568688869
20360,0.527059912682
20361,0.962789773941
20363,0.333750456572
20366,0.845422744751
20367,0.611375153065
20368,0.938120186329
20373,0.977428853512
20374,0.620593726635
20375,0.121821142733
20376,0.967736721039
20378,0.776608169079
20380,0.936953246593
20382,0.965100705624
20383,0.933121562004
20384,0.842384517193
20386,0.938602745533
20388,0.564144730568
20389,0.978855907917
20390,0.920065820217
20391,0.751586973667
20392,0.302896291018
20396,0.677003860474
20397,0.978219866753
20400,0.847765207291
20403,0.665536761284
20406,0.848554372787
20409,0.975501656532
20410,0.617247402668
20412,0.70426851511
20414,0.660894036293
20415,0.739101409912
20418,0.90189319849
20419,0.900064766407
20420,0.870943963528
20424,0.703212618828
20429,0.564256310463
20432,0.853313565254
20437,0.98827457428
20439,0.928309440613
20441,0.948937118053
20442,0.832108736038
20443,0.891027510166
20444,0.892585456371
20445,0.505887269974
20446,0.625326037407
20447,0.837995171547
20448,0.641008853912
20449,0.912307202816
20452,0.857464790344
20453,0.424566715956
20455,0.625693738461
20456,0.95691883564
20457,0.916791081429
20458,0.843637406826
20460,0.952749073505
20461,0.898827493191
20462,0.66010004282
20463,0.889735817909
20467,0.942276060581
20471,0.821362316608
20473,0.919401466846
20476,0.91143655777
20477,0.953377127647
20479,0.944942951202
20482,0.863326609135
20484,0.98501008749
20488,0.781175374985
20491,0.882578611374
20494,0.770550489426
20495,0.856147289276
20496,0.932574033737
20498,0.968445062637
20500,0.643860340118
20501,0.941423237324
20502,0.431215882301
20503,0.955072820187
20504,0.669692933559
20508,0.981153607368
20509,0.824385583401
20510,0.857964754105
20511,0.988530993462
20512,0.920918107033
20513,0.977392613888
20516,0.730588972569
20519,0.889613449574
20521,0.904304087162
20523,0.948817968369
20524,0.939487755299
20525,0.984003961086
20526,0.692686796188
20531,0.755622565746
20532,0.811621487141
20533,0.418242245913
20534,0.898045420647
20536,0.574819922447
20537,0.578442394733
20538,0.631474852562
20539,0.973598122597
20540,0.487198442221
20541,0.909737765789
20542,0.685832738876
20546,0.595364749432
20548,0.802680313587
20549,0.828456223011
20553,0.977313935757
20555,0.764906167984
20561,0.676784336567
20562,0.753296852112
20564,0.810398757458
20565,0.966002225876
20566,0.723054945469
20567,0.625874936581
20568,0.795613348484
20569,0.31680804491
20572,0.896309018135
20573,0.85419356823
20577,0.957182228565
20579,0.598920702934
20583,0.859684705734
20585,0.781900823116
20586,0.975244760513
20588,0.785627901554
20589,0.29217684269
20590,0.757817387581
20594,0.690812528133
20595,0.576901078224
20596,0.9097828269
20605,0.884200036526
20606,0.905400812626
20608,0.823244929314
20609,0.813709497452
20614,0.839424490929
20615,0.897178769112
20616,0.984938383102
20618,0.594471156597
20620,0.990908563137
20621,0.568175673485
20622,0.901688754559
20627,0.118429973722
20628,0.96895211935
20630,0.976547241211
20633,0.840020000935
20636,0.724274158478
20637,0.593351840973
20639,0.828253448009
20640,0.817326307297
20641,0.966821372509
20646,0.848039984703
20652,0.813873589039
20653,0.978734016418
20654,0.840794622898
20655,0.842949688435
20658,0.95557653904
20660,0.759983122349
20661,0.881678819656
20663,0.647237598896
20665,0.557151079178
20666,0.975920677185
20669,0.573301315308
20670,0.916155576706
20671,0.986227333546
20675,0.77682775259
20676,0.7463722229
20679,0.978879332542
20680,0.121481083333
20681,0.899998962879
20683,0.790408194065
20687,0.969870865345
20690,0.985930263996
20694,0.947411596775
20695,0.962280571461
20698,0.584135711193
20699,0.829030752182
20700,0.727723240852
20701,0.694296717644
20702,0.442271143198
20705,0.949805617332
20706,0.691203653812
20709,0.805556178093
20711,0.714926362038
20712,0.901536405087
20713,0.933219969273
20719,0.745893776417
20720,0.962705314159
20721,0.876893401146
20724,0.915860891342
20726,0.28875130415
20727,0.96655100584
20728,0.361523538828
20729,0.421982377768
20730,0.805941641331
20731,0.804267406464
20732,0.896928489208
20733,0.95966398716
20734,0.810077011585
20737,0.680682182312
20738,0.786530792713
20739,0.814181029797
20740,0.580375432968
20742,0.835565090179
20744,0.791391730309
20745,0.733540654182
20746,0.84820151329
20748,0.931634783745
20751,0.813553035259
20753,0.852888226509
20756,0.406318962574
20757,0.572050273418
20758,0.557077825069
20762,0.953073263168
20763,0.541934370995
20764,0.823523283005
20765,0.931687414646
20768,0.925311028957
20769,0.621486008167
20770,0.929694771767
20771,0.962375402451
20773,0.817072570324
20774,0.786317050457
20776,0.803734600544
20777,0.240714684129
20780,0.873542070389
20782,0.901416599751
20783,0.894278168678
20786,0.962832927704
20788,0.652270793915
20789,0.805536270142
20791,0.723871827126
20793,0.920581459999
20797,0.880338191986
20799,0.36935672164
20800,0.885803043842
20801,0.962148249149
20802,0.920368432999
20803,0.53363263607
20804,0.677103459835
20805,0.857038855553
20806,0.644954442978
20808,0.991381347179
20809,0.932622075081
20811,0.204821437597
20813,0.560509026051
20814,0.624932706356
20815,0.935852169991
20817,0.827663004398
20818,0.428126782179
20819,0.98264169693
20821,0.710034430027
20822,0.879881978035
20824,0.301890134811
20825,0.819071888924
20826,0.87870901823
20829,0.706797897816
20831,0.478464990854
20832,0.413681536913
20833,0.907989859581
20834,0.858333528042
20836,0.69123262167
20838,0.807324230671
20839,0.951127946377
20840,0.938122808933
20841,0.807501614094
20844,0.720634579659
20845,0.911753773689
20849,0.726650595665
20850,0.251324862242
20852,0.754749774933
20853,0.219803020358
20855,0.794185459614
20856,0.847665071487
20857,0.900486409664
20858,0.918319880962
20859,0.643262684345
20860,0.785785853863
20861,0.961524367332
20862,0.959762990475
20863,0.559227883816
20865,0.823576152325
20868,0.936903774738
20871,0.245618626475
20872,0.857797086239
20873,0.715037941933
20874,0.969379603863
20876,0.943557024002
20877,0.729879200459
20878,0.643575310707
20879,0.984792113304
20880,0.90722900629
20882,0.903529882431
20883,0.829673469067
20885,0.728364765644
20888,0.883201777935
20892,0.700286269188
20896,0.823004961014
20897,0.931366145611
20902,0.664172768593
20903,0.681954145432
20904,0.689876437187
20906,0.673932850361
20913,0.895884692669
20916,0.786888837814
20917,0.738039016724
20918,0.92434579134
20922,0.903852522373
20923,0.706719875336
20925,0.984572172165
20926,0.583058416843
20927,0.750669360161
20931,0.747931718826
20932,0.835155546665
20933,0.705002903938
20934,0.806885361671
20938,0.985341370106
20942,0.56638109684
20943,0.959616303444
20944,0.283706784248
20947,0.944659888744
20949,0.680996894836
20950,0.86772185564
20953,0.423328578472
20955,0.3668820858
20958,0.733335375786
20960,0.492804855108
20961,0.776300370693
20963,0.492297708988
20966,0.724016964436
20969,0.688894748688
20970,0.950868844986
20971,0.806540250778
20972,0.697072803974
20973,0.583714187145
20974,0.763418018818
20976,0.237364187837
20977,0.523548722267
20980,0.766996324062
20981,0.74175798893
20982,0.781978487968
20985,0.965734541416
20986,0.716690719128
20987,0.196482330561
20989,0.928343057632
20990,0.523805916309
20992,0.803291916847
20994,0.610597670078
20999,0.734646081924
21000,0.862015068531
21003,0.846091508865
21004,0.863817155361
21005,0.775306761265
21008,0.825066208839
21009,0.709322929382
21011,0.832803428173
21015,0.924899160862
21016,0.847739160061
21021,0.775789141655
21022,0.343709141016
21023,0.842131912708
21024,0.945798039436
21025,0.841259479523
21026,0.611645162106
21027,0.987886428833
21028,0.980022907257
21029,0.819523632526
21032,0.733444333076
21035,0.756447315216
21036,0.97182559967
21039,0.798599243164
21041,0.679596304893
21042,0.890305757523
21043,0.956414461136
21044,0.690161824226
21049,0.541205823421
21050,0.698229253292
21051,0.935843765736
21052,0.971512913704
21053,0.799084305763
21054,0.501891076565
21055,0.908088386059
21056,0.889080703259
21057,0.981361329556
21058,0.818729400635
21059,0.628679871559
21060,0.407841593027
21061,0.967277288437
21062,0.814274907112
21063,0.988704621792
21064,0.660747647285
21067,0.755556285381
21070,0.668241322041
21073,0.992187380791
21074,0.881021022797
21075,0.904899477959
21077,0.861710608006
21079,0.817811608315
21080,0.911175906658
21087,0.948106884956
21088,0.937645733356
21095,0.967824578285
21097,0.706154584885
21102,0.900872349739
21105,0.633462309837
21108,0.935622274876
21110,0.927999436855
21112,0.563703358173
21115,0.73373991251
21119,0.90792375803
21120,0.962965488434
21123,0.686242043972
21124,0.833388447762
21129,0.511652827263
21130,0.818219125271
21132,0.394772082567
21137,0.842057108879
21138,0.876827180386
21140,0.892597019672
21142,0.389838069677
21146,0.728170335293
21147,0.835816979408
21148,0.963439404964
21149,0.986087024212
21150,0.457007467747
21151,0.718928813934
21152,0.949017643929
21154,0.640925049782
21156,0.961339473724
21160,0.923068642616
21162,0.98383462429
21163,0.24697753787
21164,0.749406516552
21166,0.668873250484
21167,0.826425433159
21168,0.979646921158
21169,0.527016758919
21170,0.770123302937
21171,0.78285586834
21174,0.24800093472
21175,0.978237569332
21176,0.850928008556
21177,0.98397231102
21179,0.92974114418
21180,0.715934813023
21182,0.957879304886
21183,0.984242260456
21186,0.973135828972
21187,0.706172585487
21190,0.820457041264
21191,0.693529963493
21193,0.757480978966
21195,0.734910011292
21196,0.972497165203
21199,0.967443525791
21200,0.893296897411
21201,0.542505204678
21204,0.79343444109
21207,0.792444348335
21208,0.92171061039
21210,0.542523384094
21212,0.83257073164
21214,0.886775135994
21216,0.954996287823
21219,0.734409689903
21220,0.96014726162
21222,0.979950070381
21224,0.994529426098
21225,0.544213175774
21226,0.954991400242
21228,0.499967575073
21229,0.333080470562
21234,0.765801370144
21235,0.689462184906
21236,0.838948309422
21238,0.908417999744
21239,0.932714879513
21241,0.403508216143
21243,0.967632353306
21246,0.86748790741
21247,0.841439664364
21248,0.494386523962
21249,0.941258311272
21251,0.958393990993
21252,0.836983680725
21254,0.882728457451
21255,0.380432903767
21258,0.30906689167
21261,0.983688116074
21262,0.726519584656
21264,0.88249796629
21268,0.824547410011
21270,0.828891694546
21271,0.857598543167
21272,0.971190929413
21273,0.764854609966
21274,0.586961746216
21280,0.80447435379
21281,0.816500365734
21282,0.219112381339
21284,0.804536044598
21288,0.598457872868
21289,0.57561391592
21290,0.697118937969
21291,0.878076195717
21293,0.902439832687
21294,0.940416038036
21295,0.860708832741
21298,0.948033571243
21300,0.918351054192
21302,0.822902441025
21303,0.532294750214
21304,0.664766550064
21307,0.793023467064
21310,0.871133446693
21311,0.862413764
21312,0.76712423563
21316,0.889361023903
21317,0.843550682068
21321,0.619800746441
21322,0.957287311554
21323,0.814261317253
21324,0.174409851432
21326,0.850947976112
21329,0.98559397459
21330,0.909157514572
21333,0.611097514629
21334,0.91810554266
21335,0.836198568344
21337,0.903949677944
21338,0.611969172955
21339,0.938023090363
21342,0.965354144573
21343,0.527881085873
21344,0.97968184948
21346,0.740732371807
21349,0.46005025506
21350,0.971677541733
21353,0.924738109112
21355,0.697214603424
21357,0.87579447031
21358,0.275840491056
21361,0.991742789745
21364,0.935541749001
21365,0.956359624863
21366,0.889103710651
21368,0.274064272642
21372,0.936547160149
21375,0.619966506958
21377,0.961936414242
21378,0.979060053825
21381,0.842868983746
21383,0.838362455368
21384,0.78411012888
21386,0.73850274086
21388,0.770910143852
21389,0.786541104317
21390,0.992218017578
21393,0.609735429287
21394,0.26456207037
21395,0.563603103161
21397,0.700631737709
21405,0.785745739937
21407,0.775133013725
21409,0.986554145813
21410,0.854947924614
21411,0.63499879837
21412,0.353964745998
21413,0.800193548203
21416,0.946787655354
21417,0.980044543743
21418,0.884695649147
21419,0.598432064056
21420,0.562179148197
21421,0.675340890884
21422,0.981331706047
21423,0.836144030094
21424,0.845997452736
21426,0.861552000046
21429,0.958335518837
21431,0.667486548424
21432,0.661021769047
21434,0.724390029907
21435,0.907192230225
21438,0.778674900532
21439,0.87653440237
21441,0.967858433723
21442,0.797122180462
21443,0.952765405178
21444,0.788803517818
21449,0.904390692711
21451,0.627046704292
21453,0.673972547054
21454,0.784567713737
21455,0.848803579807
21457,0.672402203083
21461,0.971217095852
21462,0.833283364773
21464,0.811901628971
21465,0.890273571014
21469,0.903383016586
21470,0.790787577629
21471,0.559335410595
21472,0.306621938944
21473,0.400453388691
21474,0.715260505676
21475,0.865935564041
21477,0.988593101501
21479,0.666746377945
21480,0.877561330795
21482,0.655270814896
21483,0.805155158043
21484,0.98122382164
21487,0.808704197407
21489,0.915819168091
21490,0.324698805809
21491,0.749291539192
21492,0.780441045761
21500,0.716820061207
21503,0.707573711872
21504,0.907845020294
21505,0.911259055138
21506,0.826015949249
21508,0.983675658703
21513,0.982231795788
21514,0.729646265507
21518,0.876225113869
21523,0.948932409286
21525,0.828475058079
21527,0.889833688736
21529,0.391721218824
21530,0.770889043808
21532,0.956405282021
21537,0.655674695969
21539,0.890100240707
21540,0.903878092766
21541,0.582003355026
21546,0.81070715189
21547,0.11055829376
21549,0.797314584255
21551,0.713375866413
21553,0.953819513321
21554,0.959661543369
21555,0.966961085796
21556,0.540033638477
21557,0.732712447643
21558,0.747240662575
21559,0.683867752552
21562,0.10101428628
21563,0.699957609177
21564,0.828357040882
21565,0.260803461075
21568,0.909215450287
21569,0.088192269206
21570,0.978127241135
21571,0.0685663893819
21572,0.695352494717
21573,0.994329273701
21576,0.861598014832
21579,0.888252496719
21580,0.966005504131
21581,0.958941221237
21582,0.289011120796
21587,0.994150936604
21589,0.657172560692
21591,0.948320090771
21592,0.69079375267
21598,0.674360871315
21599,0.924330711365
21600,0.253915369511
21606,0.948564648628
21607,0.575240790844
21611,0.855308651924
21614,0.381076008081
21615,0.52746206522
21616,0.173269376159
21621,0.940616905689
21622,0.269858747721
21626,0.58546257019
21628,0.270036518574
21629,0.907961964607
21632,0.640025377274
21634,0.755016326904
21636,0.852079987526
21640,0.943008244038
21641,0.980048418045
21642,0.690528690815
21646,0.513884425163
21648,0.678786814213
21649,0.791974961758
21650,0.691666662693
21653,0.834496736526
21657,0.945950508118
21659,0.888978004456
21660,0.49681776762
21662,0.582294285297
21664,0.901234805584
21669,0.567589461803
21673,0.555766522884
21675,0.626945614815
21676,0.883618831635
21677,0.911485731602
21682,0.909457325935
21683,0.665595591068
21687,0.727109611034
21688,0.918125033379
21690,0.480000406504
21691,0.869316458702
21694,0.607855856419
21697,0.983219921589
21700,0.900794744492
21702,0.975268602371
21703,0.514148175716
21704,0.956724047661
21706,0.95699441433
21708,0.800180912018
21712,0.973225951195
21713,0.802589297295
21715,0.500080347061
21716,0.974603712559
21718,0.572824478149
21719,0.956707239151
21725,0.965814709663
21726,0.775605082512
21728,0.834152281284
21730,0.732447266579
21731,0.922901213169
21734,0.479521870613
21737,0.753530800343
21738,0.672017514706
21745,0.953486025333
21746,0.923139333725
21750,0.746163964272
21751,0.712210536003
21753,0.516301989555
21755,0.570728361607
21758,0.919180929661
21760,0.829487264156
21761,0.989417970181
21762,0.577669203281
21763,0.604923248291
21764,0.795043289661
21768,0.52380657196
21769,0.941327154636
21770,0.780533194542
21771,0.642637491226
21772,0.780183672905
21773,0.960438013077
21775,0.763790726662
21779,0.604538202286
21783,0.951247572899
21786,0.709770679474
21788,0.425387859344
21790,0.299974709749
21793,0.74254244566
21794,0.760716199875
21797,0.897392988205
21798,0.799395620823
21799,0.877726376057
21800,0.828353703022
21802,0.47768330574
21806,0.570469558239
21807,0.830703139305
21809,0.923926830292
21810,0.860347807407
21812,0.899429261684
21816,0.365740209818
21819,0.984966814518
21820,0.733036518097
21822,0.664480149746
21826,0.744637191296
21827,0.938852846622
21828,0.850762963295
21829,0.968986690044
21830,0.871834635735
21831,0.514553546906
21835,0.621274292469
21838,0.168958693743
21839,0.905148267746
21840,0.4393851161
21841,0.758603513241
21842,0.96683973074
21843,0.874219834805
21845,0.824977576733
21847,0.922393798828
21848,0.862280666828
21849,0.582038402557
21850,0.972830355167
21851,0.970495760441
21852,0.830465137959
21853,0.801306784153
21855,0.950818836689
21857,0.873797595501
21859,0.877788603306
21860,0.806431233883
21867,0.976282417774
21869,0.796518981457
21875,0.778648376465
21876,0.81124663353
21880,0.544011354446
21881,0.988111138344
21882,0.978517651558
21884,0.913152396679
21885,0.909752428532
21886,0.979147553444
21890,0.288427770138
21896,0.878913342953
21898,0.960280835629
21901,0.483217149973
21902,0.94632679224
21904,0.760573089123
21905,0.676044285297
21908,0.952894449234
21909,0.787222027779
21911,0.855735063553
21914,0.872225880623
21916,0.756435930729
21917,0.937063038349
21919,0.925617337227
21921,0.959563195705
21922,0.928648710251
21923,0.871033549309
21925,0.723855555058
21926,0.422150582075
21927,0.961897611618
21928,0.852523684502
21929,0.532828688622
21930,0.592475831509
21934,0.527127623558
21935,0.501089274883
21940,0.709495484829
21941,0.773080050945
21945,0.640035152435
21946,0.844791054726
21947,0.860897779465
21950,0.546438992023
21953,0.817382454872
21955,0.946698009968
21956,0.899683356285
21959,0.976427435875
21961,0.849434971809
21963,0.708191931248
21965,0.990070044994
21966,0.929039895535
21968,0.976667046547
21969,0.730445206165
21970,0.882329463959
21972,0.610344529152
21973,0.992962300777
21974,0.61160492897
21975,0.98105430603
21978,0.766693115234
21979,0.894874274731
21980,0.669966042042
21981,0.908118665218
21982,0.909296870232
21984,0.461486279964
21985,0.760140061378
21986,0.792007982731
21987,0.503208875656
21988,0.729842960835
21989,0.821194827557
21990,0.761479437351
21991,0.72744935751
21992,0.0801889449358
21994,0.82868373394
21997,0.574023604393
22006,0.833005607128
22008,0.835173368454
22010,0.943919420242
22011,0.883172094822
22014,0.473175048828
22018,0.928918004036
22020,0.869042992592
22021,0.879262208939
22023,0.856016397476
22024,0.961584031582
22025,0.550441086292
22026,0.634655177593
22027,0.94456243515
22028,0.906386137009
22029,0.875772953033
22031,0.919317424297
22034,0.931214690208
22035,0.394996643066
22036,0.715319097042
22037,0.666656911373
22040,0.947788655758
22041,0.685973703861
22043,0.461965709925
22044,0.723243713379
22045,0.562461614609
22049,0.76881146431
22050,0.937604129314
22052,0.824603736401
22054,0.914645075798
22056,0.856361210346
22057,0.754552900791
22058,0.90550416708
22063,0.47500193119
22065,0.407864034176
22068,0.735456824303
22071,0.921492218971
22072,0.964466691017
22073,0.808538734913
22077,0.939048230648
22078,0.986258745193
22080,0.957558810711
22081,0.753754615784
22082,0.807642221451
22083,0.894502818584
22087,0.968330323696
22090,0.469853848219
22091,0.983410060406
22094,0.67427033186
22097,0.130454212427
22098,0.455273926258
22102,0.781767010689
22104,0.378878563643
22105,0.887913703918
22106,0.923270761967
22107,0.926488757133
22109,0.559877753258
22110,0.927618682384
22112,0.983358204365
22113,0.87568539381
22116,0.778507471085
22117,0.522700726986
22120,0.637902319431
22123,0.50932598114
22124,0.891608834267
22125,0.641431629658
22126,0.947249889374
22127,0.205717980862
22131,0.847675085068
22132,0.538223564625
22135,0.859153389931
22136,0.677688539028
22138,0.929763674736
22139,0.739681601524
22140,0.885419547558
22141,0.510599732399
22142,0.960012018681
22145,0.873528242111
22146,0.917622447014
22147,0.85703343153
22148,0.98665779829
22149,0.123657844961
22150,0.981323540211
22155,0.880867540836
22157,0.936001777649
22160,0.921346962452
22161,0.76034361124
22162,0.286122739315
22163,0.972038447857
22164,0.159270763397
22165,0.945294976234
22166,0.783657431602
22167,0.850615859032
22169,0.845258235931
22170,0.750923931599
22173,0.571204662323
22174,0.744430422783
22176,0.61957269907
22179,0.568766236305
22180,0.869015276432
22181,0.703400075436
22187,0.973391830921
22188,0.60723733902
22193,0.301804572344
22194,0.828446209431
22197,0.828587174416
22198,0.939091742039
22199,0.394942700863
22201,0.601247251034
22203,0.711954176426
22205,0.654914975166
22206,0.893126666546
22210,0.980723440647
22212,0.637644767761
22213,0.94308167696
22214,0.950991868973
22215,0.721082806587
22216,0.987478494644
22217,0.830242812634
22218,0.928451240063
22220,0.970489919186
22221,0.647162675858
22225,0.840399384499
22226,0.60095500946
22228,0.863471388817
22231,0.932372331619
22235,0.485150426626
22236,0.645945608616
22239,0.227626934648
22242,0.659805357456
22246,0.847757339478
22248,0.735393285751
22249,0.702657103539
22250,0.300591289997
22251,0.962478995323
22253,0.663666069508
22257,0.704427659512
22258,0.741790771484
22261,0.881442844868
22262,0.788730084896
22263,0.971391320229
22264,0.735526800156
22265,0.755786120892
22266,0.974487304688
22268,0.503729760647
22270,0.953859329224
22273,0.934188067913
22279,0.769765853882
22281,0.825460612774
22282,0.986496865749
22283,0.918848693371
22284,0.794303834438
22286,0.887082993984
22291,0.657501518726
22294,0.788603544235
22296,0.719365537167
22297,0.882733345032
22298,0.692719995975
22303,0.430102974176
22313,0.879352331161
22315,0.709469199181
22321,0.686035096645
22324,0.658304154873
22325,0.719583511353
22326,0.939778745174
22328,0.761742889881
22329,0.515505373478
22331,0.937048494816
22335,0.710290372372
22336,0.60938256979
22340,0.766485333443
22341,0.946212291718
22343,0.947327017784
22344,0.955392837524
22345,0.285166174173
22347,0.759585678577
22349,0.624410510063
22352,0.42517632246
22353,0.531450152397
22354,0.912420034409
22355,0.822574079037
22358,0.567665100098
22361,0.854484438896
22362,0.961639046669
22366,0.778249919415
22370,0.678683936596
22371,0.929879665375
22372,0.980541467667
22376,0.559254944324
22377,0.969977259636
22380,0.854918658733
22381,0.863678276539
22382,0.679007172585
22383,0.801334679127
22384,0.602472186089
22385,0.877731204033
22386,0.0666142553091
22387,0.414040416479
22388,0.989201426506
22390,0.754414796829
22392,0.93423551321
22396,0.542274415493
22398,0.908895790577
22399,0.83798712492
22402,0.688352227211
22404,0.948196291924
22405,0.928075909615
22407,0.675586938858
22408,0.594417691231
22409,0.877346932888
22411,0.967765629292
22412,0.676685631275
22415,0.499381959438
22416,0.986245512962
22420,0.334225088358
22423,0.89707159996
22426,0.925488471985
22427,0.846887588501
22429,0.293484002352
22430,0.97701138258
22431,0.923302531242
22432,0.319124102592
22433,0.93491011858
22435,0.679703593254
22438,0.413957476616
22443,0.958886027336
22445,0.855543971062
22446,0.675550758839
22448,0.962845861912
22449,0.657846570015
22451,0.963238358498
22453,0.630698680878
22456,0.944091796875
22460,0.880014240742
22462,0.947603821754
22463,0.652754664421
22467,0.636216402054
22471,0.908842086792
22472,0.876965284348
22475,0.699717402458
22478,0.950173556805
22479,0.720723807812
22480,0.86997872591
22482,0.837314546108
22483,0.874577879906
22487,0.976233899593
22488,0.401718944311
22490,0.592575907707
22492,0.701238572598
22493,0.616110146046
22494,0.812188982964
22496,0.882377803326
22497,0.737059295177
22499,0.942120492458
22501,0.945065140724
22506,0.873694121838
22507,0.962765753269
22508,0.836939692497
22509,0.943399012089
22510,0.897764742374
22511,0.871606528759
22513,0.720022380352
22514,0.974977731705
22515,0.64766818285
22516,0.738803982735
22526,0.856106996536
22528,0.953628361225
22529,0.534738838673
22532,0.857381641865
22535,0.982007443905
22536,0.193484917283
22537,0.883359670639
22538,0.817361474037
22539,0.856890201569
22545,0.761632025242
22546,0.659723043442
22548,0.6624558568
22558,0.596795797348
22561,0.830364584923
22562,0.689140737057
22563,0.576018571854
22565,0.666421115398
22566,0.764748692513
22568,0.948169052601
22570,0.473341852427
22571,0.916773438454
22573,0.250218808651
22574,0.942062497139
22577,0.915046393871
22578,0.907799065113
22579,0.801169931889
22583,0.831795215607
22584,0.763967096806
22587,0.861120164394
22595,0.897621631622
22597,0.343673765659
22599,0.946692883968
22600,0.938615560532
22603,0.736472308636
22606,0.901671051979
22607,0.512419342995
22608,0.380859464407
22609,0.941909492016
22611,0.966874361038
22615,0.679707348347
22616,0.958934545517
22622,0.772578716278
22624,0.792341947556
22625,0.978732645512
22627,0.827958226204
22628,0.911886870861
22630,0.746970832348
22631,0.306677699089
22632,0.979683458805
22633,0.914251923561
22634,0.674562394619
22636,0.726420879364
22637,0.603444159031
22641,0.755541741848
22643,0.8569688797
22645,0.734216332436
22646,0.885809898376
22650,0.863502860069
22652,0.915303945541
22654,0.139494970441
22656,0.985190451145
22657,0.708167254925
22661,0.848606169224
22662,0.777196884155
22664,0.840969204903
22667,0.681798636913
22669,0.950583457947
22670,0.902734518051
22672,0.486956000328
22673,0.370142519474
22674,0.267631590366
22675,0.148527503014
22677,0.910481572151
22678,0.087847545743
22679,0.740548670292
22680,0.616964042187
22681,0.494004547596
22682,0.469760119915
22685,0.736407220364
22686,0.895144999027
22687,0.778656542301
22692,0.922796845436
22693,0.806355714798
22696,0.641671001911
22697,0.922248899937
22700,0.927771449089
22703,0.927777528763
22704,0.862557113171
22705,0.904062390327
22708,0.877753436565
22710,0.366442531347
22711,0.944887340069
22714,0.978634595871
22717,0.876998603344
22722,0.979290664196
22725,0.882170319557
22726,0.940062701702
22734,0.958376049995
22737,0.9342623353
22738,0.831883490086
22739,0.956091165543
22740,0.871793687344
22741,0.840606093407
22745,0.518711686134
22746,0.907230198383
22747,0.926852464676
22748,0.805212438107
22751,0.706565618515
22752,0.622720122337
22755,0.786301851273
22756,0.891303181648
22757,0.863725364208
22760,0.897245287895
22762,0.675420284271
22765,0.869059741497
22766,0.628329098225
22767,0.72238522768
22768,0.504082739353
22769,0.450569242239
22772,0.859331965446
22775,0.946232438087
22778,0.495405495167
22780,0.826946794987
22781,0.829074561596
22782,0.58374941349
22788,0.986440241337
22789,0.333732277155
22790,0.789710581303
22793,0.460113793612
22794,0.380098730326
22795,0.77982378006
22797,0.580570161343
22798,0.92139005661
22800,0.889829814434
22801,0.388759613037
22804,0.690124034882
22806,0.902366757393
22809,0.539607107639
22811,0.64703899622
22814,0.864911079407
22815,0.870633423328
22817,0.883376061916
22819,0.932282090187
22823,0.730882167816
22826,0.922751784325
22829,0.817738115788
22833,0.737106323242
22834,0.886509656906
22836,0.91918104887
22838,0.767066776752
22840,0.905505180359
22841,0.980734527111
22843,0.822478115559
22844,0.984594583511
22845,0.900727331638
22849,0.699274897575
22857,0.525564730167
22859,0.899002611637
22863,0.448791325092
22865,0.930525362492
22867,0.898486793041
22868,0.786081850529
22869,0.348618298769
22870,0.560289561749
22880,0.584400057793
22881,0.851118803024
22882,0.752873301506
22883,0.954513013363
22885,0.827270507812
22886,0.914453327656
22888,0.984414696693
22889,0.641322553158
22892,0.973188698292
22896,0.978921353817
22897,0.758089721203
22898,0.976934671402
22899,0.962696075439
22901,0.186944395304
22905,0.693221747875
22907,0.501587569714
22909,0.894137382507
22910,0.631710410118
22915,0.965661942959
22916,0.497281581163
22917,0.979069173336
22922,0.710121333599
22923,0.875579237938
22927,0.986941754818
22930,0.842372000217
22932,0.764175474644
22937,0.727594792843
22940,0.940256655216
22942,0.604842424393
22945,0.734424054623
22947,0.931568026543
22948,0.839614629745
22949,0.682429850101
22950,0.850007355213
22952,0.496218234301
22954,0.976867258549
22955,0.989303946495
22957,0.842859089375
22958,0.960440039635
22959,0.888267040253
22960,0.598414003849
22961,0.878997862339
22962,0.467471778393
22963,0.332216560841
22964,0.952970564365
22967,0.617243945599
22968,0.937760829926
22969,0.839386105537
22975,0.954760074615
22976,0.963729739189
22977,0.930869102478
22980,0.893895626068
22981,0.96328240633
22982,0.773786962032
22983,0.786314547062
22984,0.890598058701
22985,0.982273161411
22987,0.547463476658
22988,0.514144361019
22990,0.762781381607
22991,0.971059679985
22992,0.990787804127
22993,0.829933702946
22994,0.599324584007
22997,0.903513014317
22998,0.822957217693
22999,0.933178961277
23001,0.960429787636
23002,0.989559650421
23003,0.741951942444
23005,0.816825330257
23006,0.977851331234
23009,0.641207337379
23010,0.95845168829
23012,0.716430068016
23013,0.752872765064
23014,0.98649418354
23016,0.411148101091
23019,0.767108261585
23021,0.24873444438
23023,0.577412605286
23026,0.87544208765
23027,0.45598423481
23032,0.920699775219
23034,0.490930855274
23036,0.933873772621
23038,0.961987733841
23039,0.736996889114
23041,0.906306684017
23042,0.690441787243
23047,0.854825258255
23050,0.915746033192
23051,0.90272039175
23054,0.0858182087541
23057,0.921425402164
23059,0.789756953716
23062,0.88513982296
23063,0.754146516323
23064,0.981099963188
23065,0.751552224159
23066,0.979945540428
23069,0.951504707336
23070,0.582646310329
23071,0.281468331814
23072,0.763682186604
23073,0.978339314461
23075,0.737527489662
23076,0.816645979881
23077,0.866674363613
23078,0.762324810028
23084,0.779238581657
23087,0.857105255127
23094,0.685331583023
23095,0.707712650299
23099,0.892930150032
23100,0.264780372381
23105,0.844538271427
23107,0.349881350994
23109,0.567065596581
23111,0.571538984776
23112,0.958794355392
23113,0.765191197395
23114,0.914996445179
23115,0.616518080235
23116,0.633177220821
23117,0.842356681824
23118,0.797978579998
23121,0.694176971912
23122,0.699553966522
23123,0.592879235744
23125,0.953796625137
23126,0.13277181983
23128,0.697626888752
23129,0.494071155787
23130,0.709441125393
23131,0.933487594128
23134,0.928541183472
23135,0.762021303177
23136,0.902435660362
23137,0.921239733696
23139,0.574091672897
23141,0.968218028545
23142,0.810083150864
23143,0.444442123175
23144,0.49777880311
23151,0.762744128704
23152,0.0480790138245
23153,0.957003116608
23155,0.550393342972
23156,0.802747368813
23158,0.825140714645
23159,0.818373560905
23162,0.807280778885
23163,0.870998620987
23164,0.692132890224
23166,0.638558447361
23170,0.85755944252
23171,0.922566056252
23175,0.917064607143
23176,0.601377606392
23180,0.4731310606
23181,0.736072301865
23183,0.856332480907
23184,0.980756223202
23185,0.887158691883
23188,0.956959366798
23189,0.918416440487
23191,0.87225908041
23192,0.93767863512
23193,0.913074016571
23194,0.737653791904
23195,0.588070213795
23197,0.878676712513
23200,0.53474509716
23202,0.588913619518
23204,0.773712337017
23206,0.811654627323
23207,0.973230242729
23208,0.755653977394
23211,0.964759588242
23213,0.815546989441
23214,0.903878033161
23215,0.725349545479
23217,0.518504083157
23218,0.833800137043
23220,0.575334727764
23223,0.742637634277
23224,0.751756966114
23226,0.947227418423
23227,0.799967169762
23229,0.621088683605
23230,0.65255433321
23236,0.783068478107
23237,0.83371835947
23239,0.957256913185
23244,0.886990427971
23246,0.825712621212
23249,0.966794908047
23251,0.877380549908
23257,0.87773412466
23261,0.793260157108
23264,0.769677400589
23267,0.926588714123
23275,0.812922716141
23277,0.621455192566
23278,0.945485472679
23279,0.961308777332
23280,0.873308181763
23282,0.989176690578
23283,0.495652884245
23284,0.637184917927
23287,0.815715193748
23288,0.255524754524
23294,0.940795183182
23297,0.832580327988
23298,0.178012728691
23299,0.967836201191
23305,0.768165290356
23306,0.966668903828
23311,0.893983364105
23313,0.96874409914
23314,0.860612273216
23315,0.682500243187
23317,0.792802214622
23319,0.786631166935
23320,0.952493667603
23321,0.965981006622
23323,0.513730347157
23324,0.883655130863
23328,0.906180024147
23329,0.471760332584
23331,0.580144047737
23337,0.739319264889
23339,0.699341893196
23340,0.749049127102
23341,0.910991847515
23346,0.977715015411
23348,0.665823638439
23351,0.934662401676
23352,0.345936864614
23353,0.982074558735
23354,0.917192339897
23355,0.797398149967
23357,0.857070624828
23358,0.836827039719
23359,0.805625319481
23360,0.615763366222
23361,0.812556862831
23363,0.943016707897
23364,0.674595475197
23365,0.436186671257
23368,0.69408428669
23371,0.909178674221
23374,0.180802702904
23375,0.943728029728
23376,0.769191145897
23378,0.932966947556
23379,0.5699608922
23380,0.710156559944
23384,0.667270064354
23385,0.934183478355
23387,0.601998209953
23389,0.52025103569
23390,0.660696566105
23391,0.759004950523
23394,0.245922982693
23398,0.461236000061
23401,0.978792607784
23402,0.0975076407194
23403,0.684231698513
23404,0.708328962326
23405,0.85663163662
23406,0.502766013145
23410,0.713777065277
23411,0.597057282925
23413,0.952425420284
23415,0.389272004366
23421,0.355683326721
23425,0.745921432972
23426,0.559544682503
23427,0.723640978336
23429,0.3971157372
23432,0.653375983238
23436,0.822199881077
23438,0.496753394604
23439,0.89452701807
23440,0.732946336269
23443,0.837698578835
23444,0.848512113094
23445,0.94878667593
23446,0.580226540565
23447,0.486818104982
23448,0.810103833675
23452,0.612229824066
23454,0.642282605171
23457,0.861247837543
23458,0.331474125385
23459,0.64825963974
23461,0.917912304401
23462,0.698435127735
23463,0.793467879295
23465,0.772915899754
23469,0.964543938637
23470,0.693297386169
23473,0.961077928543
23474,0.746901214123
23476,0.945371031761
23477,0.880008220673
23481,0.43327447772
23482,0.951003491879
23483,0.717261016369
23484,0.984664618969
23485,0.884447157383
23486,0.977159917355
23489,0.959329366684
23490,0.723115801811
23496,0.92333739996
23499,0.974447906017
23501,0.923693239689
23505,0.772912800312
23506,0.471118599176
23509,0.861434876919
23510,0.291847318411
23511,0.59905821085
23514,0.419704049826
23515,0.743396282196
23516,0.893307924271
23517,0.472076237202
23518,0.994567871094
23520,0.864788889885
23521,0.89687538147
23522,0.855619370937
23525,0.578985869884
23526,0.0939675271511
23527,0.93549656868
23528,0.893923640251
23529,0.267241626978
23530,0.812332928181
23531,0.882867574692
23533,0.826305568218
23534,0.584001421928
23535,0.460365235806
23536,0.658174335957
23537,0.969098448753
23540,0.904982328415
23544,0.94378143549
23550,0.690228641033
23551,0.678042292595
23552,0.882873535156
23553,0.0832156911492
23554,0.983784198761
23555,0.931851029396
23558,0.902449965477
23559,0.829023778439
23560,0.834348142147
23562,0.571601986885
23563,0.559664607048
23564,0.771264433861
23565,0.152827531099
23567,0.902038395405
23568,0.891745090485
23570,0.724487781525
23571,0.151267558336
23572,0.664528548717
23573,0.833941042423
23577,0.853557884693
23578,0.992505311966
23582,0.774550259113
23583,0.729800343513
23585,0.960244417191
23586,0.922018885612
23588,0.863191962242
23589,0.590673387051
23591,0.777763128281
23594,0.951638936996
23597,0.876588821411
23598,0.831777274609
23600,0.912178635597
23601,0.95776194334
23603,0.43434754014
23604,0.815691411495
23606,0.78053188324
23607,0.358003050089
23609,0.988776147366
23611,0.503927946091
23612,0.673575937748
23614,0.779419779778
23615,0.867602646351
23618,0.979729890823
23619,0.959101617336
23620,0.846156001091
23623,0.938187897205
23625,0.877456307411
23626,0.487754464149
23629,0.882126748562
23635,0.987244188786
23638,0.865838050842
23640,0.752820551395
23641,0.812324285507
23642,0.796762287617
23643,0.96610468626
23647,0.916880726814
23650,0.932078003883
23653,0.833216011524
23656,0.742620587349
23658,0.959698021412
23661,0.854553282261
23662,0.715384662151
23668,0.958030581474
23670,0.677694916725
23671,0.704264581203
23673,0.721214413643
23676,0.890087664127
23677,0.85160946846
23684,0.88757032156
23686,0.634999990463
23690,0.808126330376
23691,0.832350313663
23692,0.700789272785
23693,0.914848089218
23694,0.92219877243
23696,0.552076756954
23697,0.9871737957
23698,0.979382038116
23699,0.745818793774
23700,0.946221768856
23701,0.854343533516
23702,0.792680799961
23705,0.766808092594
23706,0.792041361332
23708,0.995649039745
23713,0.8794952631
23714,0.775108575821
23716,0.237380355597
23718,0.764101326466
23719,0.922414898872
23720,0.7525588274
23724,0.949189126492
23725,0.571077108383
23727,0.926739811897
23729,0.635370254517
23733,0.978129982948
23734,0.98425412178
23737,0.0207927729934
23738,0.917328238487
23740,0.816581189632
23743,0.916616141796
23746,0.597411453724
23749,0.676064550877
23750,0.755227804184
23751,0.665805876255
23753,0.993048667908
23754,0.946800529957
23756,0.785412371159
23758,0.971316635609
23760,0.596059441566
23761,0.448412746191
23764,0.696769535542
23765,0.573415994644
23766,0.880841910839
23768,0.557272553444
23769,0.766140937805
23772,0.780779242516
23777,0.446610689163
23778,0.52958291769
23780,0.841148912907
23781,0.723991751671
23784,0.792931079865
23787,0.982464969158
23788,0.922222316265
23794,0.951908409595
23796,0.712143540382
23797,0.780936837196
23799,0.908460319042
23801,0.832479178905
23802,0.892965495586
23803,0.72654747963
23804,0.861145496368
23805,0.575379014015
23807,0.914242088795
23809,0.903189599514
23811,0.885612249374
23813,0.801346004009
23814,0.745121777058
23816,0.125944942236
23818,0.911717414856
23820,0.866413891315
23823,0.815042555332
23824,0.894580662251
23826,0.965054929256
23830,0.76617705822
23831,0.71705776453
23832,0.877796590328
23834,0.983527481556
23835,0.938022732735
23837,0.529141962528
23838,0.89196574688
23839,0.806378126144
23840,0.593990385532
23841,0.418228834867
23842,0.476394832134
23843,0.955116510391
23853,0.627978920937
23856,0.600329816341
23858,0.752199113369
23859,0.921394050121
23860,0.376033693552
23862,0.928120553493
23863,0.832600533962
23866,0.77674049139
23867,0.845607638359
23868,0.692667841911
23871,0.859375
23873,0.944332361221
23874,0.984625458717
23878,0.914260685444
23879,0.891043901443
23880,0.989808380604
23881,0.921494007111
23882,0.953317523003
23883,0.990733265877
23885,0.237309336662
23886,0.933295071125
23888,0.982257783413
23890,0.955858230591
23892,0.92706990242
23894,0.89225512743
23895,0.917111814022
23896,0.742343723774
23897,0.869962453842
23898,0.782001018524
23902,0.893356502056
23904,0.800592839718
23905,0.424822807312
23906,0.9319216609
23907,0.958887219429
23913,0.945706665516
23914,0.822484254837
23917,0.762672364712
23919,0.661358654499
23920,0.94093310833
23921,0.993076920509
23922,0.655966818333
23923,0.944529891014
23924,0.820572078228
23931,0.619931459427
23932,0.888267755508
23933,0.850577175617
23935,0.8165538311
23936,0.786154806614
23937,0.777368545532
23940,0.829426169395
23944,0.786020874977
23946,0.863177657127
23948,0.707875847816
23954,0.917049944401
23955,0.872567534447
23958,0.799485623837
23959,0.986878454685
23960,0.719690322876
23962,0.936276197433
23963,0.484171718359
23967,0.701634466648
23970,0.898907721043
23971,0.912819445133
23973,0.444079607725
23974,0.580793321133
23975,0.516839742661
23976,0.962662994862
23980,0.834577679634
23981,0.989825904369
23982,0.869930565357
23986,0.909211695194
23988,0.955385863781
23989,0.990850329399
23990,0.79083532095
23991,0.958289086819
23992,0.684254944324
23993,0.896392226219
23994,0.951326191425
23997,0.651841580868
23998,0.670367538929
24000,0.953008413315
24005,0.902064025402
24006,0.865637481213
24009,0.608934819698
24010,0.507359147072
24012,0.217255666852
24013,0.773480713367
24016,0.919228613377
24017,0.328780710697
24018,0.835392057896
24019,0.941996216774
24020,0.884263575077
24026,0.76907646656
24030,0.926266670227
24035,0.855105161667
24041,0.304260015488
24044,0.89733594656
24045,0.91625392437
24048,0.851681172848
24049,0.636306762695
24050,0.499460935593
24052,0.526309072971
24053,0.503008008003
24054,0.982730388641
24058,0.820427298546
24061,0.85595369339
24063,0.849015295506
24068,0.956080019474
24069,0.865834414959
24071,0.835020959377
24072,0.806628882885
24073,0.922390878201
24075,0.748687803745
24076,0.796831905842
24077,0.960612356663
24078,0.647155165672
24079,0.902007758617
24080,0.819858551025
24081,0.71484285593
24082,0.861902296543
24083,0.877997994423
24085,0.955648958683
24089,0.983434617519
24090,0.814500689507
24098,0.835630059242
24100,0.796699166298
24103,0.83371925354
24104,0.96706455946
24106,0.664474189281
24107,0.803156852722
24108,0.891229271889
24109,0.931429028511
24111,0.830035924911
24113,0.659821510315
24114,0.273498266935
24115,0.807845056057
24116,0.571624100208
24117,0.210642322898
24118,0.797650098801
24119,0.0756029337645
24121,0.916412770748
24125,0.84478610754
24129,0.976593732834
24131,0.848868787289
24132,0.923345029354
24134,0.975224733353
24135,0.811509847641
24137,0.921149075031
24140,0.960709095001
24143,0.479290753603
24145,0.762329757214
24146,0.539109826088
24149,0.568567335606
24151,0.913125157356
24152,0.481780290604
24154,0.783231258392
24155,0.984023094177
24156,0.948219299316
24157,0.974129021168
24158,0.975983202457
24159,0.239538893104
24161,0.774200618267
24163,0.713250517845
24165,0.593946039677
24168,0.692090332508
24169,0.380644232035
24170,0.946676909924
24176,0.922436177731
24177,0.901899814606
24181,0.918296992779
24183,0.935063898563
24184,0.983594715595
24187,0.731405615807
24191,0.964935839176
24192,0.934920072556
24193,0.586289167404
24196,0.64542889595
24198,0.937316954136
24200,0.913422465324
24204,0.434206902981
24206,0.937714040279
24207,0.727341353893
24208,0.554961323738
24209,0.748419642448
24213,0.786684513092
24216,0.51718378067
24217,0.78338509798
24219,0.960110247135
24220,0.942823588848
24229,0.641420602798
24230,0.69746106863
24231,0.970339357853
24233,0.979846715927
24234,0.845267176628
24237,0.800667822361
24239,0.632516622543
24241,0.933006584644
24244,0.834501802921
24246,0.907997965813
24248,0.522123217583
24252,0.50014090538
24253,0.721319496632
24254,0.695669353008
24256,0.816882252693
24260,0.829789102077
24264,0.934223949909
24266,0.809526383877
24269,0.920504570007
24270,0.747476935387
24272,0.925678730011
24275,0.566741168499
24276,0.783326208591
24280,0.668299019337
24284,0.725453436375
24288,0.951873719692
24289,0.849375724792
24291,0.980026781559
24294,0.783863663673
24295,0.68678855896
24301,0.705731630325
24303,0.788071572781
24304,0.781482994556
24305,0.938415408134
24308,0.726188004017
24309,0.788789689541
24310,0.863191068172
24312,0.957853496075
24313,0.374329417944
24314,0.766576349735
24316,0.876393973827
24320,0.878734052181
24321,0.849575459957
24323,0.836642026901
24324,0.876239061356
24326,0.835973858833
24328,0.935612916946
24329,0.458308637142
24332,0.788399517536
24333,0.565681219101
24335,0.469627410173
24337,0.908621191978
24338,0.963200867176
24339,0.869863629341
24340,0.545919775963
24342,0.844074249268
24344,0.926068305969
24347,0.882329106331
24348,0.984707832336
24349,0.631754755974
24350,0.829741537571
24353,0.986953914165
24355,0.951299548149
24358,0.929307222366
24362,0.839348554611
24363,0.87101739645
24365,0.786626458168
24366,0.834561645985
24367,0.649109005928
24369,0.924683868885
24371,0.99050360918
24372,0.728287220001
24373,0.89986038208
24380,0.937827289104
24382,0.924044191837
24383,0.708627462387
24384,0.867549955845
24385,0.670103609562
24388,0.724104762077
24389,0.830559134483
24390,0.811651468277
24395,0.771087646484
24396,0.930080711842
24397,0.88699221611
24398,0.684000015259
24401,0.915035486221
24402,0.971060931683
24403,0.952856659889
24404,0.547994613647
24408,0.96199542284
24409,0.77412378788
24410,0.924371242523
24411,0.822233200073
24413,0.457545787096
24415,0.692309856415
24416,0.938754618168
24417,0.572801530361
24419,0.803242981434
24420,0.61455476284
24421,0.471385359764
24422,0.748515486717
24423,0.928401708603
24426,0.97008150816
24428,0.690998315811
24429,0.842403590679
24430,0.791892409325
24431,0.992808818817
24432,0.743415474892
24433,0.596093773842
24435,0.662251353264
24441,0.723946809769
24443,0.586921215057
24449,0.458462625742
24452,0.478373467922
24453,0.705152094364
24456,0.891850709915
24457,0.656260609627
24460,0.654434680939
24461,0.504381895065
24463,0.685879409313
24465,0.856814563274
24467,0.788725554943
24468,0.930873274803
24469,0.953614711761
24470,0.748516440392
24473,0.434017658234
24475,0.653583705425
24477,0.925669550896
24478,0.993147075176
24479,0.877379715443
24484,0.632212877274
24486,0.987943232059
24487,0.795560836792
24488,0.872617840767
24489,0.660099864006
24492,0.580261647701
24495,0.859777390957
24496,0.810723006725
24497,0.510341763496
24498,0.97718256712
24503,0.831744253635
24504,0.925902783871
24507,0.671408474445
24508,0.982029974461
24509,0.715994596481
24511,0.974198281765
24513,0.967112362385
24515,0.869806945324
24518,0.687975823879
24519,0.619208216667
24521,0.371473640203
24522,0.973099052906
24524,0.896328747272
24526,0.87947589159
24527,0.368672579527
24530,0.838014066219
24536,0.647096633911
24538,0.373093247414
24539,0.746839165688
24540,0.86141628027
24541,0.911078751087
24548,0.288945287466
24549,0.981991887093
24551,0.802764177322
24552,0.917278885841
24555,0.747186481953
24558,0.517940104008
24560,0.951367974281
24562,0.755874633789
24563,0.80965077877
24564,0.915661454201
24565,0.569023668766
24567,0.959117531776
24569,0.726582109928
24571,0.937036335468
24576,0.786614656448
24579,0.848184227943
24586,0.588121056557
24587,0.773778617382
24591,0.982555866241
24597,0.894579768181
24599,0.946119010448
24600,0.644040584564
24603,0.886658906937
24604,0.987626492977
24607,0.740489304066
24612,0.798095345497
24613,0.925664126873
24616,0.922265589237
24617,0.390417397022
24618,0.773310244083
24619,0.607607364655
24620,0.932336091995
24621,0.473408848047
24624,0.506649315357
24626,0.221927240491
24627,0.976082921028
24631,0.640710651875
24633,0.774870753288
24634,0.95352935791
24635,0.974608778954
24637,0.856388568878
24641,0.937677264214
24643,0.709867656231
24644,0.97455060482
24645,0.964892983437
24646,0.58486777544
24647,0.835652589798
24653,0.757706880569
24654,0.814320921898
24655,0.912374854088
24656,0.758165955544
24657,0.733438909054
24658,0.920913159847
24661,0.796998381615
24662,0.879612565041
24664,0.6203109622
24671,0.896593987942
24676,0.825867772102
24677,0.952176809311
24679,0.864142656326
24685,0.961732983589
24686,0.872977614403
24687,0.662399351597
24689,0.471344679594
24691,0.956232368946
24693,0.308758974075
24694,0.718476116657
24695,0.876007020473
24696,0.566897332668
24697,0.947441279888
24700,0.72212189436
24702,0.782855331898
24707,0.956149756908
24708,0.791125774384
24711,0.906908810139
24712,0.940410375595
24715,0.863201677799
24716,0.834589600563
24718,0.563128888607
24720,0.96700334549
24722,0.969045221806
24726,0.976709008217
24727,0.478474646807
24728,0.912164509296
24729,0.256089866161
24731,0.91977417469
24732,0.148635953665
24733,0.956072866917
24737,0.781071782112
24739,0.770479679108
24742,0.956286370754
24744,0.424387425184
24745,0.620603740215
24747,0.966397106647
24748,0.911707818508
24749,0.838670194149
24751,0.619720160961
24752,0.771466851234
24754,0.94682765007
24756,0.646815240383
24763,0.845719218254
24766,0.685544908047
24767,0.891019940376
24773,0.969097554684
24775,0.971437633038
24778,0.738008022308
24779,0.886674523354
24780,0.897691845894
24784,0.83344990015
24785,0.517697870731
24787,0.943717122078
24788,0.897443652153
24789,0.970569849014
24790,0.915782272816
24792,0.563462734222
24793,0.885710835457
24795,0.871916890144
24796,0.891857266426
24797,0.926622331142
24798,0.840962290764
24801,0.661904811859
24804,0.818161904812
24805,0.727842926979
24806,0.635589361191
24807,0.898177504539
24808,0.374964118004
24810,0.77763736248
24811,0.57614505291
24816,0.539623618126
24817,0.624852180481
24820,0.915926814079
24822,0.802030146122
24823,0.982284903526
24824,0.805735945702
24827,0.865523219109
24828,0.927719414234
24830,0.942636370659
24831,0.920694947243
24832,0.777773201466
24833,0.692556083202
24834,0.512397170067
24836,0.96841531992
24837,0.808965921402
24843,0.965323150158
24844,0.960431754589
24846,0.883556365967
24848,0.734748184681
24849,0.757048130035
24850,0.697740495205
24852,0.889678895473
24854,0.939025521278
24856,0.739974200726
24857,0.867490053177
24858,0.959355473518
24859,0.889761090279
24860,0.902995884418
24861,0.820432245731
24862,0.666496515274
24863,0.807973206043
24865,0.549915850163
24870,0.9844378829
24873,0.985206902027
24875,0.71459543705
24876,0.842845678329
24877,0.859596967697
24879,0.81276267767
24880,0.84108710289
24884,0.796436965466
24886,0.397117584944
24887,0.636111438274
24888,0.873484969139
24889,0.728530108929
24890,0.84358972311
24893,0.95818656683
24895,0.945832550526
24896,0.893938779831
24897,0.902592122555
24899,0.603866755962
24900,0.980312526226
24901,0.265641599894
24904,0.861395537853
24906,0.523380219936
24908,0.490755528212
24909,0.944122970104
24910,0.779568850994
24914,0.584447979927
24917,0.87015235424
24918,0.914978384972
24920,0.936709046364
24928,0.811752796173
24930,0.793718159199
24934,0.851349949837
24935,0.776273965836
24936,0.763840138912
24937,0.491565585136
24941,0.581519961357
24942,0.967291891575
24943,0.583876609802
24945,0.915237128735
24946,0.987281620502
24949,0.960409581661
24950,0.978867888451
24951,0.795430600643
24953,0.798392355442
24955,0.923676669598
24956,0.228545278311
24958,0.844626665115
24962,0.913837313652
24963,0.877264916897
24965,0.982936143875
24966,0.77976834774
24970,0.736010253429
24972,0.852125585079
24975,0.744759678841
24978,0.359126716852
24980,0.390547126532
24981,0.632414221764
24983,0.971117913723
24984,0.968332886696
24987,0.837727427483
24988,0.912040948868
24990,0.974423468113
24992,0.891912579536
24994,0.851941347122
24999,0.653381168842
25000,0.721780061722
25001,0.93593120575
25002,0.699425458908
25005,0.906262934208
25006,0.95560157299
25009,0.457008361816
25010,0.864951252937
25011,0.910037398338
25012,0.786388278008
25015,0.629634141922
25016,0.785006225109
25017,0.843225359917
25020,0.782859146595
25021,0.956784188747
25022,0.921911895275
25025,0.509067416191
25030,0.527401149273
25031,0.739569485188
25033,0.856615543365
25034,0.946027874947
25035,0.722656846046
25037,0.935670495033
25039,0.429353713989
25041,0.620185673237
25043,0.773223698139
25046,0.855693638325
25049,0.490204781294
25052,0.640669941902
25054,0.957933366299
25055,0.988250613213
25057,0.978857934475
25061,0.952464997768
25062,0.764151513577
25064,0.93541687727
25066,0.548690378666
25067,0.877121806145
25068,0.244276970625
25070,0.884811997414
25072,0.559425413609
25077,0.932841718197
25078,0.879971563816
25079,0.31273496151
25081,0.92962884903
25082,0.744390368462
25083,0.733058691025
25085,0.652701795101
25087,0.606440603733
25093,0.619551420212
25094,0.394502490759
25098,0.783505737782
25099,0.46862706542
25100,0.790670692921
25101,0.881999373436
25102,0.726942777634
25103,0.772169589996
25104,0.981864929199
25106,0.798291444778
25107,0.753821969032
25108,0.488184779882
25109,0.91438126564
25114,0.107252158225
25117,0.858856022358
25118,0.938108325005
25119,0.891954362392
25120,0.56592977047
25121,0.941067516804
25122,0.796878218651
25123,0.980182409286
25125,0.476335644722
25126,0.928401529789
25127,0.862252831459
25128,0.525152504444
25130,0.513564109802
25133,0.633378565311
25134,0.915971279144
25135,0.922853350639
25136,0.911538779736
25137,0.892452299595
25139,0.96891027689
25141,0.6496758461
25143,0.956516563892
25145,0.915712296963
25146,0.89212846756
25148,0.986276626587
25150,0.561824321747
25153,0.822666466236
25154,0.838961064816
25160,0.894795715809
25163,0.957788407803
25164,0.77235096693
25167,0.758132278919
25171,0.983471333981
25173,0.709469914436
25175,0.81095379591
25176,0.773811340332
25177,0.437755912542
25178,0.940962672234
25182,0.760971426964
25183,0.844929933548
25184,0.6874538064
25185,0.965482354164
25188,0.309311568737
25189,0.402525216341
25190,0.968068957329
25193,0.944127857685
25194,0.921568930149
25196,0.988039553165
25197,0.705690562725
25199,0.430647730827
25200,0.839232563972
25202,0.676750898361
25204,0.71137803793
25206,0.985973119736
25207,0.84231698513
25208,0.915611386299
25210,0.58875221014
25211,0.936523139477
25214,0.912124872208
25216,0.370276004076
25217,0.84203004837
25219,0.605357646942
25220,0.856378734112
25222,0.890486121178
25223,0.987480342388
25225,0.895935475826
25227,0.149966105819
25228,0.611751198769
25229,0.637717425823
25230,0.908389687538
25232,0.92243540287
25233,0.900021612644
25240,0.494619131088
25247,0.964028954506
25249,0.694981336594
25250,0.828199088573
25251,0.974696815014
25252,0.473236232996
25255,0.920300006866
25256,0.897163629532
25258,0.921984195709
25259,0.525510489941
25262,0.970808207989
25264,0.621464908123
25265,0.980637669563
25266,0.935871362686
25267,0.832146704197
25268,0.97104126215
25272,0.693700730801
25273,0.800495684147
25276,0.624149143696
25277,0.990118980408
25282,0.952128350735
25285,0.862508714199
25290,0.740300416946
25292,0.437969744205
25294,0.895564854145
25297,0.723672270775
25298,0.617628753185
25301,0.940354824066
25302,0.848446726799
25303,0.880410194397
25306,0.893959999084
25307,0.90852445364
25308,0.961859226227
25310,0.795647978783
25314,0.490316182375
25315,0.914041221142
25317,0.780507624149
25320,0.859041929245
25323,0.312660485506
25325,0.903142333031
25330,0.494971811771
25332,0.687268197536
25335,0.817455947399
25338,0.675091445446
25339,0.922184407711
25340,0.662433445454
25341,0.91714900732
25343,0.166450679302
25346,0.974234461784
25348,0.929627597332
25350,0.646695971489
25352,0.75183814764
25354,0.75051009655
25356,0.511819839478
25363,0.754501283169
25368,0.987292647362
25371,0.827630519867
25372,0.810358047485
25373,0.851624667645
25376,0.91363376379
25377,0.962498545647
25379,0.710911631584
25380,0.627275764942
25381,0.727892041206
25383,0.937384426594
25385,0.650603830814
25392,0.686674416065
25396,0.923625707626
25397,0.38593351841
25400,0.170602336526
25405,0.60627412796
25406,0.908391654491
25409,0.575024783611
25411,0.600715994835
25413,0.694208323956
25415,0.734095454216
25416,0.848823964596
25421,0.880968630314
25422,0.701877593994
25425,0.685898900032
25427,0.938676655293
25428,0.551010191441
25430,0.466007053852
25432,0.853193342686
25433,0.94864064455
25434,0.921244978905
25438,0.893569290638
25441,0.933537781239
25442,0.101192556322
25446,0.388310432434
25451,0.917086958885
25452,0.947328388691
25454,0.63114207983
25455,0.428459376097
25456,0.65349394083
25458,0.696537792683
25459,0.82405769825
25462,0.988211035728
25466,0.809347689152
25467,0.941546440125
25469,0.973952353001
25472,0.914788722992
25473,0.556655585766
25475,0.556625783443
25477,0.888435959816
25480,0.818712711334
25481,0.805969715118
25483,0.768101453781
25485,0.960761010647
25486,0.474956303835
25489,0.90423220396
25493,0.589603424072
25498,0.993337869644
25499,0.828126847744
25501,0.825821101665
25502,0.928086400032
25503,0.886563897133
25504,0.960206270218
25505,0.470297545195
25506,0.839951872826
25507,0.893658339977
25508,0.668703198433
25509,0.97699701786
25510,0.407490521669
25512,0.939417243004
25513,0.968231678009
25514,0.350867569447
25516,0.89432913065
25517,0.71377581358
25521,0.774625301361
25523,0.868803322315
25525,0.664347290993
25526,0.756016671658
25531,0.542603731155
25534,0.894018530846
25535,0.807182729244
25536,0.595409870148
25537,0.832174360752
25539,0.966910719872
25543,0.832104682922
25544,0.933379769325
25548,0.930942237377
25549,0.983882308006
25552,0.871411025524
25554,0.616949498653
25555,0.366519659758
25558,0.889992773533
25559,0.792737960815
25560,0.825972020626
25561,0.86804920435
25562,0.682684838772
25564,0.650568306446
25565,0.533111274242
25566,0.976531744003
25567,0.833969414234
25571,0.874111890793
25572,0.782291710377
25573,0.817166030407
25575,0.845039665699
25577,0.979279696941
25579,0.96923738718
25580,0.876279532909
25582,0.985530257225
25586,0.860681116581
25587,0.742288529873
25588,0.96682882309
25591,0.594713449478
25596,0.871257662773
25597,0.847113192081
25600,0.887567281723
25601,0.872697710991
25602,0.816458940506
25605,0.841887891293
25606,0.973154366016
25610,0.976553916931
25611,0.844993174076
25612,0.658048927784
25614,0.981152534485
25616,0.758863389492
25618,0.776998460293
25619,0.956989884377
25620,0.920754730701
25621,0.856747984886
25622,0.695926725864
25625,0.684015512466
25626,0.479440867901
25627,0.714384377003
25630,0.666942179203
25631,0.629902303219
25632,0.535495519638
25634,0.801601111889
25638,0.676008224487
25639,0.85629016161
25640,0.960869967937
25642,0.809331357479
25644,0.820009291172
25652,0.88935059309
25653,0.883359491825
25654,0.964023411274
25655,0.552898406982
25658,0.813522815704
25661,0.566681683064
25663,0.878295779228
25664,0.718010425568
25666,0.952427148819
25667,0.949110329151
25669,0.956990897655
25671,0.974982619286
25672,0.940487861633
25673,0.745453298092
25674,0.970122337341
25675,0.929322719574
25678,0.935461819172
25679,0.77562469244
25681,0.920099437237
25682,0.453688621521
25686,0.795330762863
25688,0.91844022274
25694,0.849852979183
25695,0.783563673496
25696,0.869568586349
25697,0.534265160561
25700,0.903333544731
25701,0.899180710316
25703,0.881601452827
25705,0.899619162083
25707,0.761886239052
25708,0.621793568134
25709,0.983453094959
25714,0.948971927166
25715,0.933615386486
25719,0.693432152271
25726,0.982070088387
25728,0.96858471632
25729,0.716814041138
25730,0.885541200638
25731,0.97369146347
25732,0.460284858942
25734,0.768135607243
25735,0.91136932373
25737,0.933079242706
25738,0.868228554726
25739,0.827427387238
25741,0.947703480721
25742,0.994405269623
25743,0.959551215172
25744,0.894199967384
25745,0.985367059708
25746,0.783758640289
25748,0.448206335306
25749,0.867325127125
25750,0.888064920902
25752,0.887221634388
25753,0.554964780807
25754,0.581559896469
25760,0.951860427856
25762,0.81700104475
25766,0.385674059391
25767,0.980222761631
25772,0.916059017181
25773,0.82600992918
25774,0.826635658741
25778,0.74289727211
25779,0.681021034718
25780,0.775709867477
25783,0.893479764462
25784,0.780897498131
25785,0.835543096066
25788,0.712939620018
25789,0.671037137508
25793,0.89905166626
25794,0.803126871586
25800,0.752914011478
25804,0.833960175514
25805,0.852212607861
25808,0.905982971191
25809,0.91090798378
25811,0.869870185852
25813,0.868029534817
25814,0.953243136406
25817,0.75178027153
25818,0.752710819244
25819,0.834871530533
25821,0.684028625488
25822,0.698758244514
25823,0.555513501167
25824,0.895601093769
25826,0.938008666039
25827,0.954506099224
25828,0.734296619892
25829,0.786579966545
25831,0.992743611336
25833,0.613251686096
25835,0.290616512299
25836,0.571301996708
25837,0.735825300217
25838,0.599211037159
25843,0.53870010376
25844,0.92289441824
25845,0.741767466068
25850,0.6504945755
25851,0.786863327026
25853,0.879991769791
25854,0.689192771912
25855,0.92465275526
25858,0.986394226551
25859,0.983168721199
25861,0.953263998032
25862,0.989239454269
25864,0.717250466347
25866,0.299981951714
25869,0.827417373657
25870,0.971820294857
25871,0.89862370491
25872,0.795688509941
25874,0.677410066128
25875,0.548722624779
25876,0.890389025211
25878,0.969316899776
25879,0.818623423576
25883,0.969351053238
25885,0.972324967384
25887,0.967151939869
25888,0.59327685833
25889,0.841613829136
25891,0.916351139545
25892,0.891862213612
25893,0.976145505905
25895,0.81116861105
25896,0.928775548935
25899,0.506729364395
25901,0.740014672279
25902,0.601157069206
25903,0.717949986458
25905,0.668312966824
25906,0.794334828854
25907,0.583654880524
25909,0.947979271412
25912,0.582473635674
25913,0.645307600498
25914,0.730019807816
25918,0.608409404755
25919,0.973155498505
25921,0.534835159779
25922,0.796574413776
25925,0.972624957561
25926,0.963112950325
25927,0.981214880943
25928,0.823329508305
25929,0.806248247623
25930,0.807021319866
25931,0.391791045666
25932,0.980934679508
25935,0.924610793591
25937,0.74258941412
25938,0.939963877201
25944,0.632891833782
25945,0.883115231991
25946,0.723191142082
25948,0.702831447124
25953,0.958204507828
25954,0.743447482586
25956,0.786647617817
25957,0.77234184742
25958,0.872567713261
25959,0.658399641514
25961,0.928208589554
25962,0.948136806488
25963,0.898989081383
25966,0.917347967625
25969,0.946490168571
25970,0.323039978743
25972,0.844383060932
25975,0.94167548418
25976,0.945099771023
25979,0.76164150238
25982,0.900728702545
25985,0.831790149212
25988,0.923387229443
25989,0.465114921331
25990,0.887189924717
25991,0.846198439598
25992,0.661984086037
25993,0.888208866119
25994,0.975275278091
25995,0.766278326511
25996,0.755603313446
25997,0.880824029446
25998,0.484604418278
26000,0.712951123714
26001,0.948682546616
26004,0.937183856964
26005,0.808253824711
26007,0.629421651363
26009,0.967122077942
26010,0.913676857948
26012,0.587905287743
26014,0.867917299271
26018,0.677914500237
26019,0.953359901905
26024,0.963707268238
26025,0.867821097374
26030,0.943040013313
26031,0.801992535591
26033,0.660136520863
26036,0.938994824886
26041,0.760011315346
26042,0.935368061066
26044,0.853510260582
26048,0.936179757118
26051,0.645405054092
26052,0.28223195672
26057,0.620806634426
26058,0.751774430275
26060,0.848630666733
26061,0.961597800255
26062,0.940694689751
26063,0.870688259602
26070,0.703460931778
26072,0.562279999256
26073,0.980981111526
26074,0.506340205669
26075,0.783923387527
26077,0.956373929977
26080,0.802188456059
26082,0.971327185631
26083,0.912486612797
26084,0.849839627743
26085,0.803696095943
26086,0.535919129848
26088,0.847188472748
26089,0.966276109219
26090,0.903225660324
26092,0.974619209766
26095,0.597131073475
26096,0.672090530396
26102,0.920042574406
26104,0.921349406242
26105,0.842738926411
26107,0.801705062389
26108,0.890482902527
26110,0.975546896458
26112,0.924935400486
26113,0.91111344099
26116,0.901129662991
26117,0.962677836418
26119,0.602800607681
26120,0.685541808605
26121,0.870109379292
26123,0.938958585262
26124,0.760879337788
26125,0.691416800022
26126,0.815271258354
26132,0.977605640888
26134,0.492078691721
26136,0.776543080807
26138,0.802381694317
26139,0.974677622318
26140,0.97949296236
26141,0.92531144619
26142,0.990413606167
26143,0.946578383446
26150,0.861506462097
26151,0.926104545593
26152,0.959737181664
26153,0.8971773386
26155,0.757127821445
26156,0.983930408955
26159,0.926953017712
26164,0.610106408596
26167,0.355789154768
26169,0.0718899741769
26170,0.886565685272
26171,0.950700223446
26172,0.657173514366
26173,0.960975527763
26176,0.259137690067
26177,0.764806985855
26180,0.861091136932
26181,0.689213991165
26188,0.92875880003
26190,0.9818379879
26191,0.544361829758
26192,0.884163081646
26193,0.844614326954
26194,0.870458722115
26195,0.747040688992
26196,0.665171563625
26198,0.917901396751
26199,0.922900676727
26205,0.786965548992
26206,0.943426430225
26207,0.770630836487
26211,0.972127735615
26212,0.499067485332
26216,0.943312466145
26218,0.781220912933
26219,0.891893148422
26220,0.929897606373
26222,0.560388684273
26224,0.855296492577
26226,0.323235601187
26227,0.865249633789
26229,0.18490204215
26231,0.616445422173
26232,0.736160039902
26235,0.65360814333
26238,0.945361018181
26239,0.731656074524
26240,0.945267379284
26242,0.85832452774
26243,0.877401649952
26244,0.596421539783
26246,0.861304163933
26249,0.254828244448
26250,0.932299673557
26251,0.918531954288
26253,0.840759515762
26254,0.770423412323
26255,0.558035612106
26256,0.483158916235
26259,0.930630981922
26260,0.687140643597
26261,0.880330443382
26262,0.658242702484
26263,0.492639243603
26269,0.865912258625
26270,0.981065928936
26271,0.589348971844
26272,0.986190915108
26273,0.986670076847
26278,0.806597948074
26280,0.605591118336
26283,0.690468847752
26286,0.48167848587
26288,0.866137981415
26290,0.913443088531
26291,0.80336689949
26292,0.843963980675
26293,0.952991247177
26298,0.913899242878
26299,0.695847928524
26300,0.699597835541
26302,0.990429520607
26304,0.90246462822
26309,0.694927692413
26310,0.692629814148
26311,0.373033463955
26312,0.883222401142
26314,0.989436745644
26317,0.533354759216
26318,0.488783270121
26319,0.959262192249
26324,0.626144886017
26325,0.783310592175
26327,0.869628429413
26328,0.796709001064
26329,0.66042983532
26330,0.859216034412
26331,0.987620770931
26333,0.959717333317
26334,0.89926224947
26336,0.676353812218
26341,0.743752300739
26345,0.67944175005
26349,0.522471666336
26350,0.934755265713
26351,0.790565550327
26352,0.213825047016
26355,0.766027510166
26356,0.864434242249
26357,0.958866834641
26359,0.724503099918
26361,0.735742688179
26362,0.634923994541
26367,0.956886291504
26368,0.985012888908
26369,0.688131988049
26370,0.974805653095
26371,0.827145695686
26373,0.470358997583
26374,0.657545864582
26375,0.890434026718
26376,0.973757326603
26377,0.801601648331
26379,0.619630992413
26380,0.917794942856
26384,0.886373639107
26389,0.7539742589
26392,0.912648022175
26393,0.913003027439
26394,0.591026604176
26396,0.817991793156
26397,0.411190360785
26398,0.491281270981
26401,0.939897656441
26404,0.914702415466
26408,0.755217015743
26409,0.984589636326
26410,0.72980672121
26411,0.98800766468
26418,0.504362165928
26419,0.813991308212
26420,0.972580492496
26421,0.542927026749
26424,0.818649590015
26425,0.783405721188
26429,0.820244431496
26431,0.971924126148
26434,0.944014132023
26435,0.903906166553
26437,0.55702149868
26439,0.975462317467
26442,0.978113353252
26443,0.799671769142
26444,0.959500074387
26445,0.839344918728
26446,0.749029695988
26451,0.580283939838
26455,0.889199137688
26456,0.975737810135
26458,0.945506036282
26459,0.806477367878
26460,0.670205056667
26462,0.711966812611
26463,0.88919878006
26464,0.542745292187
26465,0.516535699368
26470,0.937105536461
26471,0.748827219009
26473,0.855141937733
26474,0.819279074669
26477,0.962685763836
26480,0.991399645805
26481,0.768880546093
26482,0.917837023735
26483,0.68262398243
26484,0.747676968575
26485,0.877196669579
26487,0.956566035748
26491,0.503194749355
26492,0.91493678093
26493,0.707072257996
26495,0.979167342186
26496,0.976472973824
26506,0.918240487576
26507,0.91751241684
26510,0.424975812435
26511,0.657045304775
26512,0.620393753052
26513,0.701366245747
26514,0.871833920479
26515,0.891786158085
26517,0.514645755291
26518,0.643368542194
26519,0.925662398338
26521,0.759746968746
26522,0.968393862247
26523,0.930710971355
26525,0.662470579147
26526,0.573218584061
26527,0.237748727202
26530,0.985984444618
26533,0.686027705669
26537,0.980217456818
26538,0.904723227024
26540,0.901772975922
26542,0.7962718606
26543,0.896991014481
26545,0.851843059063
26547,0.677878916264
26549,0.641934752464
26550,0.943068861961
26551,0.884072899818
26552,0.976245701313
26554,0.770785748959
26556,0.6819652915
26557,0.77523881197
26560,0.876737415791
26562,0.816915333271
26563,0.532153010368
26565,0.975488066673
26566,0.603722989559
26567,0.933098316193
26572,0.291796088219
26573,0.937562584877
26575,0.836285889149
26577,0.864819943905
26579,0.787087738514
26580,0.800635397434
26584,0.712490856647
26586,0.6066442132
26587,0.816418290138
26588,0.793255269527
26589,0.458564013243
26590,0.906357824802
26591,0.82257270813
26592,0.977440357208
26599,0.977791130543
26600,0.986404657364
26601,0.956601381302
26603,0.758813738823
26606,0.948494076729
26609,0.933754324913
26613,0.975794196129
26614,0.774213910103
26615,0.727228462696
26616,0.975989103317
26617,0.755621254444
26618,0.425723105669
26620,0.94198602438
26621,0.431866794825
26627,0.548263192177
26628,0.891554832458
26629,0.712385416031
26631,0.317423045635
26632,0.672644376755
26634,0.520453453064
26635,0.756017327309
26640,0.73083782196
26641,0.839109003544
26642,0.923959493637
26645,0.57432693243
26648,0.833518028259
26651,0.897908985615
26653,0.807670652866
26654,0.983174860477
26657,0.930764377117
26658,0.902609884739
26661,0.923348248005
26664,0.657844185829
26668,0.754865944386
26669,0.642875313759
26671,0.781591117382
26677,0.990737617016
26682,0.784101963043
26683,0.791489720345
26685,0.988152801991
26686,0.562014341354
26687,0.952313959599
26690,0.678174316883
26693,0.579110741615
26695,0.767092823982
26696,0.725981235504
26697,0.747837603092
26705,0.949782371521
26707,0.961579859257
26709,0.984023332596
26710,0.980390548706
26717,0.953852593899
26718,0.873210847378
26719,0.880705058575
26720,0.877620100975
26721,0.908080875874
26723,0.990404605865
26725,0.918260216713
26726,0.969256222248
26729,0.259160429239
26730,0.654361665249
26733,0.934531211853
26734,0.819077551365
26735,0.818815886974
26739,0.738323748112
26741,0.404428690672
26744,0.649114251137
26745,0.921358406544
26746,0.423383057117
26747,0.288585633039
26749,0.941947758198
26751,0.483993142843
26752,0.768026709557
26755,0.762291252613
26756,0.611795306206
26757,0.974003136158
26761,0.560516178608
26763,0.751752614975
26764,0.903576076031
26770,0.644199609756
26771,0.10930428654
26774,0.856361031532
26775,0.546124756336
26776,0.809304893017
26779,0.772476792336
26780,0.46952521801
26781,0.875979304314
26786,0.703028976917
26788,0.830874025822
26790,0.881977140903
26792,0.90103751421
26793,0.809028446674
26799,0.517101049423
26800,0.967330753803
26803,0.571103274822
26804,0.807041406631
26805,0.74890422821
26807,0.388264387846
26810,0.566732764244
26811,0.808737814426
26812,0.981374561787
26814,0.151841148734
26818,0.836923420429
26819,0.627479314804
26820,0.975997328758
26822,0.961864948273
26826,0.912116229534
26828,0.478624522686
26829,0.741520404816
26830,0.951915979385
26832,0.765220701694
26833,0.918261408806
26834,0.870223641396
26835,0.726061522961
26836,0.845441818237
26837,0.749399244785
26839,0.811473250389
26840,0.98160469532
26841,0.618892550468
26845,0.892685949802
26850,0.870246946812
26852,0.933671891689
26853,0.579109609127
26854,0.888293266296
26857,0.765176236629
26858,0.789299488068
26860,0.85792529583
26861,0.41042637825
26863,0.885015904903
26871,0.961028337479
26875,0.630072116852
26876,0.731401264668
26879,0.867609679699
26880,0.353597402573
26882,0.915880680084
26883,0.872234940529
26884,0.725142002106
26889,0.974665522575
26890,0.874524414539
26891,0.853825449944
26892,0.771170318127
26899,0.873952150345
26900,0.821204960346
26902,0.822443902493
26907,0.931679546833
26908,0.516996383667
26910,0.488168925047
26912,0.971505701542
26913,0.818769156933
26915,0.971402347088
26916,0.687942564487
26920,0.855521857738
26921,0.349937736988
26928,0.752606093884
26929,0.787837803364
26931,0.690670311451
26934,0.888655006886
26935,0.663066148758
26936,0.963404774666
26938,0.901428222656
26944,0.800625264645
26945,0.951907098293
26946,0.802201449871
26947,0.97397339344
26949,0.946900963783
26951,0.912691235542
26952,0.975847065449
26954,0.892496168613
26956,0.757737994194
26960,0.678901314735
26961,0.899963855743
26965,0.705943822861
26968,0.854697465897
26970,0.679563164711
26971,0.79683214426
26973,0.799772381783
26974,0.5719217062
26975,0.977303564548
26977,0.707396149635
26978,0.826146423817
26979,0.782144844532
26981,0.950821101665
26982,0.496469855309
26983,0.821472227573
26984,0.77173769474
26985,0.832785129547
26988,0.913731813431
26989,0.197755292058
26991,0.493972063065
26992,0.892147421837
26994,0.803137898445
26995,0.741837859154
26997,0.969747960567
27000,0.955984890461
27002,0.869465529919
27004,0.936303079128
27007,0.62024384737
27008,0.726319849491
27009,0.850330471992
27011,0.442944288254
27012,0.744822263718
27014,0.648898482323
27015,0.974917769432
27016,0.673355221748
27018,0.524342775345
27019,0.383542776108
27020,0.948994576931
27021,0.936305880547
27022,0.778906702995
27024,0.827754020691
27025,0.957963764668
27030,0.866356551647
27032,0.515468299389
27034,0.654225945473
27035,0.763867795467
27045,0.967392086983
27047,0.596322894096
27048,0.354314893484
27054,0.916921138763
27055,0.897599816322
27056,0.781266629696
27060,0.191402435303
27065,0.864102780819
27066,0.838131010532
27068,0.576655566692
27072,0.765594244003
27073,0.783957898617
27078,0.82673227787
27079,0.648237764835
27080,0.810333192348
27082,0.770185947418
27083,0.816149294376
27085,0.743821382523
27094,0.780792713165
27096,0.725894272327
27097,0.669114351273
27103,0.568233251572
27104,0.981956422329
27106,0.891198575497
27108,0.908883750439
27109,0.925056755543
27111,0.867376744747
27113,0.28115350008
27118,0.932484805584
27123,0.747398197651
27124,0.966676712036
27125,0.860270023346
27127,0.847591221333
27129,0.723080575466
27132,0.899241924286
27133,0.535170316696
27135,0.963735938072
27137,0.973941624165
27138,0.769894301891
27140,0.953673899174
27142,0.672741234303
27149,0.663162052631
27150,0.566196382046
27152,0.639373362064
27153,0.526254951954
27154,0.954811930656
27155,0.729314148426
27157,0.99282771349
27161,0.703037500381
27167,0.981197178364
27168,0.88273537159
27169,0.974212408066
27172,0.911075890064
27173,0.432557046413
27180,0.580936431885
27182,0.795473754406
27183,0.979904174805
27184,0.750000476837
27187,0.818816900253
27188,0.947398543358
27193,0.783946454525
27195,0.509708881378
27196,0.988083779812
27197,0.698013424873
27199,0.910215139389
27200,0.777729809284
27201,0.752797603607
27204,0.885309457779
27206,0.987969517708
27207,0.930415987968
27209,0.982984423637
27210,0.679052174091
27211,0.842075705528
27215,0.673735260963
27217,0.932162821293
27218,0.833024024963
27219,0.757561147213
27220,0.915903389454
27223,0.957610189915
27225,0.67213845253
27234,0.635473430157
27238,0.709887564182
27240,0.762811660767
27246,0.856661081314
27247,0.863743245602
27248,0.691986322403
27249,0.250587671995
27251,0.655177593231
27253,0.870291531086
27254,0.965466022491
27261,0.823338806629
27262,0.682990729809
27263,0.981912374496
27267,0.930596590042
27271,0.711967110634
27272,0.637530148029
27275,0.733786284924
27277,0.841241359711
27280,0.777320325375
27281,0.812113583088
27282,0.795088946819
27283,0.906495213509
27286,0.96595877409
27289,0.809869885445
27290,0.789306938648
27291,0.937203228474
27292,0.971067368984
27297,0.638422369957
27299,0.892098069191
27300,0.972567677498
27303,0.793719053268
27304,0.971421480179
27305,0.797725439072
27306,0.96567851305
27307,0.549718737602
27308,0.43795144558
27309,0.715076386929
27310,0.89705401659
27311,0.955282211304
27314,0.837355673313
27324,0.746477484703
27326,0.792524814606
27332,0.864740788937
27333,0.755003452301
27335,0.401495486498
27340,0.884492874146
27341,0.814590573311
27342,0.893204987049
27343,0.720517277718
27344,0.800529301167
27345,0.868472576141
27346,0.920597732067
27347,0.939231932163
27348,0.838027119637
27349,0.963428080082
27351,0.986163675785
27355,0.79726934433
27358,0.740323185921
27360,0.886677920818
27361,0.929801404476
27363,0.959645390511
27364,0.961504876614
27365,0.891305863857
27366,0.912411868572
27370,0.7001324296
27372,0.463971883059
27373,0.895385205746
27377,0.948020875454
27378,0.795622467995
27379,0.984203994274
27380,0.842749416828
27382,0.108931437135
27383,0.50918507576
27384,0.739604413509
27385,0.727116882801
27386,0.94330728054
27387,0.746309280396
27389,0.904199302197
27390,0.953628897667
27391,0.897211313248
27392,0.852864921093
27393,0.6267105937
27394,0.702627062798
27398,0.861046075821
27403,0.975406289101
27406,0.929916024208
27413,0.632885813713
27415,0.912466585636
27416,0.902148723602
27419,0.892978131771
27422,0.700941741467
27425,0.856387078762
27426,0.483846634626
27427,0.991713881493
27429,0.69308757782
27432,0.954223811626
27433,0.866557359695
27434,0.554537832737
27435,0.717384517193
27437,0.761634945869
27438,0.856569766998
27439,0.857063174248
27440,0.596734404564
27441,0.876648366451
27442,0.819857478142
27446,0.944538295269
27450,0.875215888023
27452,0.776389718056
27454,0.831660509109
27455,0.701092123985
27460,0.95072466135
27462,0.577465951443
27465,0.57705360651
27466,0.977475404739
27468,0.691816449165
27469,0.947872042656
27470,0.816557884216
27471,0.70163410902
27473,0.931853950024
27474,0.628390192986
27476,0.689355969429
27479,0.9350669384
27480,0.434279054403
27482,0.968101024628
27487,0.77375972271
27488,0.975551366806
27489,0.61825209856
27492,0.779752314091
27497,0.783457219601
27499,0.8189458251
27500,0.829530477524
27502,0.956996560097
27505,0.584282100201
27507,0.733211040497
27508,0.721510350704
27509,0.968739509583
27514,0.943995058537
27515,0.909245371819
27516,0.701024830341
27518,0.988118588924
27520,0.983545899391
27525,0.985067725182
27526,0.970305323601
27528,0.71500903368
27529,0.870341956615
27531,0.982753157616
27532,0.875626981258
27533,0.506712794304
27536,0.743844091892
27537,0.737548470497
27540,0.954045891762
27542,0.779174685478
27543,0.757538318634
27546,0.887669086456
27549,0.924234032631
27557,0.701291203499
27559,0.87639862299
27563,0.656144499779
27564,0.936803519726
27566,0.737839400768
27569,0.969251275063
27570,0.782950460911
27573,0.59994661808
27577,0.291954964399
27578,0.941601574421
27581,0.768217325211
27582,0.977933526039
27583,0.788096129894
27584,0.557924628258
27586,0.953008890152
27587,0.663534939289
27588,0.922863125801
27589,0.947424054146
27591,0.700013041496
27593,0.955622255802
27595,0.716649353504
27596,0.781377196312
27597,0.685241043568
27598,0.701000630856
27599,0.852540254593
27602,0.860755741596
27604,0.915427148342
27605,0.690864861012
27608,0.97917765379
27610,0.445635557175
27611,0.97952902317
27613,0.911686420441
27614,0.980373501778
27616,0.911321341991
27617,0.556349396706
27619,0.552699685097
27620,0.937767326832
27621,0.759795427322
27622,0.705974638462
27624,0.914926528931
27625,0.989386320114
27626,0.761698901653
27627,0.830389499664
27628,0.830568015575
27630,0.913148224354
27631,0.973188579082
27632,0.63125115633
27633,0.503537654877
27634,0.727102637291
27636,0.84368789196
27638,0.883880615234
27640,0.741769433022
27642,0.911530673504
27643,0.350965440273
27647,0.82623976469
27648,0.564581930637
27649,0.805933117867
27650,0.81019616127
27654,0.879671931267
27655,0.820885300636
27657,0.488478839397
27663,0.75505822897
27664,0.695175409317
27667,0.779600858688
27668,0.774412751198
27670,0.855197131634
27673,0.475191563368
27674,0.864597558975
27676,0.350601613522
27680,0.811318039894
27682,0.626702487469
27683,0.875835776329
27684,0.857402145863
27685,0.782033979893
27686,0.882432699203
27687,0.891941010952
27690,0.696603298187
27691,0.916650295258
27693,0.816502094269
27694,0.525710165501
27695,0.886776328087
27696,0.980454862118
27698,0.698419988155
27701,0.992744445801
27707,0.875730156898
27708,0.426809340715
27709,0.929820477962
27710,0.743412017822
27711,0.989095628262
27714,0.106511577964
27716,0.73033452034
27718,0.824847698212
27720,0.878207743168
27721,0.694453299046
27723,0.970565676689
27725,0.764731526375
27727,0.873772084713
27728,0.977305054665
27731,0.163598239422
27734,0.974619328976
27735,0.458298504353
27736,0.979551553726
27738,0.762408018112
27740,0.952750921249
27741,0.890110135078
27743,0.955497741699
27745,0.977091610432
27747,0.975969016552
27751,0.983681976795
27752,0.591601788998
27754,0.969082057476
27756,0.967346668243
27757,0.818198084831
27759,0.988129377365
27760,0.909542798996
27762,0.929699718952
27765,0.544899761677
27767,0.721343576908
27768,0.982224524021
27769,0.988846123219
27770,0.942153513432
27773,0.620787918568
27774,0.396752357483
27775,0.580080807209
27776,0.568461596966
27781,0.967392861843
27784,0.910197854042
27786,0.826772987843
27787,0.808006107807
27788,0.589440464973
27790,0.865232765675
27791,0.981914758682
27792,0.878685891628
27795,0.932997524738
27796,0.982050657272
27799,0.494648426771
27800,0.965876460075
27801,0.918852090836
27803,0.518666148186
27806,0.909707963467
27808,0.81533408165
27810,0.660773277283
27811,0.741071760654
27815,0.857945799828
27816,0.679358541965
27819,0.763915002346
27820,0.871269404888
27821,0.832256495953
27822,0.64045715332
27826,0.420310497284
27829,0.967788875103
27830,0.865840375423
27832,0.727383613586
27833,0.887253284454
27834,0.736144483089
27835,0.747488081455
27838,0.957672178745
27840,0.672032952309
27841,0.657623171806
27842,0.310661882162
27844,0.973299980164
27845,0.97387444973
27846,0.782341182232
27850,0.857051551342
27852,0.947202563286
27854,0.803140819073
27856,0.919360280037
27858,0.96462148428
27862,0.509702384472
27863,0.637450218201
27864,0.952585816383
27866,0.783272743225
27867,0.979851305485
27868,0.846727073193
27873,0.85663318634
27874,0.899809598923
27876,0.989412486553
27877,0.270074814558
27880,0.522393703461
27882,0.0518592968583
27887,0.973162353039
27889,0.954819500446
27892,0.314048320055
27894,0.926278531551
27898,0.947925508022
27900,0.798126876354
27904,0.968957126141
27905,0.953388512135
27907,0.807596325874
27909,0.650128006935
27910,0.466065168381
27911,0.708074629307
27913,0.974692463875
27914,0.905686497688
27917,0.930272459984
27920,0.924889981747
27923,0.0682356134057
27924,0.623677313328
27928,0.850749015808
27931,0.929998636246
27934,0.765233695507
27935,0.774508059025
27936,0.856258451939
27937,0.712032914162
27938,0.422679454088
27939,0.940734148026
27940,0.782682776451
27944,0.70390433073
27947,0.887300848961
27949,0.416980624199
27952,0.846725583076
27960,0.771850287914
27961,0.940342545509
27968,0.879210114479
27969,0.89559262991
27970,0.721932828426
27974,0.888752520084
27975,0.799176871777
27976,0.939175784588
27977,0.86701053381
27978,0.842143952847
27980,0.858696341515
27981,0.512832045555
27982,0.824949860573
27984,0.773883402348
27985,0.776403069496
27986,0.966235160828
27988,0.847810447216
27989,0.820455431938
27992,0.77431833744
27993,0.802525043488
27994,0.927970468998
27995,0.897092044353
27999,0.758332848549
28003,0.613914430141
28004,0.984066486359
28007,0.796655118465
28008,0.836495101452
28009,0.906854748726
28013,0.826152443886
28014,0.838223934174
28015,0.870983481407
28016,0.704935252666
28017,0.861084520817
28018,0.985821187496
28019,0.685606002808
28020,0.677958667278
28023,0.739335417747
28024,0.88956284523
28025,0.436069220304
28026,0.931734621525
28027,0.944859564304
28030,0.629986703396
28031,0.674520790577
28032,0.522463083267
28034,0.876578748226
28035,0.909929275513
28039,0.838527739048
28040,0.974602997303
28044,0.893209278584
28045,0.776127696037
28046,0.983103394508
28047,0.912766396999
28048,0.902200698853
28051,0.382108926773
28052,0.565804898739
28053,0.377015262842
28054,0.885287940502
28059,0.946172356606
28060,0.957374036312
28061,0.979847192764
28065,0.968360424042
28067,0.951047599316
28075,0.909000277519
28076,0.969367086887
28077,0.271504819393
28078,0.765411555767
28080,0.378392457962
28081,0.772565186024
28083,0.8317669034
28084,0.907621085644
28088,0.89162504673
28091,0.529905319214
28095,0.526892781258
28098,0.541601359844
28099,0.957386791706
28101,0.51653522253
28103,0.973970711231
28104,0.972978591919
28105,0.489150702953
28107,0.767864942551
28109,0.980643987656
28112,0.77961397171
28113,0.971842050552
28114,0.732637047768
28115,0.756094753742
28117,0.894450545311
28120,0.097728535533
28121,0.939922809601
28122,0.928695261478
28123,0.909623622894
28124,0.933833658695
28127,0.815252542496
28129,0.380822002888
28130,0.0454106703401
28132,0.832593202591
28134,0.733167767525
28136,0.82290828228
28137,0.612553536892
28138,0.43015781045
28142,0.88170582056
28144,0.340590626001
28146,0.481270700693
28147,0.860357940197
28148,0.971782565117
28149,0.800007760525
28150,0.946281433105
28152,0.988222897053
28154,0.875867426395
28155,0.881610810757
28158,0.752612471581
28159,0.918388664722
28164,0.590670406818
28167,0.936008453369
28171,0.927648663521
28175,0.587131142616
28176,0.426252573729
28177,0.40819850564
28178,0.863728642464
28180,0.857271552086
28182,0.703475594521
28187,0.865184009075
28189,0.836668670177
28191,0.992619097233
28192,0.853982329369
28193,0.928332030773
28195,0.936485290527
28197,0.71656191349
28198,0.757496535778
28200,0.832217872143
28203,0.757101774216
28204,0.445589631796
28206,0.891070485115
28210,0.967311322689
28211,0.984845757484
28215,0.939344465733
28216,0.869876503944
28219,0.670454025269
28220,0.922200322151
28221,0.587785243988
28222,0.932993590832
28223,0.723308146
28225,0.452492386103
28227,0.435697257519
28228,0.445679694414
28230,0.837110877037
28233,0.397091120481
28234,0.704527795315
28236,0.865310907364
28238,0.923708081245
28239,0.527489066124
28240,0.317884624004
28242,0.563478887081
28243,0.565835058689
28244,0.762109041214
28246,0.347618430853
28248,0.980993509293
28253,0.659913599491
28254,0.448012322187
28256,0.918599665165
28257,0.826918303967
28258,0.813683688641
28259,0.669247090816
28264,0.874013245106
28267,0.987742304802
28268,0.780843853951
28269,0.0434508398175
28270,0.918070852757
28271,0.967058420181
28274,0.720550119877
28275,0.813214123249
28279,0.862070202827
28281,0.240790843964
28282,0.931679368019
28283,0.506809949875
28285,0.777268826962
28287,0.203309684992
28289,0.951773047447
28290,0.844887793064
28291,0.861378550529
28292,0.827993571758
28296,0.809530079365
28297,0.913218915462
28299,0.620424866676
28303,0.771015584469
28304,0.88112527132
28306,0.973162829876
28310,0.615625798702
28311,0.8860065341
28316,0.801353752613
28323,0.952672243118
28324,0.903995573521
28327,0.198675513268
28328,0.922609269619
28331,0.961247503757
28332,0.457933545113
28333,0.68844717741
28334,0.745781838894
28335,0.837017357349
28336,0.778463482857
28339,0.885001242161
28341,0.925550043583
28345,0.984206080437
28347,0.764242887497
28349,0.854214787483
28351,0.985106945038
28352,0.938627183437
28355,0.43516689539
28357,0.935711622238
28359,0.660082399845
28364,0.913446128368
28365,0.366742253304
28366,0.956059634686
28367,0.939939975739
28368,0.785550236702
28376,0.965235948563
28377,0.822337627411
28378,0.969489514828
28379,0.964683294296
28380,0.793235242367
28381,0.729087173939
28384,0.949710309505
28385,0.764095187187
28386,0.705866575241
28387,0.849471390247
28389,0.585122704506
28393,0.458378136158
28394,0.35698646307
28399,0.9825502038
28402,0.659197568893
28403,0.688521325588
28406,0.803971409798
28407,0.982080459595
28410,0.57676756382
28412,0.956671893597
28414,0.909869670868
28415,0.762929975986
28420,0.801650047302
28423,0.868824362755
28424,0.937482059002
28425,0.646136820316
28431,0.859710395336
28432,0.982068359852
28434,0.797351241112
28436,0.982262015343
28438,0.948303699493
28442,0.800187349319
28444,0.177062049508
28445,0.152642592788
28446,0.965030670166
28447,0.972687065601
28448,0.835762858391
28449,0.94153213501
28450,0.913803040981
28452,0.68372553587
28454,0.916685283184
28456,0.930019319057
28457,0.966592609882
28458,0.984332323074
28460,0.910432040691
28461,0.877518951893
28463,0.757366299629
28466,0.617236495018
28467,0.926196277142
28468,0.95608407259
28469,0.982047557831
28470,0.875845015049
28474,0.73833245039
28475,0.876674234867
28476,0.927489161491
28479,0.74149698019
28480,0.893846869469
28481,0.683292269707
28482,0.971890985966
28484,0.94994789362
28487,0.724657416344
28488,0.985696077347
28489,0.949479222298
28490,0.114106990397
28491,0.628274738789
28492,0.98433971405
28493,0.802871465683
28494,0.795210719109
28497,0.953355789185
28498,0.309640020132
28500,0.724864840508
28502,0.799229741096
28503,0.879112362862
28504,0.876323282719
28505,0.482240051031
28507,0.630198657513
28509,0.95237159729
28510,0.560600757599
28513,0.372548401356
28514,0.839084327221
28515,0.921085238457
28517,0.861669898033
28519,0.74512642622
28523,0.961985170841
28525,0.4780420959
28526,0.127561762929
28527,0.944655001163
28533,0.917478621006
28535,0.90267008543
28537,0.614298939705
28539,0.782412171364
28541,0.923587977886
28543,0.896264970303
28548,0.545728981495
28551,0.876582503319
28553,0.578487694263
28554,0.89197742939
28557,0.725784957409
28558,0.411343842745
28562,0.880246400833
28566,0.892271637917
28568,0.938734471798
28569,0.974830925465
28572,0.801231980324
28577,0.82606357336
28580,0.932722330093
28581,0.522413372993
28583,0.808879733086
28584,0.492877751589
28586,0.975531578064
28587,0.636800169945
28592,0.846023380756
28594,0.935244977474
28595,0.963726401329
28596,0.75376021862
28598,0.95071542263
28599,0.640871703625
28600,0.820179820061
28601,0.638538479805
28602,0.915407538414
28604,0.918860673904
28605,0.601003289223
28606,0.808447480202
28607,0.960520982742
28609,0.647756755352
28610,0.988452851772
28611,0.915278375149
28613,0.708018600941
28614,0.946709036827
28615,0.312428772449
28616,0.718861460686
28617,0.925122380257
28618,0.971263229847
28619,0.917809009552
28621,0.789644300938
28622,0.967099130154
28624,0.959917783737
28625,0.878745853901
28626,0.866793274879
28627,0.970417499542
28632,0.748391747475
28634,0.978598415852
28635,0.983141422272
28636,0.823917031288
28637,0.926059365273
28638,0.509773433208
28639,0.955977857113
28641,0.988383471966
28644,0.821285426617
28645,0.87518799305
28647,0.605361223221
28648,0.891633868217
28651,0.651057779789
28653,0.8151460886
28656,0.97291213274
28657,0.934874475002
28660,0.958229362965
28661,0.728469789028
28664,0.83648878336
28665,0.834591507912
28666,0.893912315369
28667,0.805236399174
28672,0.788208007812
28673,0.953341901302
28674,0.357167184353
28675,0.1346116364
28679,0.947153925896
28680,0.781299710274
28681,0.93608635664
28682,0.668465256691
28683,0.543567061424
28684,0.654086649418
28688,0.534619808197
28689,0.472222954035
28691,0.933242082596
28693,0.989983558655
28694,0.775608956814
28695,0.833119452
28699,0.947713971138
28703,0.677874624729
28706,0.727115273476
28708,0.958782553673
28712,0.916881024837
28714,0.535095095634
28717,0.500225067139
28718,0.384175240993
28719,0.973778486252
28720,0.991638600826
28722,0.672982513905
28723,0.908258497715
28724,0.935172140598
28728,0.924843788147
28732,0.730048656464
28735,0.802768170834
28736,0.831130921841
28738,0.703909039497
28739,0.332433521748
28741,0.902187287807
28743,0.874463558197
28744,0.821511924267
28754,0.853585600853
28755,0.917969286442
28756,0.88670873642
28757,0.874691367149
28758,0.93211466074
28759,0.511639177799
28763,0.958568334579
28764,0.679138481617
28766,0.852931857109
28770,0.877259016037
28775,0.910741627216
28776,0.521285951138
28777,0.18557715416
28779,0.200307711959
28780,0.900085926056
28784,0.787795722485
28788,0.940930485725
28791,0.757524192333
28792,0.5426440835
28795,0.70263248682
28800,0.347071439028
28802,0.874929487705
28804,0.849775493145
28805,0.948094904423
28807,0.250463038683
28809,0.227247282863
28810,0.949935555458
28812,0.606006622314
28813,0.618736922741
28818,0.72706001997
28819,0.607945501804
28820,0.723967969418
28821,0.93721973896
28822,0.827053844929
28823,0.777160346508
28826,0.638997137547
28827,0.955463647842
28831,0.942584693432
28832,0.65379935503
28835,0.727583229542
28836,0.818390965462
28837,0.893023192883
28838,0.970105588436
28839,0.868337452412
28840,0.630728363991
28841,0.976051568985
28842,0.415929347277
28843,0.640107572079
28844,0.721281647682
28845,0.789113342762
28847,0.672982275486
28852,0.697237432003
28856,0.608089029789
28859,0.80498021841
28862,0.723821759224
28865,0.925196647644
28867,0.981848478317
28868,0.570277929306
28874,0.915012955666
28875,0.967514395714
28878,0.457213133574
28880,0.944021582603
28881,0.928284883499
28884,0.815375208855
28886,0.640834867954
28887,0.953192770481
28890,0.386184543371
28892,0.84328263998
28893,0.91172772646
28895,0.826682627201
28896,0.890480518341
28897,0.941321074963
28905,0.741792082787
28907,0.871411681175
28908,0.848305821419
28910,0.894391596317
28912,0.943020820618
28913,0.968813478947
28914,0.452666342258
28917,0.191981717944
28918,0.709636569023
28919,0.88550645113
28920,0.932252883911
28921,0.821002840996
28923,0.517280757427
28924,0.788332045078
28925,0.776657521725
28929,0.84861522913
28934,0.5660790205
28935,0.365141540766
28936,0.537679135799
28938,0.944059848785
28940,0.980980873108
28943,0.890291810036
28945,0.634590506554
28946,0.679023087025
28947,0.565028846264
28948,0.813202261925
28949,0.471124023199
28950,0.392912566662
28952,0.922641456127
28953,0.529143035412
28955,0.639348983765
28957,0.925761044025
28960,0.961797237396
28963,0.943716049194
28969,0.635725259781
28970,0.896565854549
28971,0.56706482172
28972,0.908976495266
28974,0.774941325188
28975,0.968349575996
28976,0.798500597477
28977,0.708220481873
28980,0.586360991001
28982,0.859133005142
28983,0.905620396137
28988,0.896541118622
28992,0.660574018955
28997,0.533512175083
29002,0.881657719612
29003,0.657264947891
29004,0.915955483913
29005,0.691195368767
29006,0.874820768833
29009,0.64902472496
29012,0.915286660194
29014,0.828188657761
29016,0.227094173431
29017,0.802832484245
29018,0.711519896984
29020,0.93046104908
29022,0.981224834919
29025,0.946707844734
29028,0.451938271523
29037,0.986934304237
29040,0.141111835837
29044,0.936410009861
29047,0.959872066975
29048,0.970265626907
29049,0.92309486866
29050,0.853369295597
29053,0.630307078362
29055,0.725002110004
29057,0.641915440559
29058,0.723829269409
29061,0.897351443768
29066,0.67177850008
29067,0.873011410236
29068,0.712608993053
29070,0.69844943285
29071,0.765446960926
29073,0.971208095551
29074,0.731062173843
29075,0.947877705097
29076,0.856544137001
29079,0.766274988651
29080,0.877437531948
29081,0.678727090359
29082,0.748835027218
29083,0.772669017315
29084,0.867113530636
29085,0.969211637974
29086,0.652755200863
29088,0.977330207825
29092,0.772752583027
29095,0.109267503023
29099,0.829519033432
29100,0.855518400669
29103,0.820457100868
29110,0.981767356396
29112,0.868780851364
29116,0.982380867004
29118,0.7125877738
29119,0.810181498528
29120,0.698674798012
29122,0.795352637768
29124,0.880575239658
29125,0.899305641651
29126,0.884503126144
29128,0.446395844221
29129,0.789662659168
29130,0.932255029678
29132,0.720554888248
29134,0.847286581993
29135,0.829391777515
29137,0.182730600238
29139,0.960316896439
29140,0.991142988205
29142,0.923634886742
29143,0.164927184582
29144,0.749443650246
29145,0.870186269283
29146,0.292568564415
29147,0.758332669735
29148,0.880437254906
29150,0.708603978157
29152,0.955316007137
29153,0.946650385857
29154,0.926580250263
29157,0.978660523891
29158,0.980836629868
29159,0.589418590069
29160,0.947288572788
29161,0.960218071938
29162,0.968188285828
29163,0.730361282825
29164,0.136155441403
29165,0.841153264046
29166,0.83187943697
29167,0.721719026566
29168,0.800742328167
29169,0.869715988636
29170,0.731418251991
29171,0.721233010292
29172,0.299963563681
29173,0.601935565472
29175,0.803357720375
29178,0.447481006384
29180,0.400567352772
29188,0.888025462627
29190,0.828155338764
29191,0.50502717495
29196,0.927125275135
29199,0.447339355946
29200,0.883283615112
29201,0.982571184635
29202,0.437399297953
29203,0.849663257599
29204,0.83866494894
29206,0.953600049019
29210,0.770331799984
29211,0.841729164124
29212,0.739127337933
29216,0.948020398617
29217,0.539777874947
29218,0.605845630169
29219,0.777898550034
29220,0.726498782635
29221,0.819525659084
29222,0.145655035973
29223,0.92800784111
29224,0.488497614861
29225,0.792380988598
29229,0.915435314178
29230,0.625737190247
29231,0.932911753654
29232,0.804348409176
29233,0.820826411247
29235,0.9928804636
29237,0.850899040699
29239,0.355733126402
29240,0.933729469776
29241,0.920837938786
29243,0.808798849583
29244,0.861686348915
29245,0.207271277905
29250,0.708698630333
29252,0.858170688152
29253,0.764189183712
29254,0.833352923393
29256,0.92459577322
29257,0.832510411739
29258,0.958382070065
29259,0.977139770985
29260,0.707885622978
29263,0.317530453205
29264,0.932626724243
29267,0.790099322796
29269,0.549872279167
29270,0.920482575893
29271,0.702099442482
29272,0.912429451942
29275,0.875634729862
29277,0.479790002108
29278,0.722035229206
29280,0.814109563828
29281,0.40655580163
29282,0.793690025806
29283,0.876555681229
29284,0.905450046062
29286,0.734142065048
29287,0.740581095219
29289,0.960058808327
29294,0.763777375221
29295,0.967268049717
29297,0.756967246532
29298,0.567777097225
29299,0.657911002636
29302,0.929817318916
29307,0.616238296032
29309,0.959193766117
29310,0.832832813263
29311,0.513015210629
29313,0.785334289074
29317,0.82676166296
29319,0.693860352039
29321,0.728933990002
29323,0.829190969467
29324,0.641570031643
29328,0.674996733665
29329,0.870755195618
29330,0.937499403954
29331,0.43583470583
29333,0.807487905025
29336,0.83954000473
29338,0.888170778751
29339,0.817758381367
29341,0.941081881523
29343,0.308694899082
29346,0.802287638187
29348,0.0931911990047
29349,0.990498960018
29350,0.911261618137
29351,0.965427577496
29352,0.948188364506
29354,0.399836272001
29356,0.926278710365
29357,0.635414838791
29358,0.334901213646
29359,0.553741037846
29366,0.925989985466
29367,0.779965162277
29370,0.646215081215
29371,0.904878675938
29376,0.484257340431
29379,0.343795418739
29381,0.791351258755
29382,0.92291277647
29383,0.833622992039
29384,0.90113568306
29385,0.911842286587
29386,0.614222288132
29388,0.953691899776
29390,0.955390095711
29391,0.72614467144
29392,0.95441865921
29396,0.738375306129
29399,0.585424244404
29401,0.97986894846
29405,0.736983060837
29406,0.783829391003
29407,0.504126310349
29408,0.514630377293
29409,0.816203951836
29410,0.747411727905
29412,0.845493853092
29414,0.805904626846
29416,0.591376662254
29424,0.645984232426
29426,0.590034365654
29432,0.664724588394
29433,0.980785012245
29434,0.824257850647
29436,0.77922809124
29440,0.0716613903642
29441,0.953574478626
29444,0.629525542259
29447,0.915147423744
29448,0.925739526749
29450,0.98985016346
29454,0.221730843186
29455,0.910053372383
29459,0.965154230595
29460,0.751035571098
29462,0.924732804298
29466,0.946929216385
29471,0.887592673302
29473,0.823496997356
29476,0.826303303242
29477,0.557257354259
29478,0.948190033436
29479,0.914853751659
29483,0.890777349472
29489,0.911082565784
29490,0.762655854225
29491,0.639613389969
29495,0.975119769573
29497,0.813660204411
29499,0.961824178696
29504,0.56446403265
29506,0.222553864121
29510,0.977536022663
29513,0.982700526714
29514,0.716451346874
29515,0.939783275127
29517,0.443743228912
29518,0.945750892162
29519,0.984169006348
29521,0.942895054817
29523,0.658667206764
29524,0.603486597538
29527,0.946635842323
29532,0.535966277122
29533,0.879393100739
29537,0.97681504488
29538,0.787532150745
29539,0.651163160801
29541,0.72781085968
29543,0.977467000484
29544,0.386557012796
29545,0.86519742012
29546,0.698518514633
29548,0.896116733551
29554,0.490186452866
29555,0.903384506702
29556,0.920166611671
29559,0.869492590427
29564,0.619457185268
29565,0.836231291294
29568,0.78861105442
29569,0.935408830643
29570,0.972974777222
29572,0.881677150726
29573,0.785110533237
29574,0.863089382648
29576,0.703552126884
29584,0.961517989635
29585,0.919976592064
29586,0.903802156448
29587,0.533719360828
29588,0.774432957172
29590,0.955393493176
29594,0.979949176311
29595,0.920061469078
29596,0.466297805309
29599,0.804141402245
29600,0.781827330589
29601,0.665679693222
29603,0.982396364212
29607,0.829834342003
29611,0.732928276062
29614,0.87572568655
29615,0.907287597656
29616,0.461522549391
29617,0.13950650394
29618,0.864342927933
29620,0.483297109604
29621,0.83688133955
29622,0.332857728004
29623,0.808912873268
29624,0.772560715675
29625,0.939246714115
29627,0.5332903862
29628,0.484704703093
29631,0.915238440037
29635,0.929717361927
29637,0.882669627666
29639,0.868390142918
29640,0.780970036983
29644,0.941917896271
29646,0.642116963863
29648,0.844777941704
29651,0.590555250645
29653,0.740567803383
29654,0.697102546692
29655,0.668349087238
29660,0.559973359108
29661,0.640586197376
29662,0.925125718117
29664,0.607571661472
29665,0.771479964256
29666,0.893431127071
29667,0.863468825817
29670,0.550413966179
29671,0.82369863987
29673,0.977853357792
29676,0.888817667961
29678,0.934810698032
29680,0.972259581089
29682,0.935239553452
29684,0.955861270428
29687,0.870874881744
29689,0.930525898933
29695,0.794727742672
29697,0.4389321208
29699,0.901044130325
29701,0.611046552658
29702,0.692276835442
29716,0.849555075169
29717,0.495325446129
29718,0.927451193333
29719,0.89721262455
29723,0.818964838982
29724,0.768759191036
29725,0.990225255489
29727,0.908367812634
29728,0.526078045368
29731,0.81251680851
29735,0.636548817158
29736,0.730133473873
29737,0.619209945202
29738,0.981852352619
29742,0.430550932884
29743,0.921451687813
29746,0.706201672554
29753,0.776953756809
29754,0.960994362831
29755,0.803941428661
29757,0.935712575912
29759,0.73165923357
29760,0.885988295078
29761,0.604874432087
29762,0.840753734112
29763,0.960652709007
29765,0.786635577679
29766,0.785668671131
29767,0.543268501759
29768,0.889599204063
29770,0.857558429241
29771,0.919892549515
29772,0.31263205409
29773,0.250490248203
29774,0.808668017387
29775,0.949731707573
29776,0.808456897736
29777,0.858702778816
29780,0.716887891293
29782,0.896106004715
29784,0.98336994648
29787,0.96254825592
29788,0.640843868256
29789,0.795172810555
29791,0.903236448765
29792,0.937200903893
29795,0.858368873596
29796,0.844827055931
29801,0.956573724747
29803,0.975078582764
29804,0.642606198788
29807,0.92962294817
29809,0.815692424774
29810,0.811894476414
29811,0.869554042816
29814,0.906776845455
29815,0.533600211143
29818,0.777359366417
29819,0.438691049814
29820,0.772317767143
29824,0.967699348927
29826,0.957509994507
29827,0.384608954191
29833,0.721347332001
29837,0.81600934267
29839,0.959685623646
29842,0.148962914944
29845,0.933188617229
29846,0.886150300503
29852,0.554692208767
29853,0.731919467449
29858,0.727074980736
29861,0.843334496021
29864,0.461179852486
29866,0.865534126759
29869,0.570066332817
29877,0.795584738255
29881,0.95342284441
29883,0.762078166008
29884,0.896215379238
29887,0.791568636894
29888,0.973005115986
29890,0.874902784824
29893,0.820564806461
29894,0.934081614017
29895,0.599428117275
29897,0.928997814655
29899,0.728967010975
29900,0.89690309763
29902,0.891725897789
29904,0.580535650253
29905,0.985898733139
29906,0.988082647324
29907,0.835754811764
29909,0.641986250877
29914,0.903938770294
29916,0.756514251232
29920,0.832958459854
29922,0.964621067047
29928,0.63507181406
29929,0.873429000378
29930,0.608759641647
29932,0.777134001255
29933,0.741200566292
29934,0.956134974957
29935,0.469856113195
29936,0.659179329872
29938,0.988126635551
29940,0.960495233536
29942,0.782999694347
29945,0.459340780973
29946,0.832868993282
29947,0.916097939014
29948,0.689211606979
29950,0.83675301075
29952,0.92253112793
29953,0.954241156578
29956,0.977007865906
29957,0.943645358086
29959,0.918703377247
29960,0.975148737431
29962,0.837103545666
29964,0.911818981171
29965,0.662812590599
29967,0.923603534698
29971,0.667700707912
29972,0.879432737827
29973,0.604271292686
29975,0.667209029198
29978,0.26244199276
29980,0.738661289215
29981,0.615211427212
29986,0.186069205403
29987,0.921468198299
29989,0.738214433193
29991,0.724390149117
29992,0.889698147774
29993,0.956159353256
29994,0.937266349792
29999,0.733513712883
30000,0.959941148758
30001,0.35300976038
30002,0.898581445217
30006,0.849822819233
30010,0.845667600632
30011,0.772567987442
30014,0.87395209074
30015,0.915665566921
30016,0.72749710083
30017,0.924532592297
30018,0.964194715023
30019,0.932290673256
30020,0.981411755085
30022,0.844603955746
30023,0.79310131073
30024,0.991743981838
30025,0.319673061371
30026,0.56334066391
30027,0.904675602913
30029,0.681648075581
30031,0.944702208042
30032,0.919835865498
30034,0.576768040657
30037,0.780922174454
30038,0.661335170269
30039,0.924034833908
30040,0.71639418602
30043,0.948088645935
30045,0.542889356613
30046,0.913082718849
30049,0.515220999718
30050,0.417313873768
30053,0.692375183105
30054,0.876746892929
30058,0.932976484299
30061,0.460608333349
30063,0.635650336742
30064,0.859632194042
30065,0.869216263294
30066,0.884512901306
30069,0.21636505425
30071,0.821261584759
30072,0.948089540005
30076,0.443757742643
30077,0.837991058826
30078,0.922657072544
30079,0.916444242001
30082,0.765135765076
30083,0.647526323795
30084,0.941051363945
30085,0.750543534756
30091,0.965801298618
30093,0.981248855591
30095,0.731489658356
30096,0.857553839684
30098,0.87151825428
30100,0.766275942326
30102,0.536737501621
30105,0.877358973026
30106,0.965270519257
30109,0.896670520306
30112,0.902114331722
30114,0.831078350544
30116,0.826876044273
30117,0.446876943111
30121,0.875254929066
30125,0.926474630833
30129,0.954901993275
30131,0.863402783871
30132,0.876143395901
30135,0.804568588734
30136,0.76163482666
30138,0.976118385792
30140,0.629487931728
30141,0.81600022316
30142,0.393930345774
30144,0.881804764271
30146,0.778855383396
30148,0.856297254562
30149,0.573912978172
30150,0.888393163681
30151,0.37240344286
30153,0.695954442024
30155,0.590546309948
30160,0.961991667747
30164,0.591602742672
30165,0.885448217392
30167,0.938537955284
30169,0.748406171799
30170,0.88388210535
30171,0.894773900509
30172,0.686809122562
30173,0.731491565704
30175,0.925827801228
30177,0.875811457634
30179,0.824848771095
30180,0.975577116013
30187,0.938700854778
30188,0.974189817905
30191,0.984275043011
30193,0.314274430275
30194,0.809857428074
30197,0.651595532894
30200,0.582651853561
30204,0.705174505711
30206,0.795393586159
30207,0.891154170036
30210,0.881237506866
30212,0.926002442837
30213,0.830651640892
30214,0.914190649986
30219,0.831359028816
30220,0.91121006012
30222,0.986262559891
30223,0.686524689198
30224,0.930498659611
30225,0.819775104523
30227,0.635962843895
30228,0.987448275089
30229,0.774574398994
30230,0.934284210205
30231,0.856092572212
30232,0.625839591026
30233,0.937898993492
30236,0.648498475552
30240,0.834908902645
30242,0.563580989838
30243,0.677283644676
30245,0.707365810871
30248,0.635302901268
30249,0.836037099361
30255,0.98734074831
30256,0.774471759796
30257,0.942296087742
30258,0.596809744835
30259,0.975806772709
30260,0.962063610554
30263,0.416525274515
30264,0.761361300945
30265,0.899218380451
30268,0.875474750996
30271,0.649197697639
30273,0.603751301765
30276,0.931763827801
30278,0.830611765385
30279,0.657489418983
30280,0.991868495941
30281,0.614561676979
30285,0.430136322975
30288,0.569152832031
30291,0.810785710812
30292,0.913592994213
30296,0.960533738136
30299,0.902155399323
30300,0.958338499069
30303,0.916386127472
30304,0.744088411331
30305,0.815984368324
30307,0.903283417225
30308,0.844059705734
30310,0.867377996445
30311,0.922773897648
30313,0.875798046589
30315,0.867435693741
30320,0.6324172616
30326,0.729063749313
30327,0.282152682543
30328,0.820081293583
30333,0.903825998306
30334,0.936420679092
30335,0.582004249096
30336,0.890869617462
30337,0.945256710052
30339,0.737656414509
30340,0.777238547802
30341,0.51135545969
30343,0.9825091362
30344,0.885935485363
30345,0.660799920559
30349,0.83891493082
30350,0.856415450573
30351,0.919006645679
30353,0.685922980309
30354,0.915180146694
30355,0.807492434978
30356,0.971198856831
30357,0.69597274065
30358,0.37828296423
30359,0.985195398331
30360,0.408281385899
30361,0.599323272705
30362,0.8210978508
30363,0.963696956635
30368,0.812280714512
30370,0.430906683207
30372,0.888435602188
30373,0.950897753239
30376,0.903766989708
30377,0.744566500187
30381,0.774145781994
30383,0.683535456657
30385,0.986401021481
30390,0.709479272366
30394,0.776784360409
30395,0.844556391239
30396,0.584513306618
30397,0.871267974377
30400,0.825763761997
30402,0.633885085583
30403,0.923662662506
30406,0.654797673225
30407,0.882793545723
30409,0.265465855598
30410,0.510105729103
30411,0.855621993542
30412,0.9438996315
30414,0.905685424805
30418,0.528485476971
30419,0.751209259033
30424,0.38479155302
30425,0.838604748249
30430,0.948324143887
30431,0.901863455772
30433,0.899333119392
30436,0.848220646381
30442,0.953826904297
30444,0.892101705074
30446,0.884430348873
30447,0.915942490101
30449,0.706126570702
30450,0.972937524319
30452,0.901201188564
30453,0.223956689239
30456,0.487285137177
30460,0.911780059338
30463,0.316379576921
30465,0.893863320351
30466,0.786265909672
30473,0.699650704861
30474,0.962646663189
30475,0.949221134186
30477,0.886081874371
30478,0.734138965607
30479,0.702433109283
30480,0.65070027113
30482,0.872743070126
30487,0.664935827255
30489,0.923638403416
30491,0.98730891943
30492,0.898292005062
30494,0.912998080254
30495,0.891264200211
30498,0.910654902458
30499,0.825145483017
30500,0.970281779766
30502,0.790966153145
30503,0.80419331789
30506,0.621884644032
30508,0.80254560709
30513,0.572182476521
30514,0.922958254814
30516,0.943432986736
30519,0.695145249367
30520,0.805608332157
30522,0.970123589039
30524,0.679468870163
30527,0.870199799538
30528,0.584555387497
30530,0.49340736866
30531,0.916653990746
30536,0.900123953819
30537,0.604783117771
30540,0.610581755638
30542,0.754647612572
30544,0.810672104359
30545,0.823090076447
30546,0.974317669868
30549,0.924826383591
30550,0.675872147083
30551,0.774962246418
30554,0.128446519375
30555,0.929797947407
30556,0.94481575489
30557,0.802315950394
30559,0.387712866068
30561,0.906689822674
30562,0.993374168873
30563,0.990457415581
30565,0.93677932024
30577,0.881890237331
30578,0.909350395203
30580,0.800658881664
30581,0.878912866116
30582,0.921916127205
30583,0.975059568882
30585,0.83947622776
30586,0.601222515106
30587,0.675267398357
30589,0.872387349606
30590,0.633704900742
30600,0.86880582571
30601,0.934945225716
30602,0.628658533096
30603,0.692382574081
30604,0.812881052494
30606,0.803015530109
30608,0.863839507103
30611,0.53008723259
30613,0.727545320988
30617,0.726018667221
30618,0.910263717175
30621,0.727210402489
30622,0.474284112453
30623,0.677111268044
30624,0.972389996052
30626,0.401406913996
30628,0.536909818649
30629,0.959162175655
30630,0.558153629303
30631,0.732977926731
30633,0.804682731628
30634,0.821490287781
30635,0.678951203823
30636,0.817595779896
30637,0.919804215431
30638,0.943877696991
30640,0.785116314888
30641,0.814275801182
30643,0.970405161381
30645,0.763685941696
30646,0.543806374073
30649,0.917858421803
30652,0.907599210739
30653,0.501274883747
30655,0.796879351139
30656,0.751249074936
30657,0.955156743526
30658,0.935656428337
30659,0.929341375828
30661,0.990050733089
30665,0.891134738922
30666,0.741492569447
30671,0.609997808933
30675,0.610148847103
30677,0.779571652412
30680,0.692317783833
30685,0.766439378262
30686,0.976632356644
30687,0.394343078136
30689,0.658158123493
30692,0.573319017887
30693,0.991522908211
30695,0.920063495636
30696,0.97581166029
30697,0.981238365173
30698,0.930939078331
30699,0.833293378353
30702,0.78609085083
30704,0.489743798971
30706,0.530443787575
30708,0.959237873554
30710,0.0226012580097
30711,0.691218972206
30712,0.498132616282
30714,0.584473729134
30716,0.950160622597
30717,0.649498581886
30718,0.925626039505
30721,0.80678576231
30722,0.537229597569
30728,0.831010997295
30729,0.912565648556
30731,0.277772068977
30732,0.892707228661
30736,0.537855446339
30737,0.915265738964
30739,0.983944356441
30740,0.954190790653
30742,0.975541830063
30746,0.974704504013
30747,0.726255476475
30748,0.870880305767
30749,0.914853453636
30751,0.59751445055
30753,0.97613543272
30754,0.947501182556
30755,0.984722077847
30758,0.171163186431
30760,0.791946232319
30762,0.983102381229
30765,0.655812859535
30767,0.88849902153
30768,0.425423771143
30770,0.455501168966
30777,0.660142362118
30778,0.425285726786
30779,0.463204562664
30780,0.868821799755
30784,0.866098642349
30785,0.349857360125
30787,0.770954430103
30788,0.765886425972
30789,0.602635860443
30790,0.971883714199
30791,0.981286942959
30793,0.937778234482
30794,0.875379443169
30796,0.79342520237
30798,0.90826779604
30799,0.986980497837
30800,0.735132753849
30804,0.504467844963
30805,0.990782439709
30808,0.980013430119
30813,0.929334878922
30815,0.966985166073
30816,0.725806236267
30817,0.877286493778
30818,0.390717148781
30821,0.742730796337
30825,0.905573368073
30827,0.798931658268
30831,0.833456397057
30832,0.552097201347
30833,0.922277569771
30834,0.936823487282
30835,0.362411201
30837,0.617986500263
30840,0.986397445202
30841,0.972556710243
30842,0.340164244175
30849,0.890065550804
30850,0.908629059792
30851,0.391935944557
30855,0.451025366783
30856,0.654649734497
30859,0.948006391525
30861,0.868558108807
30862,0.283335536718
30869,0.620206832886
30870,0.579025685787
30871,0.339751809835
30873,0.980564653873
30874,0.846200585365
30875,0.493737369776
30877,0.612909793854
30878,0.74981969595
30886,0.67976129055
30889,0.447984039783
30893,0.892663955688
30894,0.890833258629
30895,0.927257359028
30896,0.781499147415
30899,0.964627683163
30901,0.56659579277
30909,0.869176566601
30912,0.898791313171
30913,0.719052910805
30914,0.730325162411
30915,0.83102440834
30916,0.919264018536
30918,0.804237902164
30919,0.868347346783
30920,0.886252701283
30921,0.816470861435
30925,0.956096053123
30926,0.567202568054
30927,0.758058309555
30928,0.962346971035
30931,0.976050198078
30932,0.79253077507
30934,0.632042825222
30935,0.93956464529
30937,0.953969120979
30938,0.491427004337
30940,0.880671858788
30941,0.942809104919
30942,0.819675385952
30943,0.583551764488
30947,0.946299910545
30948,0.971423268318
30949,0.966506183147
30951,0.985043048859
30952,0.379934221506
30953,0.966131210327
30955,0.918705523014
30957,0.890770614147
30958,0.978876113892
30964,0.799245774746
30965,0.782472372055
30966,0.603191256523
30968,0.711763381958
30971,0.665002405643
30972,0.44757193327
30973,0.751076340675
30975,0.977794766426
30976,0.968629419804
30978,0.816096901894
30985,0.771133959293
30987,0.830620884895
30990,0.955248653889
30999,0.405123233795
31000,0.78883689642
31001,0.917370080948
31003,0.907330095768
31005,0.757859051228
31008,0.775719344616
31012,0.965617418289
31013,0.668940067291
31015,0.753609657288
31017,0.510819792747
31019,0.935962796211
31020,0.934593677521
31021,0.970560610294
31022,0.846050202847
31024,0.643109381199
31025,0.769472658634
31027,0.869714796543
31032,0.549592256546
31038,0.625642299652
31041,0.851183354855
31045,0.930787086487
31046,0.961572885513
31047,0.972602128983
31052,0.711090385914
31054,0.948537111282
31057,0.624842166901
31058,0.663197636604
31060,0.866702497005
31061,0.748049795628
31063,0.220273524523
31064,0.663155257702
31065,0.854454755783
31068,0.538747489452
31074,0.891722917557
31076,0.986101090908
31078,0.900961458683
31079,0.584113419056
31081,0.771492242813
31082,0.648882806301
31084,0.899920701981
31085,0.738606154919
31087,0.993137776852
31088,0.825065076351
31089,0.955537438393
31090,0.963489711285
31093,0.858110010624
31095,0.465319097042
31096,0.961048066616
31099,0.24096980691
31100,0.862866640091
31105,0.839257955551
31106,0.960213005543
31107,0.762604534626
31110,0.592595517635
31113,0.97382247448
31116,0.642830073833
31119,0.719241499901
31121,0.917509257793
31124,0.835169672966
31126,0.704198598862
31128,0.906525313854
31129,0.632536292076
31130,0.943033754826
31132,0.906638085842
31133,0.940882563591
31134,0.750917971134
31135,0.98567456007
31137,0.9306448102
31139,0.776695549488
31140,0.964684844017
31144,0.578957736492
31146,0.637088119984
31147,0.355469048023
31148,0.838725686073
31149,0.892049491405
31150,0.863193273544
31151,0.931581497192
31154,0.984018266201
31157,0.904746115208
31160,0.941352188587
31161,0.979384660721
31163,0.872210264206
31166,0.947394073009
31168,0.884748280048
31169,0.956959247589
31170,0.979170084
31171,0.774245738983
31172,0.650712668896
31173,0.947497010231
31177,0.899674117565
31178,0.893908977509
31180,0.689221858978
31181,0.984865069389
31184,0.937003493309
31185,0.712268948555
31186,0.904620945454
31188,0.885279715061
31189,0.958404064178
31190,0.844037771225
31192,0.508510947227
31195,0.846779644489
31196,0.547587633133
31197,0.815848946571
31199,0.667440652847
31201,0.90338408947
31204,0.988791882992
31206,0.75445741415
31210,0.735608756542
31211,0.731009781361
31213,0.802006840706
31214,0.692741811275
31215,0.832877576351
31216,0.88862156868
31218,0.704941272736
31219,0.640971839428
31221,0.656480848789
31222,0.892108619213
31223,0.988799631596
31226,0.825866758823
31227,0.954786717892
31228,0.530922412872
31231,0.924321055412
31232,0.992138087749
31233,0.819203972816
31234,0.873658716679
31235,0.709683060646
31238,0.912457048893
31239,0.893190562725
31240,0.937210440636
31241,0.747703015804
31242,0.45994451642
31244,0.78926384449
31247,0.448352366686
31248,0.949109554291
31253,0.76193022728
31255,0.917705476284
31256,0.569688558578
31257,0.931107580662
31262,0.622987687588
31268,0.967889010906
31269,0.862845301628
31271,0.920542240143
31272,0.44111379981
31273,0.419744700193
31274,0.616771697998
31276,0.950764000416
31277,0.963527917862
31280,0.966681718826
31281,0.348904401064
31282,0.701126337051
31283,0.411859184504
31284,0.93940705061
31285,0.91830432415
31286,0.573786139488
31287,0.964498281479
31290,0.976276278496
31291,0.936269104481
31292,0.635857760906
31293,0.272916018963
31294,0.987259626389
31295,0.867997467518
31298,0.768689870834
31299,0.731605887413
31303,0.933337807655
31306,0.828025758266
31307,0.945387661457
31308,0.954565823078
31309,0.831265389919
31311,0.7856092453
31313,0.933925628662
31315,0.92219132185
31316,0.900953054428
31318,0.990528404713
31322,0.907389104366
31325,0.947244644165
31328,0.94982033968
31329,0.730757594109
31331,0.968107163906
31335,0.634451925755
31336,0.574259579182
31337,0.977862119675
31339,0.693371415138
31340,0.653354346752
31341,0.983509838581
31342,0.727949917316
31343,0.743645131588
31344,0.976361751556
31347,0.668834269047
31351,0.98057872057
31352,0.932788074017
31353,0.932285308838
31354,0.834633529186
31356,0.658000826836
31358,0.966053068638
31360,0.180807650089
31364,0.93281775713
31369,0.734254777431
31371,0.451902776957
31375,0.73894649744
31377,0.898299276829
31379,0.880270004272
31380,0.638347029686
31386,0.772794604301
31387,0.281244039536
31389,0.979148030281
31391,0.817327320576
31392,0.759641230106
31393,0.974320054054
31394,0.628404259682
31397,0.965379595757
31398,0.863130629063
31401,0.976631462574
31402,0.66651982069
31403,0.602865159512
31404,0.953936338425
31405,0.568126499653
31406,0.926729202271
31409,0.991026103497
31412,0.97999382019
31415,0.927618265152
31417,0.94890075922
31418,0.87605458498
31420,0.974316418171
31421,0.92135822773
31422,0.629602015018
31423,0.85163885355
31425,0.990495920181
31428,0.626146197319
31430,0.890968263149
31431,0.818686246872
31432,0.905674576759
31433,0.931986987591
31435,0.867338299751
31437,0.771551012993
31438,0.867291510105
31440,0.839657723904
31445,0.625355839729
31453,0.464820504189
31454,0.723160982132
31456,0.235456451774
31457,0.162102609873
31459,0.920474767685
31460,0.983182430267
31462,0.427618384361
31464,0.877242147923
31465,0.90731304884
31466,0.803164422512
31469,0.875062465668
31471,0.550419211388
31472,0.974508285522
31473,0.972696304321
31475,0.927941441536
31477,0.726668059826
31480,0.535277426243
31482,0.820239007473
31483,0.880077838898
31485,0.896304726601
31486,0.263879925013
31487,0.81750446558
31488,0.94362616539
31489,0.954067587852
31491,0.576765418053
31492,0.952500462532
31494,0.821668446064
31497,0.621040225029
31498,0.280518203974
31503,0.904051959515
31506,0.944189071655
31508,0.91340225935
31509,0.956304907799
31510,0.825533390045
31511,0.756169736385
31512,0.903146505356
31513,0.807299613953
31514,0.9827080369
31518,0.809672415257
31520,0.5727429986
31522,0.736639678478
31523,0.908353865147
31525,0.73556882143
31526,0.783802866936
31527,0.824237644672
31528,0.853882014751
31529,0.645622193813
31531,0.212713345885
31534,0.551943421364
31537,0.88490074873
31540,0.722565114498
31543,0.165865376592
31544,0.261657297611
31545,0.828564584255
31549,0.979379534721
31552,0.429287910461
31553,0.635326683521
31555,0.784073591232
31557,0.973685145378
31558,0.631074309349
31560,0.0689213126898
31561,0.483094185591
31562,0.718698680401
31564,0.699866056442
31565,0.88524544239
31568,0.755172729492
31570,0.993306338787
31572,0.986779808998
31573,0.964455366135
31574,0.979824185371
31575,0.811691999435
31576,0.889034628868
31577,0.960866987705
31579,0.94583427906
31581,0.635459601879
31583,0.535377085209
31584,0.746823430061
31585,0.416484355927
31586,0.837618947029
31589,0.659752428532
31592,0.800965547562
31593,0.848280251026
31594,0.86275267601
31595,0.740740895271
31599,0.802631437778
31601,0.439690351486
31602,0.399963527918
31605,0.365476995707
31606,0.56780898571
31607,0.920100092888
31609,0.151968792081
31611,0.983925461769
31613,0.781131029129
31614,0.899731338024
31615,0.76640945673
31617,0.753731012344
31619,0.874033689499
31623,0.45898810029
31624,0.775240302086
31625,0.892096877098
31626,0.728308141232
31627,0.790683567524
31629,0.772855043411
31630,0.848279774189
31632,0.682329297066
31633,0.707978963852
31634,0.683865189552
31635,0.905399739742
31637,0.564486503601
31638,0.824529886246
31641,0.92319726944
31642,0.78536605835
31643,0.802554488182
31649,0.807818651199
31651,0.883674383163
31652,0.819543242455
31653,0.792155921459
31655,0.933789968491
31658,0.905006766319
31659,0.964942157269
31663,0.803287863731
31665,0.898654222488
31667,0.979044258595
31672,0.894836008549
31674,0.76285213232
31677,0.923467636108
31678,0.777279019356
31679,0.796110033989
31681,0.80569255352
31682,0.586035370827
31683,0.990207612514
31685,0.936851978302
31687,0.428857624531
31690,0.959857225418
31696,0.880937635899
31700,0.711398541927
31701,0.960014343262
31702,0.89516800642
31703,0.887654364109
31704,0.923206925392
31706,0.627920210361
31707,0.64034473896
31708,0.775318205357
31710,0.237728670239
31711,0.842996716499
31712,0.803403139114
31713,0.426495730877
31714,0.942929923534
31715,0.948331415653
31716,0.755961298943
31719,0.494373232126
31722,0.479399114847
31723,0.952487826347
31724,0.709854960442
31726,0.947007119656
31727,0.6890411973
31728,0.754817783833
31731,0.914206981659
31733,0.912870526314
31734,0.952711343765
31736,0.667552828789
31743,0.928522884846
31744,0.844182550907
31745,0.922338545322
31748,0.885994017124
31749,0.730172395706
31750,0.544560551643
31754,0.918721914291
31763,0.773671030998
31767,0.813944518566
31769,0.989712357521
31771,0.869108557701
31777,0.970876038074
31781,0.911669254303
31785,0.644903123379
31786,0.78267621994
31787,0.859966814518
31789,0.612329304218
31792,0.830515384674
31794,0.934345364571
31795,0.60621625185
31796,0.821732223034
31797,0.943435668945
31799,0.488159567118
31802,0.979560792446
31803,0.752599239349
31804,0.814880669117
31805,0.717610120773
31806,0.956206142902
31807,0.964816093445
31813,0.92579460144
31814,0.717880606651
31816,0.616235613823
31817,0.536757349968
31818,0.955247402191
31821,0.749921023846
31823,0.690573811531
31824,0.762058198452
31825,0.818228185177
31826,0.882926344872
31827,0.313602745533
31828,0.983012497425
31830,0.560851514339
31831,0.784827053547
31835,0.52736967802
31836,0.106875494123
31837,0.89122658968
31838,0.632067859173
31840,0.967112600803
31844,0.821996212006
31845,0.897581100464
31847,0.986077070236
31850,0.952949225903
31851,0.949800670147
31854,0.82876855135
31855,0.941251158714
31856,0.84446901083
31861,0.853088676929
31862,0.792696356773
31866,0.947184622288
31868,0.0541453696787
31869,0.876734256744
31871,0.919575750828
31877,0.9427267313
31878,0.609821379185
31879,0.880593240261
31880,0.801384985447
31883,0.681330800056
31887,0.265923589468
31888,0.554459691048
31890,0.876784324646
31891,0.933706641197
31892,0.960376918316
31893,0.980008602142
31894,0.766512930393
31895,0.966742455959
31899,0.428407609463
31901,0.156622335315
31902,0.880725860596
31904,0.436489641666
31907,0.936965584755
31908,0.982347130775
31909,0.432552665472
31911,0.789125323296
31913,0.832021355629
31914,0.443403929472
31915,0.956485569477
31917,0.967204153538
31918,0.363011568785
31919,0.728069901466
31926,0.669506490231
31928,0.970447599888
31930,0.780138552189
31931,0.971292674541
31933,0.465085834265
31936,0.963929712772
31937,0.942301869392
31938,0.960138618946
31942,0.628371417522
31943,0.885356068611
31945,0.915996789932
31946,0.929846227169
31948,0.649468004704
31951,0.643617033958
31953,0.849560499191
31954,0.503312110901
31955,0.600532054901
31961,0.818348109722
31964,0.824964284897
31965,0.964901685715
31967,0.866384446621
31968,0.852150797844
31969,0.806998729706
31972,0.858686566353
31974,0.710285127163
31975,0.725221574306
31977,0.791224718094
31982,0.838179349899
31983,0.506748974323
31985,0.0964653491974
31987,0.670474171638
31989,0.765360176563
31990,0.882947981358
31996,0.688551962376
31998,0.939922094345
31999,0.844536185265
32001,0.430975109339
32002,0.56709009409
32003,0.749944746494
32005,0.871184110641
32006,0.795340240002
32007,0.817262172699
32009,0.790264129639
32011,0.921883404255
32012,0.991743385792
32014,0.968057453632
32016,0.816893398762
32020,0.78764128685
32023,0.482020258904
32025,0.991285741329
32026,0.846900582314
32028,0.754416584969
32029,0.529497563839
32030,0.813263714314
32031,0.981749176979
32032,0.814250707626
32033,0.906825244427
32036,0.78940486908
32037,0.857039749622
32039,0.105349950492
32041,0.994200348854
32042,0.773835539818
32043,0.668232142925
32046,0.807643294334
32047,0.781193435192
32051,0.94259506464
32052,0.769726932049
32053,0.931095182896
32056,0.923648178577
32057,0.947704017162
32059,0.547928869724
32060,0.649582564831
32062,0.972824037075
32064,0.965760886669
32067,0.742865562439
32069,0.828368127346
32071,0.865625977516
32072,0.885206520557
32077,0.926345527172
32079,0.929543197155
32081,0.97645932436
32082,0.890334904194
32086,0.855344057083
32087,0.967888236046
32093,0.816997587681
32094,0.843702733517
32095,0.634945750237
32101,0.928980648518
32102,0.915012121201
32104,0.926353216171
32106,0.762846291065
32107,0.900741875172
32109,0.787873208523
32110,0.900951206684
32111,0.90614181757
32112,0.843440234661
32113,0.901483714581
32115,0.728848278522
32116,0.683653652668
32117,0.790951371193
32119,0.858042001724
32123,0.794009745121
32124,0.714990854263
32126,0.77137285471
32127,0.311288923025
32129,0.881758511066
32130,0.960198938847
32133,0.518787264824
32134,0.528873622417
32135,0.69628661871
32136,0.34878334403
32138,0.871798813343
32140,0.460147380829
32143,0.84340941906
32144,0.973426163197
32147,0.935627222061
32149,0.92576777935
32150,0.970328450203
32152,0.803538203239
32153,0.871509194374
32155,0.920165538788
32156,0.906178832054
32157,0.708912491798
32158,0.662661790848
32168,0.912923455238
32169,0.851943492889
32170,0.920600533485
32171,0.936805844307
32173,0.872370660305
32176,0.879654169083
32177,0.482082307339
32179,0.686745107174
32180,0.974062085152
32182,0.626880526543
32183,0.449874579906
32185,0.856260418892
32187,0.877906382084
32190,0.831703901291
32191,0.901179909706
32195,0.686609387398
32196,0.485080957413
32198,0.860846579075
32199,0.95850276947
32202,0.585504949093
32205,0.812455296516
32206,0.880737602711
32208,0.161569148302
32210,0.644372045994
32212,0.658559799194
32215,0.967070221901
32221,0.835237026215
32222,0.852266967297
32223,0.969292461872
32225,0.197290897369
32226,0.844380199909
32228,0.553860902786
32230,0.841356992722
32234,0.622353851795
32238,0.757962346077
32239,0.913839519024
32247,0.98520720005
32248,0.768361747265
32252,0.812065780163
32253,0.824269235134
32255,0.455701649189
32259,0.593037486076
32260,0.825192153454
32261,0.798124432564
32263,0.728219687939
32264,0.612169384956
32265,0.913060307503
32266,0.957566261292
32267,0.941126227379
32268,0.967646956444
32269,0.948503553867
32270,0.963506996632
32272,0.719862699509
32273,0.980788886547
32278,0.689568400383
32280,0.859797537327
32281,0.424914419651
32282,0.532315611839
32284,0.929276525974
32286,0.848709821701
32289,0.64613711834
32290,0.670804738998
32291,0.563094139099
32297,0.915356516838
32298,0.948561131954
32299,0.882314443588
32302,0.841018199921
32307,0.650002479553
32308,0.906591117382
32309,0.802155554295
32310,0.822250127792
32312,0.779670119286
32314,0.8029114604
32320,0.880505442619
32321,0.933599829674
32322,0.721367478371
32323,0.901913940907
32324,0.686811923981
32329,0.954181432724
32332,0.73950779438
32339,0.609104335308
32340,0.966105520725
32341,0.874106049538
32343,0.991470515728
32345,0.969169318676
32346,0.917294323444
32349,0.74497705698
32353,0.868125021458
32354,0.779195189476
32355,0.978401720524
32358,0.973604202271
32361,0.397975683212
32362,0.781219601631
32363,0.471527427435
32364,0.78771841526
32366,0.696002066135
32373,0.690260112286
32376,0.504202246666
32377,0.720472276211
32378,0.79089730978
32379,0.949548006058
32380,0.97022241354
32381,0.898837149143
32383,0.933991909027
32386,0.6272123456
32388,0.327688276768
32394,0.446378976107
32399,0.637476801872
32401,0.617190778255
32403,0.945122718811
32404,0.839378118515
32405,0.615010976791
32406,0.641990959644
32407,0.86676043272
32409,0.752404093742
32412,0.939870893955
32413,0.720685422421
32418,0.860271692276
32423,0.907998621464
32424,0.980687081814
32425,0.76771491766
32428,0.855592012405
32429,0.797977030277
32430,0.743677675724
32431,0.824602842331
32432,0.941027581692
32435,0.696546554565
32437,0.822108209133
32438,0.907564520836
32439,0.846063673496
32442,0.126726299524
32443,0.320297986269
32445,0.255087792873
32446,0.948924541473
32451,0.905790686607
32455,0.346326440573
32457,0.982428133488
32458,0.466298729181
32466,0.960192024708
32467,0.944571137428
32473,0.951933801174
32475,0.870939791203
32476,0.835469543934
32478,0.966724872589
32479,0.940948009491
32481,0.647691309452
32482,0.980756878853
32484,0.346675246954
32488,0.936594843864
32492,0.730768978596
32494,0.664555549622
32495,0.873406469822
32498,0.967116475105
32499,0.920885562897
32500,0.482800096273
32501,0.484467208385
32503,0.984261751175
32504,0.454855293036
32508,0.732753455639
32510,0.413242787123
32511,0.843699753284
32515,0.941586375237
32516,0.756363451481
32517,0.200237944722
32520,0.965985774994
32521,0.622825741768
32523,0.888243854046
32526,0.628482043743
32527,0.630829811096
32528,0.90328925848
32530,0.991637051105
32534,0.924604356289
32535,0.974909186363
32536,0.898701369762
32538,0.729092895985
32540,0.681474745274
32541,0.672161996365
32543,0.835199117661
32544,0.817732691765
32546,0.765746057034
32553,0.542766392231
32554,0.966209769249
32555,0.895297884941
32556,0.786012291908
32557,0.824343025684
32558,0.968450844288
32563,0.903391003609
32564,0.713515520096
32567,0.215125784278
32569,0.535826146603
32571,0.85129660368
32574,0.29546225071
32576,0.980138421059
32577,0.913700938225
32578,0.77650898695
32579,0.859692871571
32582,0.662367880344
32585,0.411586076021
32587,0.951697170734
32588,0.537584900856
32594,0.383901387453
32595,0.775743663311
32598,0.945493578911
32599,0.817095279694
32600,0.857131123543
32601,0.518339335918
32605,0.988374352455
32608,0.474403142929
32609,0.609050750732
32610,0.889680504799
32620,0.567751467228
32621,0.952343344688
32623,0.61054879427
32628,0.603110969067
32635,0.965899050236
32636,0.920941472054
32638,0.913803160191
32639,0.930463433266
32642,0.906746089458
32645,0.713151097298
32650,0.873247087002
32651,0.649735748768
32653,0.852043092251
32654,0.839605271816
32655,0.712930619717
32656,0.87982749939
32657,0.812416315079
32658,0.935106635094
32660,0.145503982902
32661,0.955172240734
32662,0.8127810359
32663,0.722253143787
32665,0.989387154579
32669,0.826247632504
32670,0.493256896734
32671,0.625968337059
32672,0.977690935135
32674,0.833972275257
32677,0.777598500252
32678,0.666450440884
32679,0.931887805462
32680,0.761574149132
32681,0.918091952801
32682,0.412157267332
32686,0.959552645683
32690,0.616788983345
32692,0.644078612328
32694,0.664153635502
32697,0.909226357937
32698,0.846387982368
32699,0.556115984917
32701,0.775118708611
32702,0.89116191864
32704,0.731031119823
32705,0.626262485981
32707,0.937445342541
32711,0.987676501274
32713,0.840651631355
32714,0.509072124958
32715,0.57433450222
32716,0.984035313129
32717,0.915643155575
32718,0.90343773365
32721,0.816807329655
32723,0.849199235439
32724,0.913953185081
32726,0.983662307262
32728,0.916232705116
32729,0.977668762207
32730,0.423968762159
32732,0.619225382805
32733,0.940927863121
32735,0.873392403126
32737,0.951945960522
32739,0.861449837685
32740,0.93026727438
32742,0.914515852928
32743,0.774655222893
32746,0.904747486115
32748,0.912945330143
32750,0.910948216915
32752,0.727922618389
32756,0.60484033823
32757,0.736392498016
32760,0.182529494166
32765,0.825017690659
32768,0.940396308899
32769,0.716033220291
32770,0.980026006699
32772,0.951394498348
32773,0.710601806641
32774,0.837002575397
32782,0.423462659121
32783,0.441968917847
32785,0.427318304777
32788,0.709450364113
32789,0.965050399303
32794,0.513652384281
32795,0.70257383585
32796,0.392440825701
32799,0.908296942711
32800,0.702336251736
32803,0.954149007797
32804,0.846095144749
32806,0.813961207867
32808,0.724441349506
32809,0.714386761189
32810,0.932942211628
32811,0.856257379055
32812,0.916334927082
32814,0.771401107311
32815,0.984190285206
32817,0.745641469955
32818,0.120658949018
32820,0.982198417187
32821,0.379824221134
32824,0.751310169697
32825,0.423565149307
32826,0.824992239475
32829,0.844565093517
32833,0.632242262363
32834,0.881498456001
32835,0.933673262596
32836,0.801335990429
32837,0.166860252619
32838,0.927137374878
32840,0.633021771908
32845,0.860715389252
32848,0.88880687952
32849,0.968618929386
32850,0.567327916622
32852,0.933379471302
32853,0.88506180048
32854,0.933082461357
32856,0.742351531982
32858,0.803109288216
32860,0.982902288437
32861,0.439049035311
32862,0.580739438534
32863,0.979375422001
32864,0.463213592768
32869,0.742178499699
32871,0.8812546134
32876,0.973863363266
32878,0.619248569012
32879,0.985900104046
32880,0.923306405544
32881,0.638042509556
32882,0.621615588665
32883,0.209593012929
32885,0.631135821342
32890,0.983934819698
32894,0.823524773121
32895,0.915788888931
32899,0.109687075019
32900,0.859269320965
32901,0.798880934715
32903,0.913973808289
32904,0.948531985283
32905,0.75144982338
32906,0.579704105854
32907,0.552446782589
32908,0.860533714294
32910,0.674327075481
32911,0.976254343987
32913,0.795737802982
32914,0.702705919743
32915,0.861287176609
32917,0.876242816448
32919,0.75574195385
32920,0.884054839611
32926,0.84809088707
32928,0.728575527668
32930,0.513110816479
32932,0.894304633141
32933,0.922326982021
32934,0.582939445972
32935,0.634741306305
32936,0.300345808268
32940,0.81820422411
32942,0.892457485199
32943,0.75145560503
32948,0.552436590195
32951,0.980907738209
32955,0.797063887119
32957,0.960627317429
32958,0.883300244808
32959,0.832349359989
32961,0.845283746719
32962,0.538762331009
32966,0.985244572163
32969,0.909736275673
32970,0.919088900089
32972,0.366640090942
32974,0.85452747345
32975,0.932832896709
32977,0.883389174938
32978,0.685318827629
32980,0.788030922413
32981,0.89983779192
32983,0.68316423893
32986,0.886506617069
32987,0.840928196907
32990,0.318820387125
32992,0.951898992062
32993,0.615224599838
32994,0.662772119045
32995,0.570123910904
32997,0.806562006474
32999,0.384158223867
33001,0.868157088757
33003,0.755139112473
33004,0.400372892618
33005,0.710701406002
33008,0.523758709431
33009,0.851484060287
33011,0.932388603687
33019,0.994213283062
33022,0.735960066319
33023,0.86980843544
33026,0.975451886654
33027,0.980785012245
33028,0.825853288174
33029,0.850742936134
33031,0.379705458879
33037,0.697526454926
33039,0.446939110756
33042,0.536258876324
33046,0.8769313097
33047,0.953955233097
33050,0.960269808769
33055,0.866796553135
33057,0.623970627785
33058,0.904212474823
33063,0.235210567713
33064,0.691009998322
33069,0.67421913147
33070,0.973423540592
33074,0.920714557171
33077,0.723733663559
33078,0.716774821281
33079,0.886599123478
33081,0.920788943768
33083,0.98390352726
33084,0.829072296619
33086,0.822120130062
33089,0.901950240135
33092,0.594479560852
33095,0.640868246555
33096,0.791567921638
33099,0.841487765312
33101,0.97386443615
33103,0.963132977486
33104,0.747270524502
33105,0.918847262859
33106,0.90196865797
33107,0.97560852766
33108,0.64047396183
33110,0.871336102486
33111,0.752004802227
33113,0.637673139572
33116,0.433397054672
33117,0.936026096344
33119,0.932528436184
33120,0.988943099976
33121,0.97540718317
33122,0.893565416336
33126,0.721115887165
33127,0.883226513863
33128,0.682893037796
33131,0.952200591564
33132,0.907981812954
33136,0.748835623264
33137,0.892724692822
33138,0.856082379818
33139,0.710376560688
33144,0.448145419359
33146,0.799297630787
33148,0.72822290659
33152,0.940134763718
33157,0.973826169968
33158,0.767142057419
33159,0.629796385765
33161,0.722616136074
33164,0.227502524853
33167,0.979133665562
33168,0.85263800621
33169,0.806823134422
33173,0.980315983295
33177,0.796843469143
33178,0.866321623325
33180,0.841320574284
33184,0.810304999352
33186,0.942463874817
33188,0.572400152683
33189,0.808610677719
33191,0.579911470413
33193,0.838477432728
33196,0.879135668278
33199,0.909144103527
33200,0.306712478399
33202,0.688753604889
33203,0.51814031601
33207,0.479045331478
33208,0.977787494659
33209,0.923679947853
33210,0.816671013832
33211,0.601553559303
33212,0.606304764748
33213,0.861422836781
33214,0.718972444534
33215,0.747171342373
33217,0.719610869884
33222,0.480329215527
33224,0.866232097149
33227,0.880874276161
33228,0.985014259815
33235,0.852400839329
33237,0.430119991302
33240,0.930349290371
33245,0.731409013271
33246,0.904114544392
33247,0.720650017262
33249,0.928388655186
33252,0.64543145895
33253,0.907758891582
33255,0.859580039978
33258,0.912170767784
33259,0.979126691818
33261,0.676931023598
33263,0.733941316605
33264,0.131870180368
33268,0.869109988213
33272,0.977463006973
33273,0.731293916702
33274,0.723636329174
33275,0.845246315002
33277,0.894011378288
33279,0.889711380005
33282,0.960352361202
33287,0.96012377739
33288,0.801486492157
33292,0.946849107742
33295,0.665597856045
33297,0.649034678936
33299,0.953485488892
33300,0.831275105476
33302,0.913368046284
33305,0.959531605244
33306,0.938957095146
33307,0.633991122246
33308,0.689827382565
33310,0.726647257805
33313,0.541090846062
33314,0.87988358736
33315,0.878130972385
33317,0.939319074154
33318,0.868111491203
33321,0.943504095078
33326,0.982208788395
33327,0.699826538563
33328,0.721829414368
33329,0.754331350327
33330,0.956034064293
33333,0.904904901981
33334,0.82839602232
33340,0.605992376804
33343,0.778844237328
33344,0.892126381397
33345,0.737591266632
33346,0.929583907127
33349,0.784651219845
33350,0.912001013756
33353,0.960523843765
33354,0.976243555546
33358,0.367522746325
33361,0.951082646847
33362,0.364662259817
33366,0.619134187698
33369,0.848148345947
33370,0.728324890137
33373,0.663854658604
33375,0.606861174107
33376,0.694145381451
33377,0.400529295206
33380,0.839812636375
33382,0.876077651978
33384,0.936986923218
33386,0.876470565796
33387,0.985681295395
33388,0.891531705856
33389,0.769782364368
33396,0.59523755312
33398,0.824728667736
33400,0.939706623554
33401,0.339528083801
33402,0.772345721722
33404,0.878218173981
33408,0.739795029163
33409,0.859823107719
33410,0.908962070942
33411,0.919614434242
33412,0.919988334179
33413,0.307450532913
33414,0.952158927917
33417,0.63744187355
33419,0.855643391609
33420,0.669683277607
33427,0.902157604694
33428,0.864557266235
33429,0.986671507359
33430,0.775918900967
33431,0.772921979427
33434,0.82956379652
33436,0.951109170914
33438,0.818090558052
33439,0.513900578022
33440,0.174579709768
33441,0.844930171967
33442,0.663645446301
33443,0.932374417782
33446,0.669684827328
33447,0.801573455334
33449,0.794517219067
33452,0.719653487206
33453,0.847713410854
33454,0.72459590435
33457,0.914983987808
33459,0.897907733917
33460,0.762507498264
33462,0.900494337082
33465,0.752565324306
33466,0.731668949127
33467,0.89365452528
33469,0.733703494072
33470,0.596738815308
33471,0.611617028713
33472,0.592158555984
33473,0.865987718105
33474,0.960519731045
33478,0.845083475113
33479,0.866630852222
33480,0.628997087479
33481,0.923287391663
33485,0.663863182068
33486,0.975158274174
33487,0.883104801178
33489,0.553320467472
33491,0.80153721571
33493,0.530189573765
33496,0.848608195782
33499,0.351535499096
33501,0.0506844595075
33502,0.496432781219
33504,0.920393466949
33506,0.95169955492
33507,0.907698452473
33508,0.0426964536309
33509,0.749930739403
33510,0.987780690193
33514,0.883170425892
33518,0.872377336025
33520,0.600664615631
33522,0.987339258194
33524,0.923184275627
33526,0.87789952755
33527,0.85000616312
33528,0.963149547577
33529,0.756167888641
33532,0.901260077953
33533,0.967219114304
33535,0.958045899868
33536,0.518252313137
33537,0.621531844139
33538,0.991390228271
33541,0.927107930183
33544,0.679909706116
33550,0.574323713779
33551,0.787856519222
33552,0.422609955072
33560,0.843371212482
33563,0.83200353384
33566,0.970552206039
33568,0.77734541893
33569,0.49912405014
33570,0.957821786404
33573,0.738274395466
33575,0.881220936775
33576,0.411873310804
33579,0.790151834488
33580,0.900222182274
33581,0.908258497715
33582,0.982916891575
33583,0.865619182587
33589,0.682803452015
33590,0.88253647089
33591,0.501875281334
33593,0.951075553894
33598,0.887227356434
33605,0.973048686981
33607,0.633951067924
33608,0.483488470316
33613,0.793944180012
33615,0.818981647491
33616,0.50884282589
33619,0.577479958534
33620,0.886078894138
33622,0.593748390675
33625,0.72971701622
33626,0.822595775127
33628,0.926142930984
33629,0.967589259148
33631,0.555731594563
33632,0.993921399117
33633,0.869651854038
33634,0.83747446537
33636,0.904030442238
33640,0.796780526638
33642,0.640967786312
33644,0.654825925827
33646,0.730472147465
33647,0.958848536015
33648,0.894033551216
33649,0.789105772972
33650,0.92614120245
33652,0.879698514938
33655,0.781594395638
33660,0.766746342182
33661,0.816052138805
33663,0.717373907566
33665,0.709407448769
33666,0.939875304699
33668,0.290775507689
33671,0.959935963154
33673,0.459892570972
33674,0.597347736359
33675,0.897090137005
33677,0.818257570267
33682,0.571495234966
33684,0.792960822582
33685,0.949015915394
33688,0.749224066734
33689,0.889861881733
33693,0.357616782188
33694,0.898933827877
33695,0.656036794186
33696,0.624468505383
33697,0.897638559341
33698,0.990670442581
33700,0.841723680496
33701,0.921791315079
33704,0.555499374866
33711,0.72443562746
33712,0.92959779501
33716,0.912682592869
33717,0.740300953388
33721,0.948881089687
33723,0.435592979193
33724,0.926522612572
33730,0.624076485634
33731,0.93402248621
33732,0.948257148266
33734,0.898836970329
33736,0.924046516418
33737,0.911816895008
33738,0.860355556011
33740,0.875552237034
33743,0.990126132965
33744,0.749139964581
33745,0.812220752239
33746,0.98382884264
33748,0.897953391075
33755,0.747231006622
33756,0.756559848785
33758,0.717702209949
33759,0.909392178059
33760,0.467292249203
33761,0.784984171391
33762,0.746271252632
33763,0.295836061239
33765,0.691193938255
33766,0.88105660677
33767,0.956613183022
33769,0.879784941673
33770,0.979357361794
33771,0.963827073574
33772,0.953140318394
33773,0.932077527046
33776,0.93648570776
33777,0.556779026985
33778,0.0901835113764
33781,0.760964512825
33782,0.686659455299
33786,0.721891343594
33787,0.901272296906
33789,0.859914958477
33791,0.754236996174
33792,0.972549498081
33794,0.853422939777
33795,0.96250140667
33796,0.875856280327
33797,0.796422302723
33798,0.689000248909
33799,0.910954654217
33800,0.805329680443
33801,0.743730485439
33803,0.792290508747
33805,0.758077204227
33807,0.685993313789
33808,0.807881712914
33809,0.903575599194
33810,0.981777250767
33813,0.981776893139
33816,0.405866354704
33817,0.764276027679
33818,0.915134489536
33820,0.970044136047
33825,0.680760324001
33828,0.815828204155
33829,0.882013142109
33830,0.868790447712
33831,0.755684554577
33832,0.663679659367
33834,0.802182435989
33837,0.61828148365
33840,0.967977046967
33841,0.819850623608
33846,0.914511084557
33848,0.93771392107
33849,0.716877579689
33850,0.979074656963
33852,0.934912383556
33856,0.844751179218
33857,0.844684898853
33858,0.727474272251
33859,0.863617420197
33862,0.444465398788
33863,0.949250876904
33865,0.658726215363
33866,0.847785592079
33868,0.803559780121
33869,0.77947306633
33874,0.667292773724
33876,0.774999082088
33877,0.85850250721
33878,0.723363518715
33879,0.60914760828
33881,0.467418849468
33885,0.45951128006
33887,0.511620044708
33897,0.828850269318
33899,0.797227442265
33902,0.756400644779
33904,0.392899990082
33905,0.716597378254
33906,0.961242675781
33907,0.809565067291
33909,0.837424099445
33911,0.926301658154
33912,0.737596452236
33914,0.750493764877
33915,0.794895589352
33916,0.542822241783
33920,0.813119053841
33921,0.593920588493
33923,0.932651996613
33925,0.634197354317
33927,0.912448406219
33931,0.769849061966
33932,0.894390940666
33933,0.737290203571
33937,0.872106909752
33940,0.951774120331
33941,0.386360824108
33943,0.844639897346
33944,0.78548592329
33945,0.681184709072
33948,0.910606861115
33950,0.91499209404
33953,0.882045269012
33955,0.545124351978
33956,0.958012640476
33961,0.696300029755
33964,0.943748116493
33968,0.768816709518
33970,0.929044663906
33971,0.584178268909
33973,0.872159123421
33983,0.911819398403
33985,0.840859889984
33987,0.962244808674
33988,0.935644507408
33989,0.917520880699
33994,0.692225039005
33995,0.958460271358
33997,0.728007733822
33998,0.967603981495
33999,0.827802300453
34001,0.688515424728
34002,0.709330916405
34003,0.55204975605
34004,0.953726232052
34005,0.846946001053
34008,0.448719054461
34011,0.924901843071
34022,0.989436745644
34024,0.546446144581
34027,0.716751873493
34030,0.959872841835
34033,0.434300690889
34034,0.903291881084
34035,0.822564661503
34038,0.898004829884
34039,0.397118151188
34040,0.979656457901
34044,0.744803965092
34050,0.685137033463
34054,0.83267146349
34055,0.780703008175
34056,0.649152755737
34057,0.976600646973
34059,0.852956652641
34060,0.844630241394
34064,0.944309294224
34066,0.394924014807
34068,0.663694500923
34073,0.955684959888
34077,0.932741701603
34079,0.933526337147
34080,0.979275822639
34084,0.966730117798
34085,0.696189701557
34086,0.793373465538
34087,0.88595944643
34090,0.647035479546
34091,0.515319645405
34095,0.800981283188
34096,0.763527214527
34097,0.93677598238
34099,0.970045506954
34100,0.902506530285
34102,0.816857516766
34107,0.714689791203
34108,0.887815356255
34110,0.882746636868
34114,0.81722086668
34115,0.94084829092
34116,0.536764323711
34121,0.986589550972
34122,0.630913734436
34123,0.916519999504
34125,0.52534288168
34127,0.914707541466
34131,0.943261325359
34133,0.776715934277
34135,0.877007186413
34137,0.664034485817
34141,0.73289591074
34142,0.870746135712
34146,0.520849764347
34147,0.88476639986
34148,0.654928386211
34149,0.981971800327
34152,0.468827366829
34154,0.896166801453
34155,0.904365122318
34159,0.716810047626
34161,0.970518171787
34163,0.835513055325
34164,0.367377817631
34170,0.888317883015
34171,0.980147123337
34174,0.97016876936
34175,0.887512743473
34179,0.789964914322
34181,0.886947154999
34182,0.766035497189
34183,0.974501550198
34184,0.477707833052
34186,0.959394991398
34191,0.857541918755
34193,0.617147862911
34194,0.731647789478
34196,0.849259972572
34200,0.686798274517
34202,0.848966836929
34204,0.983659267426
34205,0.773949205875
34206,0.642966508865
34211,0.656642496586
34213,0.936758339405
34214,0.727306187153
34216,0.960411846638
34219,0.674891769886
34220,0.870788276196
34221,0.81941306591
34223,0.880942344666
34224,0.83792924881
34228,0.8449447155
34233,0.803951919079
34235,0.87390345335
34238,0.690307319164
34241,0.945704162121
34242,0.569074034691
34243,0.568114280701
34244,0.944334864616
34250,0.869451522827
34251,0.320415973663
34252,0.932920873165
34253,0.858869552612
34255,0.799371778965
34256,0.877628922462
34258,0.158325895667
34259,0.439420878887
34261,0.458890974522
34266,0.963240504265
34268,0.971695780754
34269,0.96684896946
34270,0.802638351917
34273,0.658560216427
34274,0.862354636192
34275,0.785960316658
34276,0.74207007885
34277,0.680250823498
34278,0.834161579609
34280,0.932975232601
34282,0.807505190372
34284,0.90792542696
34287,0.452768564224
34290,0.882816493511
34292,0.841739535332
34293,0.696212112904
34294,0.644266843796
34297,0.971570849419
34299,0.670577764511
34305,0.875826299191
34310,0.843404829502
34311,0.971019327641
34312,0.769361257553
34315,0.89931511879
34317,0.355873167515
34319,0.27509021759
34320,0.543326735497
34322,0.653758466244
34324,0.949526369572
34330,0.709130942822
34332,0.98721075058
34338,0.637727916241
34340,0.942800104618
34341,0.278241097927
34343,0.727665007114
34345,0.943245530128
34346,0.809283852577
34347,0.755825161934
34353,0.552844405174
34354,0.97869437933
34356,0.944591343403
34357,0.720600426197
34358,0.710244417191
34360,0.789293885231
34364,0.982165873051
34365,0.746773064137
34366,0.583893299103
34368,0.970502257347
34369,0.96856290102
34371,0.0930818319321
34372,0.721585273743
34373,0.769301354885
34374,0.337335765362
34376,0.892312169075
34378,0.664220452309
34381,0.852985322475
34384,0.546617209911
34385,0.875604867935
34386,0.846008241177
34387,0.956927657127
34388,0.59360653162
34389,0.744788229465
34391,0.665329515934
34392,0.374240815639
34393,0.501280426979
34394,0.515814125538
34396,0.700816392899
34401,0.846962094307
34403,0.978892326355
34404,0.568756520748
34405,0.664411365986
34406,0.89186000824
34407,0.962115049362
34409,0.822959601879
34410,0.987168192863
34411,0.91160607338
34418,0.88853853941
34423,0.870224177837
34424,0.936419844627
34425,0.898064732552
34429,0.776701688766
34430,0.915099799633
34432,0.828846514225
34433,0.692793667316
34434,0.864145636559
34436,0.819094896317
34437,0.954754769802
34440,0.680687189102
34441,0.970581531525
34442,0.683146357536
34443,0.626659572124
34445,0.352947920561
34446,0.948558986187
34447,0.831086099148
34452,0.736701011658
34457,0.423863768578
34462,0.802143156528
34467,0.669049263
34470,0.644164443016
34471,0.884993970394
34472,0.702653765678
34476,0.763494551182
34479,0.899846553802
34480,0.781325995922
34482,0.960533499718
34483,0.714808702469
34485,0.840346872807
34487,0.808313190937
34488,0.463339090347
34490,0.747447788715
34491,0.819915652275
34492,0.753561377525
34494,0.477554798126
34495,0.816293656826
34496,0.944797337055
34497,0.986589431763
34498,0.956358551979
34499,0.979656875134
34500,0.673301756382
34503,0.0883041471243
34505,0.679919600487
34508,0.901021003723
34510,0.78661942482
34512,0.857930004597
34514,0.697600543499
34516,0.676819562912
34518,0.898113071918
34519,0.706994652748
34520,0.923046410084
34522,0.810171186924
34528,0.409850567579
34529,0.0635312274098
34530,0.724557340145
34533,0.892620742321
34537,0.387282907963
34538,0.87357711792
34542,0.911296665668
34545,0.86660528183
34547,0.893961906433
34548,0.575203835964
34551,0.913590490818
34553,0.762439250946
34556,0.823565125465
34557,0.903886318207
34558,0.962399184704
34560,0.908567070961
34562,0.731153726578
34564,0.952622592449
34572,0.559567689896
34573,0.774088680744
34576,0.922800898552
34583,0.940074145794
34584,0.695215404034
34585,0.906207621098
34586,0.530757367611
34587,0.824690401554
34591,0.865651488304
34592,0.520979762077
34593,0.915362596512
34594,0.817336022854
34595,0.184228256345
34596,0.961655318737
34597,0.712320029736
34599,0.421477019787
34600,0.986699461937
34601,0.817902803421
34605,0.796729266644
34607,0.450863420963
34610,0.900424361229
34611,0.906505048275
34613,0.873995125294
34615,0.456845998764
34616,0.61027020216
34617,0.904600083828
34618,0.67206209898
34620,0.916611373425
34621,0.853547632694
34623,0.7323564291
34626,0.803317785263
34629,0.518483221531
34631,0.777543723583
34632,0.277389913797
34635,0.454623520374
34639,0.561458051205
34642,0.908318758011
34644,0.805202543736
34647,0.844678878784
34649,0.927287101746
34651,0.896409988403
34657,0.72109234333
34659,0.960992336273
34662,0.666946589947
34663,0.723928689957
34666,0.931170403957
34667,0.965426385403
34670,0.932444810867
34679,0.918512165546
34681,0.835621833801
34682,0.969739437103
34685,0.973215103149
34686,0.932031393051
34688,0.885698378086
34689,0.702136039734
34691,0.976261615753
34693,0.990941941738
34694,0.981476485729
34695,0.885597884655
34696,0.9018227458
34698,0.803406059742
34699,0.722993731499
34705,0.765758037567
34710,0.921290934086
34711,0.813491761684
34712,0.895098507404
34713,0.773266255856
34714,0.851793587208
34715,0.962508380413
34718,0.240451931953
34719,0.976751565933
34720,0.924781382084
34721,0.481741607189
34722,0.897733926773
34723,0.932411730289
34724,0.781131923199
34727,0.953070878983
34728,0.723401427269
34729,0.935366928577
34730,0.94672870636
34731,0.787549376488
34733,0.820617139339
34735,0.901003956795
34736,0.585126101971
34738,0.933146178722
34739,0.908401668072
34740,0.908257782459
34741,0.792043805122
34744,0.707505941391
34746,0.857989311218
34747,0.738395690918
34749,0.715364575386
34751,0.955075204372
34753,0.798352181911
34755,0.59688436985
34756,0.916003525257
34757,0.953911304474
34758,0.989480257034
34760,0.808311760426
34762,0.867742419243
34765,0.789108455181
34767,0.834264159203
34769,0.932030379772
34770,0.713642656803
34774,0.819702684879
34775,0.722654342651
34779,0.554915904999
34781,0.713536560535
34785,0.556912183762
34786,0.836346387863
34788,0.947081446648
34790,0.881250619888
34793,0.868528723717
34794,0.687118887901
34797,0.955031394958
34798,0.710499763489
34801,0.988271296024
34802,0.515248298645
34804,0.950572431087
34809,0.788718402386
34811,0.861658215523
34815,0.9710085392
34816,0.944288313389
34819,0.933143913746
34822,0.695688128471
34823,0.721295297146
34824,0.953778862953
34825,0.831211090088
34826,0.876027882099
34830,0.480271041393
34832,0.447773367167
34834,0.933722853661
34835,0.865939617157
34838,0.912073016167
34839,0.602490901947
34841,0.662732303143
34844,0.836482405663
34845,0.720627725124
34846,0.950781881809
34848,0.96821564436
34849,0.666859149933
34852,0.950759351254
34854,0.946197032928
34858,0.950815439224
34861,0.644738435745
34862,0.911673903465
34864,0.532005488873
34868,0.942239105701
34869,0.951570749283
34871,0.969602048397
34872,0.83826059103
34873,0.800074398518
34874,0.569776177406
34875,0.69350028038
34877,0.86984449625
34879,0.805979430676
34882,0.972427725792
34884,0.550773441792
34886,0.904105007648
34887,0.893545687199
34888,0.773902535439
34890,0.760306179523
34892,0.742780983448
34894,0.871473610401
34895,0.745109975338
34896,0.457274496555
34900,0.865316390991
34905,0.983732044697
34907,0.783009648323
34909,0.104720562696
34910,0.569971859455
34911,0.971105933189
34913,0.804247438908
34918,0.556345462799
34919,0.639383614063
34920,0.934565126896
34923,0.66520512104
34924,0.927890300751
34926,0.5343708992
34928,0.491724818945
34931,0.971967458725
34932,0.874376475811
34933,0.974609673023
34934,0.864959061146
34935,0.468818873167
34936,0.644739687443
34937,0.698071300983
34938,0.962556958199
34942,0.883688271046
34945,0.987672269344
34946,0.572602808475
34947,0.536969304085
34948,0.824464678764
34952,0.788837015629
34954,0.68692368269
34956,0.985835433006
34958,0.882998168468
34959,0.976496756077
34961,0.891334950924
34962,0.862261712551
34963,0.839653015137
34964,0.933812439442
34965,0.872984170914
34968,0.855969429016
34974,0.863986313343
34975,0.726287424564
34978,0.693384945393
34979,0.77032917738
34980,0.836341917515
34981,0.780568420887
34982,0.821027815342
34983,0.783129274845
34987,0.555157244205
34989,0.550572097301
34990,0.411566764116
34991,0.491315215826
34992,0.783635497093
34993,0.416880011559
34996,0.843341469765
34997,0.980139613152
34999,0.71507191658
35000,0.965751826763
35002,0.667656123638
35003,0.81248486042
35011,0.874422967434
35012,0.941769361496
35013,0.849996089935
35015,0.715271770954
35016,0.938721001148
35017,0.935979008675
35019,0.912893235683
35022,0.781288564205
35023,0.521114766598
35024,0.838875055313
35025,0.625973880291
35027,0.970215022564
35030,0.860408186913
35031,0.761568725109
35032,0.766589581966
35033,0.769389808178
35034,0.834960699081
35036,0.753564178944
35037,0.851434886456
35039,0.857710421085
35040,0.769366443157
35045,0.66914087534
35047,0.76294618845
35048,0.652971327305
35050,0.428443998098
35051,0.913388967514
35056,0.428274035454
35058,0.622818410397
35059,0.709929645061
35060,0.553319036961
35061,0.976518690586
35062,0.937444746494
35063,0.830175578594
35066,0.42082130909
35069,0.798668980598
35070,0.903862118721
35071,0.916309297085
35073,0.856577217579
35074,0.514644920826
35075,0.936896443367
35078,0.985777676105
35079,0.386385828257
35080,0.99127805233
35084,0.598327338696
35088,0.876058757305
35090,0.978566765785
35091,0.483739495277
35093,0.935211420059
35094,0.968946635723
35096,0.813876748085
35098,0.832193672657
35099,0.949109256268
35100,0.945570170879
35102,0.980702340603
35103,0.951282918453
35106,0.777334868908
35107,0.873641908169
35110,0.601869940758
35112,0.979038238525
35113,0.399137884378
35114,0.945290505886
35115,0.963803470135
35116,0.734484791756
35118,0.434260308743
35120,0.922404170036
35122,0.608793437481
35123,0.819176971912
35125,0.487462282181
35126,0.942197620869
35127,0.807851731777
35128,0.921095967293
35129,0.938902258873
35130,0.8252145648
35131,0.627804398537
35132,0.68268507719
35134,0.944615602493
35135,0.814023375511
35138,0.572390854359
35144,0.859330236912
35147,0.931019842625
35149,0.932740271091
35150,0.955635845661
35151,0.958632409573
35152,0.833464622498
35155,0.678634524345
35157,0.896755695343
35159,0.972544550896
35160,0.833991467953
35163,0.883771955967
35164,0.722831189632
35165,0.703809440136
35167,0.71037209034
35169,0.909831881523
35175,0.898768126965
35176,0.845797181129
35179,0.590682268143
35180,0.89946359396
35181,0.96251899004
35183,0.472090393305
35184,0.959214389324
35188,0.920444369316
35189,0.924927949905
35192,0.970508754253
35195,0.841360211372
35196,0.90375494957
35197,0.889861643314
35199,0.865452945232
35200,0.939848780632
35201,0.748517036438
35202,0.890583753586
35204,0.846539497375
35208,0.850813686848
35209,0.642603397369
35210,0.970586895943
35211,0.947240769863
35213,0.958283305168
35216,0.638101577759
35219,0.829145073891
35223,0.982001364231
35226,0.935863912106
35227,0.984536826611
35229,0.887651801109
35230,0.977775037289
35231,0.888144850731
35233,0.951222419739
35235,0.738456010818
35241,0.898254156113
35242,0.840243518353
35244,0.868625462055
35245,0.779559135437
35249,0.766492068768
35253,0.846676409245
35255,0.190185517073
35256,0.170297026634
35257,0.7853089571
35259,0.941277623177
35260,0.668391883373
35262,0.98255699873
35264,0.740181982517
35265,0.769154667854
35266,0.856084108353
35269,0.877275764942
35271,0.579282402992
35274,0.928407847881
35276,0.9751278162
35281,0.935580670834
35282,0.895356953144
35284,0.989081382751
35286,0.842651307583
35287,0.565749585629
35288,0.950407326221
35289,0.65866714716
35292,0.782347261906
35293,0.954414725304
35294,0.835610687733
35296,0.943500995636
35298,0.560023784637
35301,0.805382728577
35302,0.818076014519
35303,0.768841564655
35304,0.413072556257
35305,0.746608436108
35307,0.890511631966
35310,0.977555155754
35311,0.846688747406
35316,0.855260968208
35322,0.770778715611
35323,0.701768159866
35325,0.514955580235
35327,0.558929562569
35328,0.958688080311
35329,0.765308499336
35330,0.927631616592
35332,0.483398318291
35335,0.886109292507
35336,0.931129693985
35337,0.84367531538
35338,0.778278291225
35339,0.784927070141
35340,0.630502700806
35342,0.579098284245
35344,0.908872425556
35347,0.603055953979
35350,0.765039086342
35352,0.632158100605
35354,0.874040305614
35355,0.978286623955
35356,0.962851285934
35359,0.921515882015
35361,0.905596077442
35363,0.560420870781
35364,0.991638839245
35366,0.992667019367
35368,0.904459893703
35369,0.829273223877
35370,0.696718215942
35374,0.974174082279
35375,0.645351946354
35376,0.880307793617
35377,0.796015202999
35379,0.810820519924
35382,0.926487743855
35386,0.782693564892
35389,0.979976296425
35390,0.954856157303
35393,0.910224199295
35395,0.838167309761
35398,0.935619354248
35399,0.870884776115
35401,0.256852537394
35402,0.831119179726
35403,0.841040253639
35405,0.900499999523
35406,0.773429989815
35407,0.41889321804
35408,0.873756170273
35409,0.866110563278
35411,0.885587573051
35413,0.606413602829
35415,0.750125586987
35416,0.937756180763
35419,0.754337787628
35423,0.656964659691
35424,0.865641832352
35427,0.527771413326
35429,0.963968515396
35432,0.834908008575
35441,0.673633098602
35443,0.306432187557
35445,0.710797250271
35453,0.756343305111
35454,0.964348018169
35458,0.51147800684
35460,0.631874203682
35462,0.840307533741
35468,0.680203557014
35469,0.502425789833
35472,0.937611103058
35473,0.787908911705
35474,0.931344926357
35478,0.5823366642
35482,0.901203274727
35483,0.846602976322
35484,0.868023812771
35485,0.194965422153
35487,0.634727299213
35493,0.978840589523
35496,0.582847297192
35497,0.896105825901
35499,0.545299053192
35500,0.905858933926
35504,0.855699777603
35507,0.69257748127
35513,0.353808432817
35515,0.93069756031
35516,0.906486332417
35517,0.944335401058
35521,0.857739448547
35525,0.439461231232
35526,0.758562803268
35527,0.712461411953
35530,0.697125077248
35531,0.818563461304
35536,0.792412161827
35537,0.978338062763
35539,0.844657659531
35540,0.847091317177
35546,0.834648728371
35548,0.957720935345
35549,0.816161632538
35550,0.631806194782
35552,0.423452168703
35556,0.914803385735
35557,0.972844302654
35559,0.76731389761
35560,0.845723509789
35563,0.243042781949
35565,0.989730715752
35567,0.464851617813
35573,0.982229828835
35574,0.708411753178
35575,0.799509525299
35576,0.620670974255
35578,0.791892647743
35580,0.776557385921
35583,0.87643378973
35584,0.620924651623
35587,0.715732634068
35588,0.816859900951
35591,0.852478027344
35592,0.811095356941
35596,0.705695509911
35601,0.767581760883
35603,0.669407248497
35604,0.930554449558
35605,0.801403343678
35608,0.820128142834
35609,0.739428639412
35617,0.835869669914
35618,0.513919770718
35619,0.95780813694
35620,0.577753901482
35621,0.572525262833
35622,0.84036552906
35623,0.777170240879
35624,0.491574406624
35625,0.891983985901
35627,0.920231163502
35630,0.942405760288
35631,0.653606414795
35633,0.802419245243
35634,0.946622848511
35635,0.971895754337
35636,0.630291223526
35637,0.915658831596
35638,0.79956305027
35641,0.879988729954
35642,0.881871819496
35643,0.668440997601
35647,0.918866813183
35648,0.909124016762
35649,0.863181889057
35651,0.668759047985
35654,0.601078987122
35658,0.988892376423
35659,0.604589402676
35660,0.785440325737
35663,0.404845684767
35664,0.933259963989
35665,0.994633197784
35666,0.770079374313
35668,0.60547876358
35669,0.79190659523
35670,0.592816472054
35671,0.869402945042
35672,0.861775934696
35674,0.966295778751
35677,0.428730607033
35678,0.927397668362
35679,0.797673285007
35680,0.95417547226
35683,0.776039242744
35684,0.858339190483
35685,0.784292817116
35686,0.592146575451
35688,0.58106637001
35689,0.900909125805
35690,0.82982647419
35694,0.981850206852
35695,0.596044421196
35696,0.973062217236
35706,0.860591411591
35708,0.380068540573
35709,0.977452874184
35711,0.907345235348
35712,0.878261566162
35714,0.710281610489
35716,0.498048037291
35717,0.888636887074
35718,0.644861757755
35719,0.637047827244
35720,0.411736935377
35728,0.890092670918
35729,0.782198369503
35730,0.931342482567
35731,0.667883694172
35732,0.797330856323
35734,0.75931763649
35738,0.852648019791
35742,0.875520050526
35744,0.726788580418
35745,0.780308306217
35747,0.660513997078
35748,0.634010612965
35757,0.893305718899
35759,0.922790408134
35764,0.895695090294
35765,0.694993972778
35770,0.470178335905
35772,0.740649938583
35774,0.976491749287
35787,0.528257071972
35790,0.871291041374
35792,0.473754703999
35793,0.725452423096
35795,0.880925357342
35796,0.720462679863
35798,0.401406049728
35799,0.918266415596
35800,0.55248683691
35803,0.721930444241
35807,0.941123366356
35810,0.843022823334
35811,0.814396440983
35812,0.71330177784
35816,0.93947660923
35819,0.761509716511
35823,0.717756032944
35824,0.845324337482
35825,0.958624124527
35829,0.983415067196
35832,0.974519252777
35833,0.705838739872
35837,0.936213612556
35839,0.158242225647
35840,0.414208561182
35842,0.79305678606
35843,0.780739068985
35844,0.459357082844
35845,0.982417404652
35847,0.9801171422
35854,0.645951807499
35859,0.762009680271
35860,0.987494051456
35861,0.81677043438
35863,0.386700242758
35864,0.798943817616
35865,0.939507603645
35866,0.732802569866
35868,0.782799422741
35871,0.575567245483
35872,0.597678542137
35877,0.891521751881
35878,0.976135969162
35881,0.603603601456
35886,0.467439770699
35887,0.384891718626
35889,0.989804148674
35890,0.850970685482
35893,0.916244804859
35894,0.663145124912
35895,0.966779232025
35898,0.877844274044
35899,0.765828847885
35901,0.84806227684
35903,0.884850621223
35904,0.860297679901
35905,0.814480781555
35906,0.599096417427
35907,0.745771229267
35910,0.934376835823
35911,0.683244943619
35912,0.259321600199
35916,0.899962902069
35919,0.445194721222
35920,0.979122459888
35922,0.970871806145
35926,0.747223556042
35928,0.947728216648
35931,0.951980888844
35932,0.94390052557
35933,0.857831895351
35935,0.873810052872
35941,0.522062659264
35942,0.731900215149
35943,0.846043109894
35944,0.892215847969
35947,0.758317291737
35948,0.803269863129
35949,0.43085694313
35952,0.902522683144
35954,0.579384803772
35955,0.978482425213
35956,0.900335729122
35959,0.947655141354
35961,0.514228284359
35962,0.712991416454
35964,0.68496888876
35969,0.88777500391
35973,0.963892936707
35974,0.776920080185
35978,0.740320563316
35981,0.959514796734
35983,0.912755191326
35984,0.939178586006
35986,0.972995877266
35991,0.791862487793
35992,0.521887242794
35993,0.769653558731
35995,0.426717102528
35998,0.899071514606
35999,0.853034317493
36001,0.954520106316
36004,0.886498689651
36006,0.746199786663
36007,0.76780462265
36011,0.798786580563
36013,0.985400855541
36014,0.940782427788
36016,0.990504086018
36017,0.874717831612
36018,0.830536186695
36019,0.944189667702
36021,0.842036783695
36023,0.971033036709
36024,0.342741072178
36026,0.915776491165
36027,0.89310836792
36028,0.65863442421
36035,0.838981091976
36037,0.934040665627
36039,0.984570920467
36040,0.994537770748
36041,0.98426014185
36043,0.847456455231
36047,0.665367782116
36048,0.956316649914
36049,0.958821237087
36053,0.965453028679
36055,0.952166318893
36056,0.853306531906
36057,0.822335124016
36058,0.900325298309
36061,0.733402788639
36063,0.711379945278
36065,0.51192265749
36068,0.902575612068
36076,0.755118846893
36077,0.937119960785
36079,0.910511672497
36080,0.796410799026
36082,0.61159992218
36083,0.944069206715
36084,0.489430069923
36086,0.451408237219
36088,0.49225845933
36090,0.828250348568
36091,0.898071467876
36092,0.890228509903
36094,0.812624275684
36097,0.762252628803
36098,0.980688214302
36099,0.939711511135
36100,0.924785196781
36105,0.845719814301
36109,0.857043683529
36110,0.919002592564
36112,0.575400650501
36115,0.805346250534
36117,0.359248816967
36118,0.968149542809
36119,0.732082664967
36120,0.737589359283
36122,0.835947453976
36124,0.746985554695
36126,0.488240361214
36127,0.96031910181
36130,0.982277870178
36131,0.807782828808
36133,0.45376086235
36134,0.896325469017
36136,0.887459099293
36138,0.800878882408
36141,0.95027923584
36142,0.83683013916
36144,0.957350671291
36145,0.632768273354
36147,0.932169556618
36148,0.9494830966
36150,0.893842577934
36151,0.749240934849
36152,0.978892087936
36156,0.956329643726
36158,0.935415387154
36159,0.764822661877
36161,0.990981996059
36162,0.657579302788
36163,0.552335441113
36164,0.943367660046
36166,0.801507651806
36167,0.961046755314
36169,0.283642619848
36171,0.989605307579
36175,0.820147037506
36176,0.718933641911
36180,0.949566781521
36185,0.0801315456629
36186,0.99437558651
36189,0.857762277126
36190,0.933219134808
36191,0.576322793961
36193,0.802595674992
36194,0.825545430183
36195,0.797158062458
36196,0.453813105822
36200,0.82910823822
36202,0.849982142448
36204,0.498439908028
36205,0.925075531006
36209,0.181346133351
36211,0.531376540661
36214,0.565754950047
36217,0.81378954649
36223,0.4974411726
36224,0.975767195225
36225,0.806668043137
36232,0.9343059659
36233,0.921513676643
36234,0.789661467075
36235,0.593371629715
36236,0.776683866978
36239,0.593971610069
36240,0.500562608242
36243,0.482683241367
36246,0.908642351627
36247,0.947739481926
36251,0.900493443012
36252,0.849624872208
36253,0.871336936951
36256,0.861492574215
36257,0.847395777702
36260,0.812260329723
36261,0.631789922714
36262,0.60051959753
36263,0.600562512875
36265,0.929211556911
36266,0.948258638382
36267,0.668626487255
36268,0.736508488655
36269,0.765399575233
36270,0.843393266201
36271,0.426790446043
36272,0.0514954440296
36275,0.797710478306
36276,0.871523201466
36277,0.877358019352
36278,0.771938383579
36280,0.594254970551
36282,0.927343666553
36284,0.945708036423
36286,0.698056399822
36288,0.853667914867
36290,0.96140062809
36291,0.907308101654
36296,0.790012359619
36298,0.808258533478
36300,0.439788460732
36302,0.628332257271
36303,0.765392899513
36304,0.960000395775
36307,0.954593002796
36309,0.945093691349
36311,0.920056402683
36313,0.667105197906
36315,0.693881809711
36316,0.787645339966
36320,0.728668987751
36322,0.707007110119
36323,0.90978038311
36329,0.544729709625
36337,0.626314401627
36338,0.77938169241
36340,0.895852148533
36342,0.965037405491
36343,0.821175158024
36345,0.797167062759
36351,0.762941539288
36352,0.598972558975
36354,0.548759281635
36355,0.720376312733
36358,0.990735411644
36360,0.429659813643
36362,0.966416478157
36363,0.685576796532
36365,0.903490185738
36367,0.879896640778
36370,0.803628921509
36372,0.838285088539
36373,0.787155151367
36376,0.941200435162
36380,0.70566624403
36381,0.666156232357
36382,0.947353303432
36384,0.936025202274
36385,0.847533345222
36386,0.89094555378
36389,0.581259906292
36394,0.853086769581
36396,0.951485455036
36397,0.499441891909
36398,0.783421218395
36399,0.956654071808
36403,0.984293043613
36405,0.883688747883
36406,0.437658399343
36409,0.604780972004
36411,0.838622868061
36412,0.225428909063
36413,0.769447922707
36414,0.858373701572
36415,0.764146864414
36418,0.834512233734
36419,0.805609285831
36420,0.919105231762
36421,0.284902721643
36422,0.924797832966
36425,0.982019603252
36429,0.697530865669
36430,0.82065474987
36431,0.74061614275
36432,0.879913151264
36434,0.741792559624
36435,0.958181202412
36437,0.57695555687
36441,0.853593230247
36442,0.793813467026
36444,0.615376114845
36445,0.969564378262
36446,0.828595519066
36447,0.981801569462
36450,0.915459394455
36451,0.751970887184
36453,0.945425152779
36454,0.908215284348
36459,0.937503635883
36461,0.128670096397
36464,0.437395691872
36469,0.932160556316
36477,0.629222393036
36478,0.667503714561
36484,0.902617037296
36486,0.992903888226
36487,0.90813356638
36489,0.897948026657
36490,0.610511422157
36491,0.473628133535
36492,0.930346190929
36493,0.845373988152
36494,0.725065290928
36495,0.64759016037
36496,0.593434035778
36497,0.922505795956
36499,0.833879947662
36503,0.533898413181
36505,0.692368507385
36507,0.952083408833
36508,0.95932662487
36509,0.865655362606
36510,0.833026051521
36512,0.575933158398
36514,0.531179428101
36516,0.905761599541
36517,0.907403051853
36519,0.628054261208
36520,0.275500059128
36521,0.803483366966
36522,0.791634619236
36524,0.939854323864
36527,0.986649334431
36528,0.749270141125
36530,0.845702946186
36532,0.943536996841
36533,0.757114887238
36536,0.916797161102
36537,0.799357831478
36538,0.913058578968
36541,0.931884288788
36548,0.978534817696
36549,0.566787779331
36553,0.964275181293
36559,0.661985695362
36560,0.935766100883
36563,0.782908856869
36564,0.840555369854
36565,0.894572377205
36568,0.826136171818
36570,0.667361915112
36571,0.703788042068
36572,0.836764633656
36573,0.508085668087
36574,0.760351061821
36575,0.938290178776
36576,0.871065378189
36579,0.760781288147
36580,0.954119563103
36583,0.79169678688
36584,0.607174992561
36586,0.922742128372
36587,0.739571273327
36588,0.833463847637
36592,0.962414324284
36593,0.684007823467
36594,0.615279912949
36597,0.986204922199
36598,0.972922742367
36599,0.848601281643
36603,0.904438972473
36609,0.533338308334
36610,0.938322126865
36614,0.845852077007
36620,0.878854572773
36621,0.979128837585
36622,0.891594231129
36623,0.559421718121
36624,0.734714746475
36626,0.762762844563
36627,0.97859954834
36628,0.781561493874
36629,0.743126213551
36631,0.65290760994
36632,0.963773429394
36633,0.716283082962
36634,0.977069199085
36637,0.750081837177
36638,0.20594188571
36641,0.879171311855
36642,0.862073302269
36643,0.82945972681
36644,0.890627264977
36645,0.861630797386
36646,0.494003027678
36647,0.475594103336
36650,0.861302316189
36652,0.824725329876
36654,0.477012753487
36655,0.547132194042
36657,0.810171186924
36659,0.97816246748
36661,0.970686852932
36662,0.827223420143
36663,0.868067979813
36665,0.769000351429
36666,0.928476631641
36667,0.842687427998
36670,0.877995073795
36671,0.957436978817
36672,0.98544716835
36674,0.944529175758
36677,0.888413488865
36682,0.93978792429
36684,0.739289402962
36687,0.955260634422
36688,0.763639271259
36689,0.897516191006
36692,0.526371836662
36693,0.691301524639
36694,0.976724624634
36695,0.867905318737
36696,0.837036788464
36697,0.872828483582
36698,0.6897803545
36701,0.980020046234
36703,0.736533463001
36704,0.270201355219
36707,0.654096901417
36709,0.935787916183
36711,0.856686413288
36713,0.754952847958
36714,0.720739841461
36715,0.513892889023
36716,0.679120182991
36718,0.488258391619
36719,0.976663053036
36720,0.97286182642
36721,0.923721313477
36722,0.592001616955
36723,0.831260085106
36724,0.66437381506
36725,0.444736897945
36728,0.351590752602
36729,0.794573366642
36730,0.955962359905
36731,0.80241972208
36732,0.386942952871
36733,0.967370808125
36736,0.918964147568
36737,0.98812431097
36739,0.900717794895
36740,0.827415168285
36741,0.972559213638
36746,0.872855901718
36750,0.932912051678
36751,0.42592844367
36756,0.776802659035
36760,0.85206335783
36764,0.808807909489
36769,0.600294411182
36772,0.805895745754
36774,0.873529553413
36777,0.673400700092
36779,0.974319577217
36781,0.978632867336
36787,0.817026436329
36789,0.62594217062
36790,0.908327281475
36791,0.516347169876
36793,0.70358133316
36796,0.876219570637
36799,0.965255498886
36803,0.609370589256
36807,0.737679004669
36809,0.719793915749
36812,0.976175248623
36822,0.846380710602
36825,0.988643586636
36826,0.974663496017
36827,0.606951653957
36828,0.982517182827
36832,0.879279255867
36842,0.65865534544
36846,0.824161052704
36847,0.567701458931
36848,0.793871641159
36849,0.849517643452
36850,0.960074543953
36851,0.930641293526
36852,0.797177791595
36853,0.419706076384
36854,0.893301546574
36855,0.971471726894
36856,0.755508363247
36857,0.982281804085
36859,0.669615149498
36860,0.686667978764
36862,0.466246545315
36868,0.468406200409
36869,0.966269850731
36870,0.869056046009
36872,0.852735221386
36875,0.603750288486
36878,0.790872454643
36880,0.661083519459
36885,0.987635552883
36897,0.724834442139
36898,0.831737458706
36899,0.711598157883
36904,0.254949450493
36905,0.977604269981
36907,0.843527793884
36908,0.881717562675
36909,0.75279790163
36911,0.80035674572
36913,0.145229533315
36914,0.746331930161
36915,0.938746094704
36917,0.812054097652
36918,0.832440197468
36919,0.826798319817
36920,0.82899081707
36921,0.787507355213
36922,0.859021186829
36923,0.819945633411
36924,0.731563091278
36925,0.848283529282
36926,0.940382540226
36931,0.949257552624
36933,0.880688488483
36935,0.61801981926
36939,0.642207920551
36940,0.610371589661
36941,0.332941949368
36948,0.925309717655
36949,0.738651633263
36952,0.681192100048
36953,0.798187375069
36954,0.781023025513
36956,0.909256219864
36962,0.931354224682
36965,0.705943882465
36966,0.831967592239
36970,0.925085127354
36971,0.904830157757
36972,0.629222154617
36973,0.823429226875
36974,0.92213767767
36976,0.900143742561
36977,0.969453334808
36978,0.77539896965
36980,0.561497211456
36981,0.952956140041
36983,0.901843070984
36984,0.64609181881
36985,0.892280101776
36986,0.786967039108
36991,0.717799246311
36992,0.0864169597626
36993,0.899532437325
36996,0.843467235565
37000,0.821504771709
37002,0.982932448387
37003,0.708965539932
37004,0.774379730225
37007,0.796524703503
37009,0.957088828087
37010,0.516765713692
37012,0.540072202682
37014,0.271853774786
37016,0.294611483812
37017,0.936465084553
37018,0.585108339787
37019,0.433621525764
37022,0.856386482716
37027,0.957224488258
37030,0.615111887455
37032,0.656010746956
37035,0.970114052296
37038,0.661690115929
37039,0.595039784908
37041,0.89360421896
37045,0.928238749504
37047,0.886375665665
37049,0.886810004711
37051,0.795898497105
37052,0.985228776932
37053,0.985652565956
37055,0.692480325699
37056,0.771416783333
37057,0.935946524143
37058,0.908008754253
37059,0.975741624832
37065,0.596758425236
37067,0.433996528387
37072,0.959776818752
37073,0.973088979721
37077,0.774937748909
37078,0.891659319401
37080,0.910470604897
37081,0.835433840752
37082,0.707670807838
37084,0.70118200779
37085,0.44930100441
37086,0.31421521306
37087,0.621685802937
37088,0.702581465244
37091,0.936624765396
37092,0.777387320995
37094,0.968598544598
37097,0.926469802856
37098,0.791510522366
37101,0.977359116077
37103,0.816102862358
37105,0.857997775078
37108,0.874594569206
37111,0.28277400136
37113,0.499698162079
37115,0.864609181881
37116,0.592722117901
37119,0.890554666519
37123,0.856812417507
37127,0.647511184216
37131,0.483613461256
37132,0.961866855621
37134,0.607257604599
37135,0.700054645538
37142,0.971760094166
37143,0.738374829292
37144,0.898427069187
37147,0.575081288815
37148,0.389424175024
37153,0.855284333229
37154,0.841073811054
37155,0.667517483234
37156,0.428057909012
37159,0.853991150856
37160,0.968108177185
37162,0.857635378838
37163,0.931048452854
37168,0.474338173866
37169,0.754400074482
37170,0.411890268326
37172,0.922100484371
37173,0.799017369747
37174,0.965967535973
37176,0.981365025043
37179,0.911825716496
37180,0.913926303387
37181,0.801243841648
37182,0.709038376808
37183,0.897263407707
37185,0.925962090492
37189,0.942145466805
37191,0.497580617666
37192,0.670402824879
37193,0.555543482304
37196,0.715519547462
37197,0.889819979668
37199,0.0903650745749
37202,0.971582591534
37205,0.617762207985
37206,0.800833106041
37207,0.435186594725
37208,0.802934587002
37210,0.966670513153
37214,0.826938509941
37217,0.813812017441
37218,0.514494538307
37219,0.847054243088
37223,0.824730992317
37225,0.924889564514
37226,0.796030819416
37227,0.880281209946
37228,0.449266731739
37229,0.691508114338
37230,0.68910753727
37231,0.499968409538
37232,0.561852574348
37233,0.941798329353
37234,0.865819990635
37238,0.811638355255
37241,0.936014413834
37242,0.978083193302
37243,0.917453944683
37244,0.730761826038
37245,0.886037051678
37246,0.839413285255
37247,0.797190487385
37250,0.647919654846
37252,0.473059117794
37254,0.752112567425
37255,0.520827889442
37257,0.589971363544
37258,0.564429998398
37259,0.599066734314
37260,0.762284815311
37263,0.765483379364
37264,0.730247497559
37266,0.912172853947
37267,0.797804296017
37268,0.584113955498
37270,0.835417211056
37271,0.719856083393
37274,0.925458371639
37276,0.919854819775
37281,0.600371003151
37282,0.570557415485
37283,0.941049575806
37285,0.59429526329
37286,0.782366514206
37287,0.967973351479
37288,0.958744943142
37292,0.823951482773
37294,0.904922425747
37295,0.894957065582
37297,0.956106185913
37299,0.90448486805
37304,0.804457366467
37305,0.894847095013
37306,0.808790504932
37308,0.796180725098
37313,0.427483946085
37314,0.872557938099
37315,0.880202114582
37316,0.800632834435
37321,0.838282048702
37323,0.831795215607
37331,0.648776233196
37332,0.689968585968
37333,0.905181825161
37334,0.804490983486
37335,0.88844281435
37336,0.656466245651
37337,0.752992928028
37339,0.868092775345
37340,0.858790934086
37341,0.942274034023
37342,0.740441441536
37345,0.943702697754
37348,0.747797191143
37350,0.947143435478
37351,0.933237910271
37353,0.670903742313
37359,0.734118998051
37362,0.874495089054
37364,0.496016949415
37367,0.849524617195
37368,0.915559113026
37369,0.983700692654
37374,0.600624918938
37376,0.971716701984
37377,0.744416713715
37379,0.93139487505
37380,0.812898516655
37382,0.896574378014
37384,0.928606450558
37385,0.552847206593
37386,0.863971173763
37387,0.950921237469
37392,0.81874281168
37395,0.788493692875
37397,0.870189785957
37398,0.772191941738
37400,0.885432124138
37402,0.803785443306
37403,0.842513024807
37404,0.449669420719
37405,0.723808467388
37406,0.907950878143
37407,0.92564624548
37410,0.382403820753
37411,0.189694076777
37412,0.903635203838
37414,0.632317245007
37415,0.583025753498
37416,0.971686124802
37417,0.894638478756
37418,0.72971868515
37421,0.429545283318
37423,0.921089410782
37426,0.870849728584
37427,0.951434195042
37428,0.664180934429
37433,0.800940811634
37436,0.36047822237
37443,0.784614443779
37444,0.87535649538
37446,0.0484360232949
37447,0.920693516731
37448,0.824182987213
37449,0.970167219639
37450,0.991176486015
37452,0.550395309925
37453,0.548188388348
37454,0.821298658848
37455,0.297577321529
37456,0.918638169765
37458,0.595736563206
37459,0.885565638542
37460,0.92158049345
37461,0.89477866888
37465,0.702797174454
37467,0.988775372505
37470,0.93072873354
37471,0.832964658737
37472,0.946774303913
37473,0.881561458111
37481,0.950129508972
37486,0.673395931721
37488,0.855230927467
37492,0.395352482796
37493,0.980464160442
37495,0.940703094006
37499,0.905691981316
37501,0.834237217903
37502,0.944874823093
37504,0.599693179131
37505,0.856219828129
37506,0.412241637707
37507,0.814061582088
37510,0.979546368122
37516,0.964874446392
37517,0.639377295971
37519,0.863066911697
37521,0.589587271214
37522,0.965641081333
37524,0.98713439703
37528,0.900476515293
37529,0.916726231575
37530,0.769528448582
37532,0.539646446705
37533,0.931827366352
37535,0.192618817091
37537,0.905002951622
37539,0.570484161377
37544,0.95501768589
37548,0.893632531166
37549,0.976589620113
37550,0.896296739578
37551,0.905880630016
37553,0.728809654713
37554,0.464436322451
37557,0.784509658813
37559,0.960136950016
37561,0.660288512707
37564,0.725419819355
37565,0.964587688446
37568,0.143789947033
37570,0.0788439586759
37573,0.912451565266
37574,0.601140737534
37575,0.891983509064
37576,0.855465292931
37580,0.774183988571
37581,0.814582884312
37583,0.643725693226
37584,0.930150210857
37585,0.926119089127
37586,0.637872457504
37589,0.899457454681
37590,0.960307836533
37592,0.87936425209
37593,0.978024363518
37595,0.651949822903
37596,0.779401659966
37597,0.988702297211
37598,0.92258900404
37601,0.588619112968
37603,0.765075802803
37609,0.979535162449
37612,0.891589581966
37614,0.893008768559
37615,0.503336071968
37618,0.354961454868
37619,0.985621750355
37620,0.866307079792
37621,0.941537976265
37622,0.965038836002
37623,0.847208440304
37624,0.939789712429
37627,0.910286128521
37629,0.76057600975
37630,0.72476619482
37634,0.772744774818
37636,0.960286080837
37640,0.749080777168
37641,0.875319242477
37642,0.863101780415
37645,0.829151690006
37646,0.947012364864
37648,0.594046115875
37649,0.956953644753
37650,0.663161456585
37651,0.56623083353
37654,0.961899697781
37657,0.945025026798
37659,0.971368730068
37661,0.932249546051
37662,0.891028285027
37663,0.620845675468
37664,0.899160385132
37665,0.959387600422
37666,0.87900274992
37667,0.247804477811
37669,0.302045375109
37670,0.929759800434
37671,0.641682326794
37672,0.59144872427
37674,0.661015212536
37675,0.69597452879
37678,0.888300418854
37680,0.273630470037
37682,0.418321251869
37683,0.0656884685159
37684,0.91500377655
37685,0.145425751805
37686,0.447785705328
37687,0.0671351626515
37689,0.661488473415
37691,0.669981479645
37692,0.926986634731
37693,0.986851036549
37694,0.666858613491
37696,0.984676659107
37703,0.954706847668
37708,0.917514741421
37714,0.604305565357
37715,0.580348074436
37716,0.912401437759
37717,0.684213340282
37718,0.859067499638
37721,0.903886973858
37726,0.835438489914
37733,0.56785595417
37735,0.438254952431
37736,0.855323970318
37739,0.341574907303
37741,0.804551482201
37744,0.877138435841
37745,0.408556222916
37748,0.947259068489
37753,0.865671932697
37756,0.96480101347
37757,0.177270695567
37759,0.642851531506
37760,0.96119427681
37762,0.660982370377
37763,0.677036225796
37764,0.921083748341
37766,0.725362062454
37767,0.100078798831
37769,0.984171926975
37770,0.965212643147
37772,0.929441034794
37775,0.846714675426
37781,0.948574304581
37787,0.99263215065
37788,0.925731241703
37790,0.433193475008
37791,0.531918644905
37792,0.961688637733
37793,0.821875691414
37794,0.816878020763
37796,0.956364095211
37799,0.544979691505
37801,0.946254849434
37808,0.810878574848
37809,0.813083946705
37810,0.687754571438
37812,0.829913496971
37815,0.977204501629
37817,0.742213368416
37818,0.749521374702
37821,0.779351890087
37822,0.737936079502
37823,0.784141600132
37824,0.973146557808
37829,0.912024080753
37830,0.76841366291
37831,0.8433380723
37832,0.792486608028
37833,0.856161236763
37835,0.412402331829
37836,0.865674257278
37837,0.683827519417
37839,0.924472212791
37840,0.751074492931
37841,0.918716371059
37843,0.916221022606
37845,0.918847978115
37846,0.922828912735
37848,0.439217329025
37852,0.971893846989
37854,0.982450902462
37859,0.779542684555
37860,0.723302900791
37861,0.809041559696
37864,0.953910827637
37868,0.679644703865
37870,0.972439587116
37872,0.990798473358
37875,0.814629495144
37877,0.871373236179
37878,0.925690591335
37879,0.439945578575
37883,0.919598937035
37888,0.408897280693
37890,0.925884068012
37891,0.922618091106
37896,0.728276908398
37897,0.935642361641
37899,0.963677346706
37900,0.772608280182
37905,0.668785393238
37907,0.877437531948
37908,0.9684856534
37910,0.669092595577
37912,0.52503746748
37914,0.465626776218
37916,0.520161509514
37917,0.901671528816
37918,0.714748084545
37922,0.856098353863
37923,0.676317751408
37924,0.984741508961
37926,0.961596131325
37927,0.894091784954
37929,0.985661804676
37930,0.916455030441
37931,0.973705351353
37938,0.656636834145
37939,0.835017383099
37943,0.602428853512
37945,0.948276638985
37946,0.0989018678665
37948,0.941775679588
37949,0.497482508421
37952,0.630568861961
37953,0.495208889246
37954,0.0565589256585
37956,0.899856567383
37957,0.733507931232
37958,0.758183956146
37959,0.9407325387
37961,0.729247331619
37962,0.0897170826793
37964,0.810355246067
37965,0.860864937305
37966,0.899742603302
37968,0.883129417896
37969,0.824202358723
37970,0.615946531296
37973,0.710158884525
37974,0.975159883499
37975,0.938958466053
37977,0.590814769268
37981,0.895028889179
37984,0.760130941868
37985,0.938632547855
37988,0.896818518639
37989,0.629353940487
37990,0.882167994976
37991,0.550181508064
37993,0.466502308846
37995,0.769156336784
37996,0.944238126278
37997,0.399191617966
37999,0.647762000561
38000,0.911111950874
38001,0.840325891972
38002,0.895333409309
38003,0.859228312969
38006,0.96516931057
38008,0.48511710763
38009,0.979248046875
38014,0.366571784019
38016,0.800689160824
38017,0.970388293266
38024,0.927532315254
38027,0.761926531792
38029,0.346349835396
38032,0.772709965706
38033,0.90421795845
38034,0.687026321888
38035,0.924449801445
38036,0.930697143078
38039,0.739809632301
38040,0.969476640224
38041,0.641274631023
38042,0.735565602779
38043,0.809809863567
38044,0.916074335575
38045,0.650610744953
38046,0.410505890846
38048,0.970754623413
38050,0.217126771808
38051,0.916851580143
38052,0.982084691525
38061,0.673631906509
38063,0.890076637268
38064,0.782223880291
38066,0.803377091885
38067,0.814712584019
38068,0.953136086464
38069,0.579769313335
38070,0.844578921795
38072,0.381540238857
38074,0.651083171368
38075,0.611047804356
38076,0.617973864079
38077,0.624474585056
38078,0.60803848505
38080,0.785158097744
38082,0.894112110138
38083,0.950203239918
38085,0.740902304649
38088,0.924311876297
38089,0.82337218523
38090,0.807852566242
38093,0.804005682468
38099,0.975094377995
38101,0.888882100582
38103,0.88489151001
38104,0.627047836781
38110,0.737540602684
38111,0.792554140091
38114,0.948785364628
38115,0.91775816679
38117,0.955087482929
38118,0.739462137222
38120,0.59022539854
38121,0.586573064327
38123,0.660430014133
38127,0.81036400795
38131,0.597942113876
38133,0.547296345234
38134,0.532487213612
38136,0.900985479355
38137,0.86501967907
38142,0.821598172188
38143,0.550955533981
38149,0.987032532692
38150,0.884661614895
38152,0.907316148281
38155,0.4184422791
38158,0.853144288063
38163,0.549481868744
38164,0.894248962402
38165,0.986505925655
38166,0.668749630451
38170,0.75989985466
38172,0.982956051826
38174,0.798679530621
38175,0.646399319172
38177,0.322051793337
38178,0.930901527405
38181,0.801195919514
38184,0.607297897339
38185,0.9176658988
38186,0.932457625866
38188,0.653102993965
38189,0.540695488453
38192,0.776127278805
38193,0.886563241482
38196,0.94149440527
38197,0.932500123978
38199,0.976832330227
38200,0.77385032177
38201,0.944659233093
38207,0.718813121319
38208,0.518110454082
38214,0.752067148685
38215,0.6235268116
38217,0.667900443077
38219,0.743581473827
38220,0.747834324837
38221,0.822222173214
38222,0.310004502535
38224,0.995248019695
38233,0.26037979126
38234,0.848556041718
38236,0.982040524483
38238,0.940173864365
38239,0.604665696621
38240,0.861087024212
38241,0.957223474979
38243,0.417694717646
38244,0.638131916523
38245,0.602798163891
38246,0.601991295815
38247,0.959270894527
38250,0.944339454174
38252,0.823956608772
38254,0.788110256195
38257,0.279159128666
38258,0.0789745151997
38259,0.953284680843
38262,0.68300640583
38263,0.958723127842
38268,0.866481840611
38272,0.899921476841
38274,0.698803365231
38282,0.836010932922
38283,0.965073943138
38284,0.52854013443
38285,0.96613329649
38286,0.903526723385
38288,0.711179375648
38291,0.831497609615
38292,0.675342082977
38293,0.265322506428
38295,0.638419747353
38296,0.715398430824
38297,0.580195188522
38299,0.860075950623
38300,0.841446399689
38302,0.97705155611
38303,0.966779768467
38305,0.846534311771
38308,0.66285777092
38311,0.329420596361
38313,0.786415755749
38315,0.875928342342
38319,0.53025919199
38321,0.909546554089
38323,0.915662944317
38325,0.8290168643
38329,0.760205209255
38330,0.813062310219
38331,0.752523541451
38335,0.563590824604
38336,0.790011107922
38342,0.560070097446
38343,0.732598125935
38344,0.993479728699
38348,0.900676190853
38349,0.878112792969
38351,0.71039712429
38352,0.897848844528
38353,0.906267940998
38357,0.520089268684
38359,0.981334269047
38361,0.381311804056
38366,0.588272333145
38367,0.848912596703
38369,0.920475900173
38370,0.97763967514
38371,0.919941723347
38372,0.96388310194
38375,0.728744089603
38376,0.783655762672
38377,0.690331280231
38378,0.527516305447
38381,0.800149559975
38382,0.677441716194
38383,0.84532481432
38384,0.743514001369
38389,0.819733977318
38391,0.713465988636
38396,0.958162486553
38398,0.698563992977
38399,0.913404941559
38401,0.8601577878
38402,0.97993850708
38404,0.794208109379
38406,0.949021816254
38408,0.869402229786
38410,0.708914101124
38412,0.742733180523
38413,0.621060311794
38415,0.987556934357
38417,0.307016283274
38420,0.795202076435
38421,0.957698762417
38422,0.768840312958
38426,0.762756288052
38427,0.97032725811
38431,0.594592571259
38433,0.20271229744
38434,0.703897297382
38436,0.854733288288
38437,0.609361290932
38438,0.99343842268
38439,0.897210538387
38441,0.942818522453
38442,0.948135852814
38443,0.851739704609
38445,0.513041317463
38446,0.965375125408
38448,0.918230235577
38450,0.737504124641
38451,0.825039386749
38455,0.541403234005
38460,0.783674240112
38461,0.989006280899
38462,0.881208777428
38463,0.815345168114
38464,0.962187349796
38465,0.682877361774
38470,0.739635705948
38471,0.965462565422
38476,0.670929968357
38478,0.9568785429
38481,0.967925190926
38482,0.877427399158
38483,0.376176297665
38489,0.980125963688
38491,0.721225321293
38493,0.777948498726
38494,0.764232456684
38495,0.972082793713
38496,0.915043354034
38498,0.960127711296
38499,0.9141664505
38501,0.683286190033
38503,0.735706984997
38504,0.7606523633
38505,0.600505769253
38507,0.678115189075
38509,0.615248382092
38511,0.983895659447
38512,0.971149086952
38514,0.4690066576
38516,0.987467646599
38517,0.992872238159
38518,0.819886028767
38523,0.885969758034
38525,0.914961516857
38526,0.884577333927
38527,0.970971226692
38529,0.80013614893
38530,0.811418294907
38533,0.759472072124
38536,0.938663542271
38537,0.898387491703
38539,0.868801891804
38540,0.733061075211
38546,0.922895133495
38547,0.735177874565
38548,0.982046663761
38549,0.809664845467
38551,0.945899426937
38552,0.838954031467
38558,0.960363149643
38559,0.705803453922
38560,0.63968616724
38562,0.821916103363
38563,0.805833101273
38565,0.985570788383
38566,0.599638342857
38567,0.662926077843
38570,0.390203207731
38574,0.746645212173
38578,0.846201598644
38579,0.952417969704
38580,0.505258917809
38587,0.785445213318
38589,0.98132610321
38592,0.915046870708
38594,0.500115692616
38596,0.890373051167
38597,0.779108464718
38599,0.953313946724
38602,0.635138452053
38603,0.895532727242
38608,0.96327984333
38611,0.462569147348
38613,0.856824100018
38614,0.988580286503
38617,0.712336719036
38618,0.776196300983
38619,0.668255329132
38620,0.3766284585
38621,0.705947697163
38625,0.757937908173
38626,0.848266303539
38634,0.947267413139
38639,0.970528841019
38640,0.892478764057
38641,0.711928963661
38643,0.528617918491
38649,0.834909915924
38653,0.659816145897
38657,0.696715474129
38660,0.482673197985
38661,0.847943007946
38662,0.841953277588
38663,0.816025137901
38664,0.492860853672
38665,0.86305719614
38667,0.961120843887
38671,0.965444564819
38674,0.646151304245
38675,0.98041510582
38676,0.640218555927
38677,0.614307105541
38678,0.715047955513
38679,0.811786830425
38680,0.899056613445
38681,0.952235162258
38684,0.262668997049
38685,0.829839110374
38686,0.77002799511
38687,0.990830540657
38688,0.485489934683
38689,0.440742373466
38691,0.910859882832
38692,0.816249251366
38693,0.883667707443
38695,0.539647698402
38696,0.953097641468
38697,0.91738140583
38700,0.927952289581
38703,0.38987249136
38704,0.824517667294
38706,0.979161322117
38707,0.967467844486
38708,0.0819572508335
38711,0.395689368248
38712,0.579213678837
38713,0.835646510124
38714,0.825244665146
38715,0.52397185564
38716,0.909516096115
38717,0.762174487114
38718,0.525213301182
38723,0.988382279873
38724,0.960866332054
38725,0.637100934982
38726,0.927788376808
38727,0.850489735603
38728,0.909130871296
38730,0.945271015167
38733,0.958050966263
38737,0.986208319664
38738,0.940713763237
38739,0.625498712063
38742,0.976645112038
38744,0.688083231449
38745,0.857965648174
38746,0.796422123909
38748,0.684453427792
38749,0.647593319416
38752,0.814517378807
38755,0.83013600111
38756,0.972037494183
38757,0.932313799858
38759,0.740436553955
38760,0.987331807613
38761,0.544948577881
38762,0.53890556097
38765,0.710615575314
38766,0.939707815647
38768,0.978651702404
38772,0.854380726814
38779,0.686499536037
38780,0.957962751389
38785,0.531048357487
38787,0.428121834993
38788,0.84137737751
38790,0.954907476902
38797,0.834969997406
38799,0.839794337749
38800,0.551275074482
38801,0.952164769173
38802,0.975058972836
38803,0.95648753643
38807,0.941641509533
38810,0.850704669952
38813,0.670669615269
38814,0.946136415005
38817,0.916256844997
38819,0.899527728558
38820,0.959698915482
38821,0.924338519573
38824,0.893301069736
38825,0.324140012264
38826,0.399506598711
38828,0.792592942715
38833,0.833530962467
38841,0.828057408333
38844,0.236285239458
38845,0.924038469791
38847,0.139194950461
38848,0.986757040024
38850,0.733932673931
38852,0.921547472477
38853,0.846643209457
38855,0.738845407963
38856,0.985039591789
38857,0.937851727009
38859,0.863003790379
38863,0.285276561975
38865,0.358421951532
38869,0.868088841438
38874,0.708451330662
38875,0.932370364666
38876,0.604645609856
38877,0.752374053001
38878,0.626354038715
38879,0.991692066193
38880,0.975610435009
38882,0.928114414215
38883,0.820819497108
38884,0.924708843231
38885,0.918555915356
38887,0.834199845791
38888,0.58318734169
38891,0.782484948635
38898,0.986913740635
38899,0.609793365002
38900,0.755553126335
38902,0.925929665565
38903,0.80803000927
38905,0.604407668114
38907,0.466214507818
38909,0.91827327013
38912,0.495154827833
38914,0.993254899979
38915,0.703532516956
38916,0.726606786251
38918,0.592319250107
38921,0.837824642658
38922,0.959744691849
38923,0.976658165455
38925,0.861168265343
38926,0.79580271244
38927,0.862344324589
38928,0.312058091164
38929,0.757553696632
38930,0.716992557049
38932,0.989120125771
38934,0.98164588213
38935,0.86692327261
38936,0.688975632191
38938,0.70556551218
38940,0.776451349258
38943,0.63059180975
38945,0.883623659611
38946,0.74702745676
38949,0.759430170059
38950,0.871080160141
38951,0.882865071297
38953,0.929754972458
38954,0.956354498863
38957,0.913031458855
38958,0.929772853851
38960,0.948302090168
38961,0.823960244656
38962,0.876432418823
38963,0.575631439686
38965,0.966143667698
38966,0.899195551872
38971,0.869275331497
38972,0.802054584026
38973,0.941066682339
38974,0.783454120159
38976,0.804415285587
38982,0.847557485104
38983,0.103067047894
38984,0.909209728241
38988,0.963234424591
38989,0.680792868137
38991,0.867653787136
38994,0.963092505932
38995,0.397346556187
39000,0.9874740839
39001,0.618881464005
39002,0.645992279053
39006,0.323354661465
39008,0.477958858013
39012,0.914767146111
39013,0.954176008701
39022,0.971014857292
39023,0.236050963402
39024,0.95542049408
39025,0.730329394341
39026,0.762699782848
39027,0.777719318867
39028,0.929540216923
39031,0.69481664896
39034,0.976526856422
39037,0.901255726814
39038,0.559905469418
39041,0.963985860348
39044,0.982458055019
39049,0.864835202694
39050,0.893908560276
39051,0.416203916073
39052,0.831013560295
39053,0.973440170288
39055,0.659493148327
39057,0.667720615864
39061,0.717496991158
39062,0.742824137211
39066,0.927442491055
39067,0.929195702076
39070,0.967378020287
39073,0.960458517075
39075,0.820204675198
39076,0.931024372578
39077,0.764618694782
39079,0.992654681206
39080,0.955382287502
39082,0.978732764721
39084,0.47518247366
39086,0.654723465443
39087,0.762761473656
39090,0.824223339558
39093,0.953321099281
39097,0.887523472309
39099,0.650819242001
39104,0.698465466499
39106,0.350817799568
39109,0.896719157696
39112,0.890336334705
39113,0.220718637109
39115,0.843611657619
39118,0.488549619913
39119,0.799606621265
39120,0.959876477718
39121,0.71953099966
39123,0.728839933872
39124,0.840660810471
39126,0.917379677296
39130,0.598601043224
39131,0.775176584721
39133,0.879355192184
39135,0.865688502789
39136,0.52319842577
39141,0.934888839722
39142,0.82594794035
39146,0.99229490757
39147,0.948217570782
39151,0.798109233379
39152,0.711086511612
39156,0.741538226604
39160,0.936489462852
39162,0.958212256432
39167,0.634379327297
39168,0.0753304585814
39171,0.842911601067
39172,0.70096796751
39176,0.581517398357
39177,0.954763770103
39178,0.926639020443
39181,0.881939768791
39182,0.775598406792
39184,0.115639984608
39185,0.922706007957
39193,0.882941126823
39197,0.954146504402
39198,0.786900281906
39199,0.911914646626
39202,0.842603623867
39203,0.928068697453
39205,0.20135641098
39208,0.957284092903
39209,0.713629305363
39211,0.35425901413
39212,0.854022860527
39214,0.856157422066
39215,0.973880708218
39216,0.981306433678
39222,0.817193388939
39223,0.844938874245
39224,0.540969312191
39227,0.486469954252
39228,0.659866631031
39230,0.818702876568
39233,0.863253414631
39235,0.768431246281
39236,0.909827411175
39237,0.941925108433
39239,0.978954255581
39240,0.658209621906
39243,0.750229597092
39244,0.957990109921
39245,0.881595313549
39246,0.873309612274
39247,0.846958398819
39250,0.979057788849
39251,0.974503755569
39252,0.978818058968
39254,0.868888020515
39255,0.981792271137
39259,0.788854956627
39260,0.944097459316
39263,0.983479619026
39264,0.841264545918
39265,0.934549927711
39266,0.730329573154
39268,0.21179318428
39270,0.858176350594
39272,0.622088909149
39274,0.438308924437
39275,0.679836034775
39276,0.181617170572
39277,0.867204666138
39278,0.497436255217
39279,0.608166456223
39280,0.615912735462
39281,0.930110812187
39282,0.970562875271
39283,0.94287109375
39286,0.790104031563
39290,0.822106897831
39291,0.808821201324
39294,0.499816715717
39295,0.789911925793
39301,0.969904601574
39305,0.854067146778
39309,0.957082748413
39310,0.449594885111
39315,0.970254957676
39316,0.912990510464
39319,0.931664645672
39322,0.774517714977
39323,0.863271355629
39324,0.646326601505
39325,0.945559561253
39326,0.867678582668
39329,0.906886518002
39331,0.97809201479
39333,0.981030583382
39334,0.933417618275
39336,0.734216272831
39339,0.725158035755
39341,0.946010410786
39344,0.801065504551
39345,0.839198052883
39346,0.746129870415
39347,0.746317028999
39349,0.920956492424
39350,0.919436752796
39351,0.892631709576
39354,0.850205421448
39355,0.472640246153
39356,0.902748405933
39358,0.678136348724
39360,0.693643808365
39361,0.793690919876
39362,0.529748082161
39363,0.864377379417
39368,0.781769156456
39371,0.731034517288
39377,0.806808888912
39381,0.944413900375
39383,0.480128198862
39384,0.792898476124
39385,0.797894954681
39388,0.400852948427
39390,0.163881853223
39391,0.970962226391
39393,0.984313726425
39394,0.568861961365
39395,0.960662007332
39396,0.487399309874
39398,0.622098267078
39399,0.983445703983
39401,0.959618508816
39403,0.926969528198
39404,0.779091536999
39407,0.621029138565
39412,0.836990058422
39413,0.796882390976
39414,0.952511847019
39415,0.764726996422
39420,0.784858286381
39421,0.973726034164
39422,0.917987883091
39423,0.857745528221
39429,0.85225725174
39431,0.97685277462
39432,0.567270517349
39433,0.9457218647
39434,0.8908239007
39437,0.359635144472
39439,0.981031239033
39440,0.809455990791
39443,0.726549088955
39444,0.87087148428
39445,0.961968004704
39446,0.705152213573
39447,0.526728391647
39449,0.869541168213
39450,0.920304834843
39451,0.626149117947
39452,0.704250574112
39454,0.885611355305
39455,0.752991855145
39456,0.0877851769328
39457,0.493951767683
39459,0.428334444761
39460,0.861550688744
39462,0.789201557636
39466,0.860851049423
39467,0.32938978076
39471,0.634315133095
39472,0.906517267227
39474,0.882000625134
39476,0.716943204403
39477,0.789525508881
39478,0.289802759886
39480,0.957893192768
39483,0.855096340179
39485,0.72044891119
39490,0.956247210503
39491,0.924840211868
39493,0.758271157742
39495,0.832455217838
39496,0.152357235551
39501,0.440691381693
39503,0.528445363045
39504,0.941458106041
39505,0.349623292685
39506,0.614755511284
39507,0.790333747864
39508,0.425411254168
39510,0.880449831486
39511,0.875766813755
39523,0.762417733669
39525,0.653246641159
39526,0.963650882244
39527,0.909828901291
39528,0.987648904324
39529,0.917113184929
39532,0.49650812149
39534,0.827736377716
39535,0.909829199314
39536,0.921452522278
39539,0.464884370565
39540,0.884141325951
39543,0.914589464664
39545,0.430816411972
39546,0.833309233189
39547,0.265055567026
39548,0.531090915203
39550,0.924045801163
39551,0.656555831432
39556,0.856383800507
39561,0.676214635372
39562,0.375213652849
39564,0.851291894913
39568,0.958246648312
39569,0.768112301826
39571,0.697814941406
39572,0.98518371582
39574,0.88855278492
39576,0.822644233704
39577,0.984996914864
39581,0.656526982784
39582,0.758316934109
39584,0.152692571282
39585,0.657276272774
39586,0.64736354351
39588,0.642221748829
39590,0.702642500401
39591,0.919887959957
39592,0.866715371609
39597,0.651668488979
39599,0.911203622818
39600,0.715924143791
39602,0.978174805641
39603,0.888280153275
39604,0.991083741188
39605,0.967893481255
39608,0.530387043953
39613,0.901356995106
39614,0.987536847591
39618,0.529133081436
39621,0.979681611061
39622,0.795393407345
39625,0.668039977551
39629,0.647399008274
39631,0.658711135387
39633,0.664206802845
39634,0.56998616457
39635,0.890554845333
39636,0.973046004772
39637,0.880605757236
39639,0.29972204566
39640,0.956877470016
39644,0.651024878025
39645,0.655611872673
39646,0.857238352299
39647,0.958190023899
39648,0.698447465897
39650,0.817663908005
39651,0.800595939159
39653,0.857309937477
39655,0.521234631538
39660,0.668754696846
39661,0.619101881981
39662,0.968673944473
39663,0.65106087923
39666,0.852496802807
39667,0.854157149792
39668,0.652305901051
39669,0.733299553394
39670,0.551017165184
39671,0.72657340765
39672,0.860880196095
39673,0.947574913502
39674,0.705280184746
39675,0.888204455376
39676,0.803692936897
39677,0.740719377995
39678,0.976156175137
39683,0.823725998402
39686,0.766865134239
39687,0.899603784084
39688,0.987845718861
39689,0.832593142986
39698,0.704086661339
39700,0.960456192493
39701,0.841052174568
39702,0.749766409397
39704,0.788194537163
39705,0.536411643028
39709,0.871522307396
39710,0.820074379444
39711,0.991200864315
39713,0.448650896549
39718,0.692947328091
39719,0.72195982933
39720,0.847471952438
39722,0.862378537655
39723,0.966791570187
39724,0.863951861858
39733,0.663444578648
39735,0.97556245327
39736,0.409191101789
39737,0.550240039825
39740,0.921594977379
39743,0.854661345482
39745,0.851676821709
39748,0.502298057079
39749,0.879377782345
39754,0.957607924938
39755,0.894135713577
39758,0.904994249344
39759,0.849939405918
39760,0.820846498013
39761,0.858774662018
39763,0.947851896286
39765,0.769126355648
39766,0.699371039867
39767,0.888859510422
39772,0.628750324249
39773,0.950286030769
39774,0.79722827673
39776,0.581100940704
39778,0.453719586134
39779,0.809303283691
39781,0.855561733246
39782,0.920961797237
39785,0.836968421936
39788,0.777615487576
39789,0.830686092377
39790,0.918077588081
39791,0.946978569031
39793,0.922536194324
39795,0.809106111526
39796,0.926973223686
39799,0.97077101469
39800,0.730274379253
39802,0.953851282597
39804,0.968011081219
39807,0.664862155914
39808,0.947632014751
39809,0.231625795364
39810,0.527274370193
39812,0.506367683411
39813,0.942328870296
39814,0.826153755188
39824,0.475985527039
39825,0.649219989777
39826,0.629431188107
39827,0.778604567051
39828,0.818411409855
39830,0.78787702322
39831,0.815139830112
39835,0.787831544876
39836,0.924594044685
39837,0.796311438084
39839,0.982016861439
39840,0.084332883358
39844,0.903879463673
39846,0.965334177017
39847,0.869166016579
39849,0.417868703604
39850,0.700425684452
39854,0.225964069366
39855,0.943528592587
39856,0.468501001596
39857,0.963076233864
39859,0.391608178616
39862,0.560808479786
39866,0.816296577454
39869,0.541728138924
39871,0.979660689831
39873,0.884981811047
39874,0.630484640598
39881,0.90696823597
39882,0.851012587547
39883,0.789938807487
39888,0.869325339794
39889,0.717600405216
39890,0.863818526268
39892,0.759051561356
39893,0.598610520363
39895,0.691329598427
39897,0.971699297428
39899,0.692900896072
39900,0.602598011494
39902,0.380125284195
39904,0.931476593018
39906,0.812878727913
39907,0.752064585686
39908,0.781344234943
39909,0.876921832561
39910,0.916655898094
39911,0.486379861832
39913,0.868922770023
39917,0.779836416245
39919,0.680371940136
39920,0.899962007999
39922,0.975863873959
39923,0.909587681293
39924,0.713167786598
39928,0.661429703236
39933,0.957654058933
39934,0.86912637949
39937,0.903241097927
39939,0.575660049915
39940,0.869297504425
39941,0.504367828369
39943,0.868850231171
39946,0.630979001522
39949,0.865334391594
39951,0.886165201664
39952,0.724870860577
39954,0.911048352718
39956,0.650748252869
39958,0.95549929142
39959,0.380422830582
39964,0.816966593266
39969,0.821139752865
39971,0.851387321949
39972,0.89474850893
39975,0.936413109303
39976,0.915652453899
39977,0.773569643497
39980,0.924398362637
39981,0.8811429739
39984,0.962939143181
39985,0.771914660931
39986,0.809626460075
39987,0.975019752979
39989,0.946849107742
39990,0.981729447842
39991,0.753336071968
39992,0.463066458702
39994,0.882018983364
39995,0.91846549511
39996,0.88678085804
40002,0.900175452232
40003,0.811784684658
40004,0.850582778454
40005,0.985279560089
40006,0.913274407387
40007,0.550949752331
40008,0.460253715515
40009,0.941146075726
40010,0.358752995729
40012,0.763276100159
40014,0.819195270538
40016,0.81966650486
40018,0.463692426682
40019,0.92954313755
40023,0.935420930386
40024,0.687723875046
40027,0.93456107378
40030,0.628519654274
40031,0.865779995918
40034,0.710524022579
40036,0.842778027058
40038,0.861864805222
40039,0.93021696806
40041,0.805811464787
40049,0.783895611763
40050,0.787352204323
40053,0.956942856312
40054,0.932713389397
40059,0.760284483433
40060,0.681654572487
40061,0.921143829823
40062,0.870196402073
40063,0.805033385754
40064,0.976450800896
40065,0.675830125809
40066,0.859393358231
40069,0.900349318981
40071,0.983899116516
40072,0.781193733215
40073,0.990707993507
40074,0.64714550972
40075,0.70304697752
40077,0.796237051487
40080,0.806654453278
40081,0.907615363598
40084,0.74858289957
40085,0.934275984764
40087,0.605408847332
40089,0.765879929066
40092,0.952441632748
40093,0.788816988468
40094,0.931748092175
40096,0.667244970798
40100,0.864729881287
40102,0.746730685234
40103,0.843031287193
40108,0.470685869455
40111,0.86856341362
40113,0.485862016678
40115,0.580709457397
40116,0.882142901421
40121,0.929795444012
40122,0.984404027462
40127,0.96354663372
40128,0.731380224228
40131,0.960500299931
40133,0.817506313324
40134,0.775848984718
40142,0.804190695286
40143,0.902437210083
40147,0.872631549835
40148,0.980313718319
40152,0.728133738041
40153,0.895653188229
40155,0.623169243336
40157,0.694578766823
40159,0.64320653677
40160,0.221720665693
40164,0.487972766161
40167,0.968670845032
40168,0.984614670277
40171,0.638966262341
40173,0.730615139008
40175,0.85360199213
40177,0.87053912878
40178,0.867082893848
40180,0.965840518475
40182,0.57133102417
40183,0.451920300722
40184,0.959571540356
40185,0.955604612827
40187,0.818279266357
40188,0.971157491207
40191,0.862112402916
40193,0.840787708759
40194,0.717011749744
40197,0.921579897404
40198,0.851958453655
40199,0.778098881245
40200,0.974325358868
40201,0.912981450558
40202,0.779679834843
40203,0.856502532959
40204,0.476439923048
40205,0.736611783504
40206,0.599108219147
40208,0.863768219948
40211,0.758013427258
40215,0.917032718658
40218,0.863021612167
40220,0.734762787819
40221,0.604524850845
40222,0.772321105003
40223,0.914092838764
40224,0.917671442032
40225,0.696927726269
40229,0.891995429993
40233,0.978887557983
40234,0.627601623535
40236,0.978740513325
40237,0.731525063515
40238,0.981313347816
40246,0.961656093597
40248,0.775755345821
40250,0.731028020382
40252,0.63032579422
40253,0.907709062099
40254,0.89390951395
40257,0.934531927109
40260,0.968805611134
40261,0.948566257954
40262,0.607171475887
40266,0.412599146366
40270,0.778449833393
40272,0.719260573387
40274,0.585920333862
40277,0.908480167389
40281,0.921186983585
40282,0.74033343792
40285,0.725571274757
40286,0.700616300106
40287,0.879656374454
40289,0.514512896538
40290,0.980076253414
40294,0.254717051983
40295,0.971468925476
40296,0.942844927311
40301,0.74195432663
40302,0.891134381294
40303,0.664108514786
40305,0.83221167326
40306,0.88979780674
40307,0.675328433514
40309,0.683074951172
40310,0.375638127327
40311,0.496866196394
40312,0.823019146919
40313,0.297701895237
40317,0.347384363413
40318,0.441360592842
40320,0.932953834534
40322,0.84106194973
40324,0.970329284668
40327,0.465158760548
40331,0.898294687271
40332,0.765878140926
40333,0.89296746254
40334,0.88744944334
40336,0.978547155857
40342,0.79243093729
40343,0.858235180378
40344,0.313593775034
40345,0.898450255394
40347,0.681361138821
40351,0.830396234989
40353,0.756181120872
40356,0.767954409122
40361,0.928570687771
40362,0.865797221661
40363,0.767296910286
40364,0.594357073307
40366,0.442839562893
40368,0.939785182476
40370,0.956690311432
40371,0.885004758835
40372,0.387587875128
40374,0.828513920307
40379,0.586091995239
40388,0.336724191904
40391,0.695668578148
40392,0.795531213284
40393,0.795001924038
40394,0.681853592396
40395,0.952774524689
40396,0.973609983921
40400,0.811280608177
40403,0.72278958559
40405,0.370900064707
40408,0.979447484016
40409,0.785674393177
40410,0.906574487686
40413,0.39319524169
40414,0.6163367033
40415,0.982970714569
40417,0.77816849947
40418,0.888727843761
40424,0.696642458439
40425,0.739669382572
40428,0.749933123589
40430,0.899440526962
40432,0.916724443436
40433,0.861497163773
40434,0.69953161478
40438,0.981758594513
40440,0.721950769424
40441,0.83439385891
40442,0.200900241733
40443,0.786352455616
40445,0.775393188
40448,0.845023393631
40449,0.814877986908
40453,0.919266164303
40455,0.866725027561
40457,0.92551022768
40459,0.985032856464
40460,0.727944254875
40462,0.614219009876
40463,0.98586243391
40465,0.891903340816
40469,0.792436599731
40473,0.907445847988
40474,0.929651200771
40475,0.96303665638
40477,0.661691367626
40479,0.441941678524
40482,0.551674425602
40483,0.916111946106
40484,0.735080957413
40486,0.960071980953
40489,0.866216599941
40490,0.671545863152
40493,0.735671639442
40494,0.0888293236494
40496,0.915200889111
40497,0.907365620136
40498,0.947233200073
40503,0.206329330802
40506,0.960175275803
40508,0.945263028145
40509,0.883182406425
40510,0.923494458199
40515,0.922364711761
40518,0.929915189743
40520,0.932793080807
40522,0.888230979443
40525,0.898612499237
40528,0.949667870998
40530,0.61524361372
40531,0.946923077106
40532,0.910387694836
40533,0.257127910852
40534,0.725617587566
40536,0.937998533249
40537,0.897234916687
40539,0.903962254524
40541,0.863019645214
40543,0.552980840206
40546,0.912814557552
40548,0.589815795422
40549,0.858444750309
40551,0.740823626518
40552,0.540952205658
40555,0.840521275997
40556,0.802590370178
40557,0.991351604462
40558,0.826850771904
40560,0.875873029232
40564,0.764375329018
40565,0.870832622051
40566,0.284220039845
40567,0.804219543934
40568,0.82018584013
40569,0.695018947124
40571,0.791056931019
40572,0.971650660038
40573,0.991061270237
40575,0.743203639984
40579,0.847461521626
40580,0.940447330475
40582,0.812019705772
40583,0.527883768082
40585,0.991729557514
40589,0.498792827129
40596,0.827984631062
40598,0.78964048624
40599,0.830443441868
40600,0.147487089038
40604,0.922029495239
40606,0.881118476391
40607,0.685399413109
40609,0.959483206272
40610,0.801713705063
40611,0.854410707951
40612,0.424216747284
40615,0.759278655052
40617,0.637196719646
40619,0.890110313892
40620,0.712374091148
40625,0.991139471531
40626,0.57092154026
40627,0.983944356441
40628,0.891015768051
40632,0.822922408581
40635,0.766167998314
40639,0.87963539362
40641,0.730107963085
40642,0.785155177116
40643,0.942050158978
40644,0.844976842403
40646,0.794559717178
40647,0.974958837032
40653,0.596481978893
40656,0.302941560745
40658,0.529223799706
40661,0.709613621235
40662,0.950115203857
40664,0.937678337097
40665,0.887707054615
40667,0.944667756557
40669,0.745071232319
40671,0.956448733807
40674,0.983002483845
40675,0.949229955673
40676,0.933186769485
40677,0.91718941927
40678,0.806809186935
40679,0.867062687874
40686,0.956234157085
40691,0.692764878273
40694,0.913373231888
40697,0.292896211147
40698,0.762897968292
40701,0.819308817387
40702,0.817192912102
40705,0.931392610073
40706,0.996239066124
40709,0.974485516548
40710,0.781004190445
40713,0.934764742851
40714,0.734383165836
40717,0.764324188232
40718,0.934453308582
40724,0.877305626869
40727,0.941346287727
40728,0.888425171375
40735,0.743653893471
40737,0.774826347828
40739,0.578623592854
40741,0.919189631939
40742,0.859659075737
40745,0.677861630917
40746,0.582809567451
40747,0.940964400768
40749,0.935623109341
40751,0.975149452686
40752,0.93927282095
40753,0.842915296555
40754,0.750521600246
40756,0.813613474369
40758,0.751797020435
40761,0.486149340868
40764,0.956508278847
40766,0.555604040623
40767,0.965684533119
40773,0.923783183098
40774,0.804719924927
40777,0.682726562023
40779,0.817356944084
40782,0.85578006506
40783,0.776829361916
40786,0.738209366798
40787,0.867501020432
40789,0.816566467285
40794,0.579533159733
40795,0.954285204411
40796,0.588720262051
40797,0.83028036356
40799,0.620430350304
40800,0.954349935055
40802,0.929271280766
40804,0.809375107288
40805,0.862236022949
40806,0.655765235424
40807,0.659190833569
40810,0.768776655197
40814,0.939330875874
40816,0.701801240444
40817,0.935376167297
40822,0.969622194767
40825,0.864370882511
40826,0.696591079235
40828,0.878505289555
40829,0.978276431561
40830,0.835118412971
40835,0.85180670023
40837,0.714478671551
40838,0.884112894535
40840,0.500155389309
40842,0.895898222923
40843,0.647551953793
40850,0.894009649754
40852,0.984545946121
40853,0.961621284485
40858,0.695237159729
40859,0.827187359333
40861,0.952550470829
40862,0.924251139164
40863,0.477418065071
40865,0.94063603878
40870,0.941256284714
40872,0.892206370831
40880,0.736089706421
40881,0.106103114784
40884,0.734527051449
40886,0.83077788353
40889,0.746291220188
40891,0.492248177528
40895,0.829276502132
40896,0.980871260166
40897,0.581240177155
40900,0.616243720055
40901,0.630376935005
40904,0.564082860947
40908,0.401830673218
40909,0.975522637367
40910,0.914954662323
40911,0.879372358322
40913,0.98550593853
40914,0.867032885551
40917,0.947838962078
40919,0.734366476536
40921,0.3692497015
40924,0.894583821297
40925,0.635049641132
40926,0.893049240112
40927,0.389307886362
40928,0.336628437042
40929,0.470010221004
40931,0.667691290379
40932,0.690410196781
40934,0.970824241638
40936,0.839682340622
40937,0.925386190414
40938,0.805415451527
40944,0.932329535484
40946,0.61828494072
40949,0.751918315887
40950,0.942875444889
40951,0.975782394409
40953,0.903960883617
40954,0.182316511869
40956,0.629766941071
40957,0.905952751637
40959,0.98402184248
40960,0.710168123245
40963,0.955217242241
40964,0.813850104809
40965,0.96044164896
40967,0.377488404512
40969,0.742134332657
40970,0.779673278332
40971,0.694832444191
40972,0.806646406651
40973,0.810127139091
40976,0.757878780365
40979,0.886808872223
40981,0.590878725052
40982,0.340232789516
40984,0.783017396927
40990,0.722200214863
40992,0.40041783452
40995,0.88865685463
40998,0.867134749889
41002,0.837614536285
41004,0.986145615578
41005,0.882757902145
41008,0.519186198711
41010,0.980285406113
41012,0.847733259201
41014,0.95136654377
41015,0.874549329281
41017,0.812859117985
41019,0.967284083366
41021,0.884483516216
41022,0.987668812275
41023,0.288694739342
41025,0.964213907719
41027,0.921112060547
41028,0.328615427017
41030,0.832034647465
41031,0.763259887695
41034,0.83801484108
41035,0.807909548283
41036,0.933393597603
41039,0.850430130959
41041,0.954133570194
41042,0.871836066246
41044,0.746558129787
41046,0.898999869823
41048,0.907520055771
41049,0.964365780354
41050,0.806013345718
41052,0.927142798901
41057,0.927838683128
41058,0.748949170113
41060,0.797734260559
41061,0.833248019218
41065,0.984280705452
41067,0.914174318314
41068,0.856238424778
41072,0.877313613892
41073,0.961132764816
41077,0.870458245277
41079,0.709917783737
41081,0.66230660677
41083,0.934728085995
41084,0.907044410706
41085,0.909128427505
41090,0.734743475914
41091,0.722731769085
41093,0.957471728325
41094,0.38311368227
41095,0.412123203278
41096,0.933310806751
41099,0.899959206581
41100,0.840760946274
41103,0.866973340511
41104,0.668115794659
41105,0.986742734909
41106,0.886954843998
41107,0.898389339447
41112,0.705328524113
41118,0.958943784237
41119,0.784081399441
41124,0.701136887074
41125,0.719184756279
41127,0.954686939716
41130,0.291084080935
41131,0.936817348003
41134,0.862638771534
41135,0.958681821823
41136,0.807155489922
41139,0.433259755373
41142,0.849107146263
41143,0.975669264793
41144,0.915011227131
41145,0.978154599667
41148,0.855338454247
41149,0.987871527672
41150,0.803568780422
41156,0.67252612114
41158,0.786339461803
41159,0.742233157158
41161,0.687967717648
41162,0.639907896519
41164,0.879917144775
41171,0.77415561676
41178,0.759081482887
41183,0.914933502674
41184,0.799894452095
41186,0.543442845345
41187,0.884719789028
41191,0.502396404743
41193,0.82606035471
41195,0.968211889267
41199,0.727312743664
41202,0.631756305695
41205,0.508562743664
41207,0.948443353176
41209,0.792958915234
41211,0.821561694145
41213,0.85118830204
41215,0.653322041035
41216,0.494365721941
41217,0.966405212879
41220,0.96432441473
41221,0.954239606857
41222,0.88861232996
41223,0.902826011181
41226,0.704393684864
41230,0.838783144951
41235,0.708971381187
41237,0.246649250388
41241,0.56609416008
41242,0.935865521431
41245,0.890094280243
41247,0.815183460712
41248,0.594340324402
41249,0.68156760931
41254,0.983222544193
41256,0.97478556633
41259,0.913278281689
41260,0.894440233707
41261,0.740067005157
41262,0.987397491932
41264,0.84116178751
41265,0.917185902596
41274,0.853789329529
41277,0.827571868896
41278,0.852959096432
41282,0.950646042824
41283,0.976885557175
41285,0.594800651073
41287,0.886241972446
41289,0.735472857952
41290,0.977737665176
41293,0.840213060379
41294,0.765910983086
41296,0.963756501675
41297,0.799785614014
41299,0.944782733917
41301,0.874315261841
41302,0.938014864922
41306,0.790813863277
41309,0.645161569118
41310,0.759200751781
41312,0.794095933437
41313,0.946916997433
41314,0.624528050423
41315,0.806263923645
41316,0.959157466888
41318,0.992654919624
41319,0.698151409626
41320,0.948913276196
41321,0.798193693161
41322,0.656637966633
41323,0.899349331856
41326,0.823595225811
41327,0.201607480645
41329,0.959322094917
41332,0.645101487637
41336,0.56406545639
41337,0.768757581711
41341,0.550137221813
41342,0.735785603523
41343,0.982501745224
41344,0.567428708076
41346,0.921303749084
41349,0.987813711166
41351,0.949169397354
41352,0.944237649441
41353,0.885095536709
41354,0.364848792553
41357,0.926023304462
41358,0.668296515942
41359,0.967208147049
41361,0.831634402275
41362,0.901879251003
41364,0.766656398773
41365,0.929572582245
41368,0.882643997669
41369,0.164554432034
41371,0.71891862154
41372,0.816199183464
41376,0.741515398026
41377,0.831186711788
41378,0.902351021767
41382,0.703173041344
41383,0.58354061842
41390,0.957595229149
41393,0.97235584259
41395,0.839615643024
41396,0.749046444893
41397,0.858251869678
41398,0.97322422266
41399,0.82456022501
41400,0.837551176548
41404,0.776564478874
41405,0.942124426365
41406,0.916707634926
41408,0.940816819668
41409,0.735209941864
41410,0.49033036828
41414,0.921652376652
41417,0.968451082706
41419,0.967183172703
41421,0.955857992172
41423,0.880404353142
41426,0.890291333199
41427,0.772293806076
41434,0.950175821781
41437,0.929548680782
41438,0.492403447628
41439,0.76917308569
41440,0.855541884899
41443,0.786041200161
41445,0.177953958511
41446,0.0950369164348
41448,0.748427689075
41451,0.680239200592
41452,0.713741123676
41454,0.349532514811
41456,0.799164295197
41457,0.934832692146
41458,0.829539418221
41461,0.975805997849
41462,0.769970953465
41463,0.808137536049
41465,0.207576781511
41468,0.696563243866
41469,0.294360637665
41470,0.847222149372
41471,0.960749208927
41474,0.89709854126
41478,0.985721349716
41480,0.354219347239
41481,0.862010359764
41482,0.629100978374
41483,0.95664036274
41484,0.0854530483484
41485,0.828028142452
41487,0.941260635853
41489,0.365010499954
41490,0.905533790588
41492,0.926546394825
41494,0.785009562969
41496,0.733363509178
41499,0.729219436646
41500,0.964109420776
41502,0.890025317669
41503,0.957820594311
41508,0.933718860149
41509,0.929743409157
41511,0.818976044655
41515,0.559616804123
41516,0.672145664692
41517,0.938962578773
41518,0.385224550962
41519,0.72492814064
41521,0.936293959618
41523,0.875569581985
41524,0.724872648716
41525,0.722280025482
41526,0.675581753254
41528,0.884921193123
41529,0.820908486843
41530,0.889714181423
41532,0.687868893147
41535,0.772535443306
41543,0.779530286789
41549,0.629529595375
41550,0.542042911053
41551,0.952848851681
41552,0.717986047268
41553,0.962326407433
41556,0.769319117069
41560,0.985900342464
41563,0.940745830536
41564,0.792446374893
41568,0.857550323009
41572,0.868009269238
41573,0.894683301449
41577,0.980721950531
41578,0.843607008457
41580,0.828402817249
41581,0.840654432774
41582,0.151582479477
41586,0.914728581905
41588,0.711043000221
41589,0.989029943943
41590,0.882140159607
41591,0.586422622204
41592,0.748057723045
41593,0.793054580688
41595,0.62431615591
41596,0.823267877102
41598,0.686893582344
41600,0.923313498497
41601,0.903590023518
41602,0.75105458498
41604,0.626051306725
41605,0.601503610611
41606,0.578606009483
41612,0.966318070889
41613,0.932495474815
41615,0.902379155159
41620,0.812913239002
41624,0.965773463249
41628,0.988320827484
41631,0.754417955875
41635,0.71755617857
41636,0.734866082668
41637,0.960858285427
41638,0.816127538681
41639,0.837044894695
41644,0.671129345894
41645,0.979757368565
41646,0.571163237095
41647,0.768121004105
41649,0.841159462929
41651,0.973965466022
41656,0.828474879265
41657,0.564550459385
41659,0.939154863358
41660,0.752848625183
41661,0.485144138336
41663,0.711341619492
41664,0.976119935513
41665,0.852838158607
41666,0.728911876678
41668,0.656323671341
41670,0.757786631584
41676,0.911318480968
41677,0.455072015524
41680,0.9559918046
41681,0.98434317112
41682,0.602512478828
41683,0.925617516041
41684,0.95157623291
41687,0.714425563812
41688,0.54648154974
41690,0.904511332512
41692,0.642057776451
41693,0.114058457315
41694,0.959380030632
41697,0.756352365017
41702,0.561874806881
41704,0.746374726295
41708,0.425900161266
41709,0.976576089859
41710,0.962970793247
41715,0.935097396374
41716,0.993166387081
41717,0.473951131105
41718,0.992743372917
41720,0.45834338665
41722,0.875451147556
41723,0.691033303738
41727,0.301521599293
41728,0.801573514938
41730,0.831215918064
41731,0.964050471783
41735,0.859555542469
41736,0.759725034237
41737,0.873422086239
41740,0.869206428528
41742,0.88623893261
41743,0.810418665409
41744,0.89881759882
41745,0.855400025845
41746,0.959705233574
41749,0.758409738541
41750,0.778798222542
41751,0.913588225842
41752,0.6535410285
41753,0.831609010696
41754,0.769655644894
41760,0.966757714748
41761,0.977618396282
41762,0.870388686657
41763,0.978271186352
41764,0.815660297871
41765,0.986809372902
41766,0.964156627655
41767,0.701928436756
41768,0.506313741207
41773,0.792213141918
41776,0.77656263113
41777,0.911528468132
41778,0.853860676289
41783,0.430346310139
41784,0.439090788364
41786,0.451974362135
41787,0.300286024809
41788,0.96473056078
41789,0.498344630003
41790,0.527519345284
41791,0.86972618103
41792,0.924771130085
41796,0.925848722458
41798,0.87015748024
41806,0.96929115057
41809,0.16511464119
41813,0.920169651508
41816,0.965651512146
41818,0.728731513023
41819,0.933645308018
41821,0.832651495934
41822,0.735046029091
41823,0.860958337784
41824,0.536279380322
41826,0.805419385433
41827,0.716084420681
41829,0.581318974495
41830,0.776905119419
41833,0.899809479713
41834,0.716568529606
41836,0.967818915844
41838,0.947573125362
41839,0.900513827801
41844,0.856133580208
41849,0.81406968832
41851,0.857579708099
41852,0.962454140186
41854,0.482398629189
41856,0.899417698383
41857,0.988069236279
41858,0.941904604435
41860,0.681632518768
41862,0.074765227735
41865,0.714385092258
41866,0.582387506962
41870,0.922777533531
41873,0.76682382822
41876,0.856915235519
41881,0.966101706028
41882,0.931753993034
41883,0.788709163666
41884,0.402113616467
41885,0.567030072212
41886,0.906155943871
41889,0.83905673027
41890,0.855560719967
41891,0.875385224819
41892,0.978965878487
41893,0.581826090813
41894,0.87235057354
41895,0.81729644537
41896,0.962267935276
41900,0.390220016241
41901,0.881986618042
41903,0.0437612757087
41904,0.944804251194
41906,0.956692695618
41907,0.836126744747
41908,0.949683904648
41909,0.739516794682
41910,0.9264742136
41911,0.696256935596
41919,0.7267344594
41924,0.893531024456
41925,0.888945698738
41927,0.66131401062
41928,0.607942461967
41932,0.880818486214
41933,0.941802024841
41935,0.980908751488
41936,0.287641167641
41937,0.976703584194
41939,0.82718616724
41946,0.720916867256
41947,0.941236376762
41948,0.739019632339
41950,0.601620078087
41951,0.87604123354
41952,0.437878072262
41955,0.920191764832
41957,0.163764312863
41958,0.538220643997
41962,0.616159915924
41963,0.785702884197
41964,0.99188387394
41966,0.740785062313
41968,0.976530969143
41969,0.721313178539
41971,0.932352662086
41972,0.92081540823
41974,0.645940542221
41977,0.964821398258
41979,0.902318120003
41980,0.860728383064
41981,0.946682751179
41982,0.912609517574
41984,0.918167233467
41987,0.393014788628
41988,0.748976945877
41989,0.682537019253
41990,0.650429368019
41991,0.805539667606
41992,0.838506698608
41993,0.883441567421
41994,0.972015440464
41997,0.923085331917
41998,0.894121825695
41999,0.867560684681
42001,0.889383018017
42007,0.604246675968
42008,0.950558006763
42009,0.706033587456
42013,0.811628937721
42016,0.759567320347
42018,0.817413508892
42019,0.909007072449
42020,0.864420831203
42021,0.669865369797
42022,0.982717454433
42024,0.944809019566
42025,0.593066632748
42026,0.415515989065
42027,0.913609325886
42028,0.967049300671
42029,0.700029194355
42030,0.706469893456
42031,0.613570570946
42034,0.952195465565
42038,0.96499723196
42046,0.632060408592
42049,0.778772354126
42050,0.751697301865
42051,0.757869958878
42052,0.80264288187
42054,0.824893593788
42056,0.908020555973
42059,0.808350265026
42063,0.868886053562
42064,0.953970730305
42065,0.907931685448
42068,0.938721656799
42069,0.945878744125
42070,0.101150549948
42074,0.930188596249
42077,0.961376726627
42079,0.573521792889
42080,0.949538648129
42084,0.881618320942
42086,0.948433220387
42089,0.734506607056
42091,0.596623718739
42092,0.860387504101
42093,0.778876721859
42094,0.852772653103
42096,0.324570655823
42099,0.910806775093
42100,0.649271249771
42103,0.978955984116
42106,0.559497714043
42108,0.805762648582
42109,0.527462780476
42111,0.886870265007
42114,0.930926144123
42117,0.667619645596
42118,0.936819911003
42119,0.757605075836
42121,0.840761065483
42122,0.791734933853
42130,0.912735044956
42131,0.897913038731
42132,0.702640652657
42133,0.860113859177
42134,0.95117431879
42135,0.92190682888
42138,0.985811710358
42139,0.653637230396
42140,0.669892787933
42144,0.569207251072
42146,0.91936981678
42147,0.691969096661
42149,0.736699521542
42151,0.736254394054
42152,0.708497881889
42154,0.92101252079
42155,0.813866138458
42156,0.41645309329
42158,0.937177062035
42159,0.857995569706
42163,0.955887436867
42164,0.92098647356
42165,0.539486408234
42167,0.795282185078
42169,0.976326584816
42170,0.51087898016
42172,0.841594576836
42173,0.952712714672
42174,0.56947261095
42177,0.949268698692
42178,0.810548484325
42185,0.878898143768
42194,0.73519974947
42195,0.860995709896
42197,0.51230943203
42198,0.715736150742
42199,0.649025976658
42202,0.756998002529
42204,0.928066670895
42207,0.87587583065
42210,0.960965692997
42213,0.887578547001
42214,0.959678471088
42217,0.907342493534
42219,0.925870418549
42222,0.78842908144
42224,0.664347589016
42225,0.925844728947
42228,0.799796402454
42232,0.952211141586
42235,0.801984965801
42238,0.881247222424
42242,0.976674556732
42243,0.792484164238
42244,0.798857212067
42245,0.598165631294
42247,0.880835056305
42248,0.839856028557
42249,0.707430303097
42252,0.743259251118
42253,0.84883159399
42255,0.800125062466
42261,0.449140220881
42262,0.583306133747
42263,0.597879052162
42268,0.782380521297
42270,0.969080746174
42274,0.542509555817
42275,0.638115644455
42276,0.813441097736
42277,0.576666295528
42278,0.933179080486
42279,0.694220006466
42281,0.898913741112
42283,0.511897683144
42286,0.548567652702
42289,0.605282843113
42292,0.254810243845
42293,0.787179768085
42294,0.588932931423
42296,0.77178144455
42298,0.941547036171
42300,0.24804520607
42304,0.837876975536
42305,0.408572435379
42306,0.868091702461
42308,0.718453645706
42310,0.633790910244
42313,0.66417568922
42314,0.766244232655
42317,0.768692970276
42318,0.690586805344
42319,0.663868904114
42320,0.942008018494
42323,0.808957576752
42324,0.90801024437
42325,0.727594733238
42326,0.723877668381
42329,0.768991589546
42331,0.631538152695
42332,0.577042281628
42333,0.868530869484
42334,0.688439011574
42337,0.985220789909
42338,0.860121786594
42339,0.773063242435
42341,0.634113669395
42342,0.826526165009
42344,0.81721830368
42346,0.5159060359
42347,0.848024010658
42348,0.723239481449
42349,0.979778170586
42352,0.967651426792
42354,0.832234382629
42355,0.819897890091
42356,0.530345797539
42357,0.714418411255
42361,0.474417477846
42363,0.948440134525
42365,0.880966424942
42367,0.980680644512
42370,0.865385711193
42372,0.915911197662
42374,0.738900184631
42375,0.887827992439
42376,0.86495834589
42377,0.879540622234
42378,0.988811850548
42382,0.9525629282
42384,0.963740706444
42388,0.824053645134
42390,0.641591966152
42394,0.921638190746
42397,0.974612534046
42399,0.638586640358
42403,0.638108551502
42405,0.706722974777
42409,0.729980945587
42412,0.953425109386
42417,0.663194596767
42418,0.431080162525
42421,0.643384873867
42424,0.799727141857
42428,0.909231483936
42429,0.342790037394
42431,0.548944532871
42433,0.862978279591
42437,0.775607645512
42440,0.943115532398
42442,0.936686336994
42443,0.754385948181
42445,0.867070794106
42446,0.686732947826
42450,0.973512947559
42451,0.93545871973
42454,0.92117536068
42455,0.965817630291
42456,0.907444357872
42458,0.916067302227
42459,0.920150279999
42461,0.733668446541
42463,0.284220844507
42464,0.664239645004
42465,0.942355692387
42466,0.541483640671
42467,0.779581308365
42470,0.95960777998
42473,0.96640342474
42475,0.878702282906
42478,0.951580047607
42479,0.410968601704
42480,0.876330792904
42481,0.95377266407
42482,0.917988479137
42486,0.515264987946
42487,0.959887981415
42490,0.728946566582
42494,0.803088068962
42495,0.529217064381
42496,0.401353120804
42497,0.97378718853
42498,0.864834666252
42500,0.760029315948
42501,0.560387849808
42502,0.988743782043
42505,0.717198848724
42506,0.87197381258
42507,0.981199920177
42508,0.656471371651
42509,0.655256927013
42510,0.96748393774
42511,0.95350164175
42512,0.977042019367
42516,0.974154055119
42517,0.963488399982
42518,0.975056946278
42522,0.904406189919
42524,0.585669875145
42532,0.850784778595
42533,0.960656166077
42535,0.694114089012
42536,0.690604150295
42540,0.945926308632
42541,0.603236496449
42542,0.965958058834
42546,0.673354208469
42549,0.811411738396
42550,0.664646565914
42551,0.238728225231
42555,0.754583835602
42556,0.423075199127
42557,0.695517838001
42558,0.835038900375
42559,0.87979888916
42561,0.540986895561
42564,0.921133697033
42566,0.93408113718
42568,0.981474876404
42569,0.722879528999
42570,0.643571078777
42571,0.97470074892
42573,0.831352949142
42574,0.630605518818
42575,0.712281227112
42578,0.983852088451
42579,0.839859247208
42580,0.750348985195
42582,0.823681235313
42583,0.975738227367
42587,0.938955008984
42589,0.973253369331
42591,0.857606172562
42592,0.934304594994
42593,0.779010236263
42594,0.677337348461
42595,0.601439774036
42596,0.895124077797
42598,0.586674332619
42599,0.937226057053
42600,0.933219850063
42602,0.690178990364
42603,0.975090503693
42606,0.765307188034
42607,0.972936034203
42608,0.765528857708
42612,0.522442519665
42613,0.816275417805
42616,0.961807966232
42618,0.701654314995
42620,0.832105457783
42621,0.858880460262
42622,0.832042455673
42623,0.576841413975
42624,0.920412957668
42625,0.963074684143
42627,0.426815778017
42629,0.279304742813
42630,0.824351072311
42631,0.5727211833
42632,0.373458623886
42636,0.936384499073
42637,0.944598793983
42639,0.969539284706
42644,0.874352633953
42648,0.895217776299
42649,0.892503738403
42650,0.737855494022
42651,0.651879906654
42657,0.805127620697
42659,0.703253805637
42660,0.545437037945
42662,0.897778987885
42663,0.784820258617
42665,0.968227863312
42666,0.57688575983
42669,0.246144771576
42672,0.633764266968
42674,0.774896204472
42678,0.943779468536
42683,0.747367203236
42684,0.941648721695
42687,0.562289237976
42689,0.547242283821
42690,0.124167449772
42692,0.691534161568
42694,0.801573038101
42696,0.291513770819
42697,0.887355566025
42699,0.655388951302
42700,0.922479629517
42703,0.970826983452
42705,0.809314489365
42710,0.98292517662
42711,0.982053518295
42713,0.880846440792
42716,0.815043449402
42717,0.919678449631
42719,0.848961055279
42720,0.815848171711
42721,0.858593523502
42722,0.767677307129
42723,0.916827440262
42730,0.964405596256
42733,0.979904651642
42734,0.857557058334
42735,0.763041198254
42737,0.734000205994
42738,0.787989020348
42739,0.639197707176
42740,0.896549165249
42741,0.967426896095
42744,0.969357907772
42747,0.70689624548
42748,0.754242897034
42749,0.618684053421
42750,0.837023198605
42753,0.90067499876
42755,0.657087862492
42757,0.60910910368
42758,0.960084855556
42760,0.940403521061
42761,0.80252712965
42763,0.886035621166
42764,0.401236265898
42766,0.882565557957
42768,0.524629533291
42769,0.360483258963
42770,0.659560680389
42772,0.325294226408
42773,0.736442267895
42774,0.981100797653
42775,0.969543397427
42776,0.992117226124
42778,0.833556771278
42780,0.974100887775
42781,0.454488247633
42782,0.475236415863
42785,0.713752686977
42786,0.948534190655
42787,0.937065839767
42791,0.75642991066
42793,0.868538320065
42794,0.526955962181
42796,0.976292192936
42797,0.953856170177
42798,0.90177744627
42799,0.425773561001
42804,0.663792908192
42810,0.987936198711
42814,0.996598541737
42815,0.763108611107
42816,0.895966291428
42821,0.942376315594
42824,0.726777791977
42826,0.804478824139
42828,0.461951315403
42829,0.0712285861373
42832,0.900840818882
42834,0.882880687714
42837,0.691315889359
42838,0.685673296452
42842,0.976094841957
42843,0.887998580933
42845,0.877985596657
42846,0.985582470894
42847,0.963996946812
42852,0.410793960094
42853,0.830566525459
42854,0.520674943924
42857,0.925227344036
42860,0.437862843275
42863,0.755559444427
42869,0.804962098598
42872,0.953568279743
42874,0.934030771255
42877,0.899743556976
42883,0.801317334175
42884,0.763511478901
42885,0.195743277669
42887,0.783903360367
42888,0.565818071365
42890,0.848962247372
42893,0.951297700405
42894,0.964501142502
42899,0.902261853218
42901,0.936391592026
42902,0.932075858116
42905,0.897712886333
42906,0.975192070007
42907,0.983274281025
42908,0.944654047489
42909,0.960398435593
42910,0.990259587765
42913,0.966144859791
42914,0.744588017464
42919,0.900535404682
42921,0.103566028178
42923,0.911713719368
42924,0.730422794819
42930,0.857028365135
42933,0.849859058857
42934,0.751093804836
42937,0.485292941332
42938,0.754625141621
42944,0.732449352741
42946,0.677102386951
42947,0.890311181545
42948,0.862026453018
42949,0.726636946201
42950,0.925131917
42954,0.972143530846
42955,0.979419112206
42957,0.784757137299
42960,0.576156795025
42962,0.653630673885
42971,0.347870618105
42972,0.985127270222
42974,0.937260210514
42975,0.312202364206
42977,0.919561803341
42982,0.597412407398
42983,0.48319080472
42987,0.694894433022
42989,0.632078588009
42990,0.762339293957
42991,0.921205639839
42992,0.956881642342
42993,0.761141121387
42994,0.857591032982
42995,0.564189255238
43002,0.947714984417
43005,0.98903465271
43007,0.853975236416
43011,0.727136492729
43012,0.642783224583
43013,0.839143157005
43016,0.598502576351
43017,0.972993135452
43018,0.927602171898
43019,0.625066280365
43022,0.600049436092
43025,0.771129846573
43026,0.796304225922
43031,0.621450841427
43034,0.572331905365
43035,0.947573304176
43036,0.687002301216
43039,0.978716433048
43043,0.820855677128
43046,0.834355890751
43048,0.754432797432
43049,0.897988498211
43053,0.568035244942
43058,0.911890089512
43059,0.914236903191
43061,0.7199421525
43063,0.977467358112
43064,0.937035799026
43072,0.972447216511
43078,0.952502012253
43079,0.908946692944
43080,0.956051945686
43081,0.9745246768
43082,0.540890991688
43083,0.979081392288
43084,0.704970538616
43087,0.988690495491
43088,0.949171066284
43090,0.921079099178
43093,0.857846856117
43098,0.78685426712
43101,0.655127942562
43102,0.95024895668
43103,0.939140617847
43104,0.718091547489
43109,0.873927593231
43110,0.761443316936
43111,0.429052859545
43112,0.573579728603
43118,0.612346529961
43120,0.859711885452
43123,0.819026172161
43125,0.987530112267
43127,0.982416749001
43128,0.706625699997
43129,0.738746464252
43131,0.791733503342
43132,0.993383347988
43133,0.980113685131
43134,0.898013472557
43135,0.732882499695
43136,0.773376107216
43137,0.964908182621
43141,0.934668540955
43146,0.82886749506
43147,0.378508359194
43148,0.784216761589
43150,0.3177061975
43151,0.464519441128
43153,0.817462742329
43156,0.812539696693
43158,0.975574493408
43159,0.869214296341
43160,0.679516136646
43161,0.952270746231
43162,0.974649548531
43163,0.986154079437
43164,0.770566642284
43165,0.839807331562
43166,0.390183866024
43167,0.935141146183
43168,0.733048439026
43174,0.964608848095
43180,0.841722667217
43183,0.935341656208
43185,0.972851574421
43187,0.975505828857
43188,0.965788066387
43189,0.553218841553
43193,0.624848008156
43201,0.63842689991
43202,0.651334166527
43203,0.353988349438
43205,0.506645083427
43210,0.834856331348
43212,0.759714901447
43220,0.742478430271
43223,0.953564286232
43225,0.871970176697
43226,0.815343022346
43227,0.793882727623
43228,0.917242467403
43230,0.8245023489
43231,0.827821969986
43232,0.735569238663
43233,0.70153015852
43234,0.124429367483
43235,0.694005131721
43239,0.971353650093
43240,0.690854132175
43241,0.570597887039
43243,0.721183419228
43244,0.933362662792
43247,0.866091787815
43249,0.696369051933
43250,0.750760018826
43251,0.815835535526
43254,0.530363023281
43255,0.806298673153
43256,0.942676305771
43259,0.944022417068
43264,0.437373191118
43266,0.959505558014
43267,0.531487703323
43268,0.884201943874
43269,0.704503595829
43270,0.855124950409
43271,0.690607845783
43273,0.922122478485
43274,0.966117858887
43276,0.679186463356
43277,0.542510688305
43279,0.728952288628
43280,0.970359802246
43281,0.586673617363
43282,0.762400567532
43283,0.218803301454
43284,0.546565592289
43289,0.943932175636
43291,0.968266308308
43292,0.923030853271
43296,0.91216146946
43297,0.743617773056
43298,0.912674248219
43299,0.89219391346
43303,0.981764793396
43304,0.809696376324
43308,0.921849548817
43309,0.843429327011
43310,0.912330329418
43311,0.682177484035
43313,0.795126914978
43314,0.865177571774
43318,0.798054456711
43319,0.919270515442
43320,0.834412455559
43321,0.716722726822
43323,0.649808704853
43325,0.984918355942
43326,0.539366722107
43331,0.651246786118
43332,0.868412196636
43335,0.841397464275
43336,0.735947787762
43337,0.75910538435
43338,0.346513360739
43339,0.768234491348
43340,0.977148294449
43342,0.687649786472
43343,0.903242170811
43347,0.164932116866
43350,0.622995316982
43352,0.962642490864
43353,0.880277037621
43355,0.644910991192
43356,0.925843954086
43357,0.836341142654
43358,0.885406255722
43364,0.366223186255
43365,0.980933070183
43367,0.948912978172
43368,0.804540336132
43369,0.908483147621
43372,0.503978967667
43375,0.869364738464
43376,0.332861185074
43379,0.93441003561
43381,0.754422724247
43382,0.846894681454
43383,0.840638518333
43388,0.919024348259
43390,0.938954353333
43391,0.932269334793
43393,0.185983777046
43396,0.761993706226
43398,0.826019763947
43399,0.739962637424
43400,0.944393277168
43403,0.354865849018
43405,0.468177974224
43406,0.924806594849
43407,0.77068734169
43408,0.878844797611
43412,0.681905031204
43413,0.834049344063
43415,0.373025417328
43418,0.97866755724
43421,0.863318681717
43424,0.709953904152
43427,0.67240011692
43428,0.892731547356
43430,0.969672322273
43431,0.758317053318
43433,0.967547178268
43435,0.984725058079
43439,0.874606668949
43440,0.917381584644
43441,0.954868555069
43442,0.784134924412
43443,0.820743083954
43445,0.699546694756
43452,0.24136506021
43453,0.796405255795
43454,0.724237859249
43457,0.490805506706
43463,0.993027508259
43466,0.697896242142
43467,0.873396098614
43468,0.773622572422
43476,0.980774879456
43478,0.562423825264
43479,0.516773641109
43480,0.63104134798
43481,0.930169701576
43483,0.505682051182
43484,0.96151214838
43485,0.853168845177
43486,0.98009288311
43487,0.543077349663
43489,0.928222775459
43490,0.891038119793
43491,0.6087038517
43492,0.890125513077
43496,0.950547337532
43497,0.929229915142
43499,0.822234213352
43503,0.974936842918
43504,0.689553380013
43505,0.976679563522
43508,0.77522033453
43509,0.870768904686
43510,0.643088638783
43512,0.606172919273
43513,0.992063820362
43514,0.743916273117
43515,0.547356009483
43516,0.673721373081
43520,0.819660186768
43521,0.963255107403
43523,0.783306241035
43524,0.933371245861
43525,0.705522298813
43527,0.761975228786
43529,0.963101685047
43530,0.669179797173
43531,0.687524795532
43533,0.554752588272
43534,0.153164818883
43535,0.890811622143
43536,0.968567848206
43538,0.739545583725
43543,0.571337521076
43544,0.913971543312
43545,0.753206312656
43547,0.605648100376
43548,0.618174135685
43549,0.857375144958
43550,0.975992619991
43552,0.279224187136
43553,0.762707650661
43555,0.865800559521
43557,0.989029943943
43558,0.916234910488
43559,0.834963798523
43560,0.721009612083
43561,0.936942338943
43566,0.80493927002
43567,0.97150593996
43568,0.963757514954
43569,0.813927412033
43570,0.937000334263
43571,0.855291128159
43573,0.429877102375
43576,0.921855330467
43577,0.92363601923
43578,0.660508692265
43579,0.897756040096
43580,0.563111305237
43581,0.940852940083
43582,0.865926384926
43585,0.709889888763
43587,0.441347718239
43588,0.61261177063
43591,0.979527294636
43593,0.988490700722
43596,0.835672736168
43598,0.710943102837
43599,0.637201249599
43600,0.873270988464
43603,0.906552135944
43605,0.447427541018
43606,0.598923206329
43608,0.857026219368
43609,0.897802591324
43610,0.754476904869
43612,0.821970641613
43614,0.57889854908
43616,0.738069832325
43618,0.824758887291
43619,0.938118100166
43620,0.638129889965
43621,0.913189709187
43622,0.706664323807
43623,0.688901185989
43624,0.659983217716
43625,0.86410009861
43626,0.353046268225
43628,0.586608171463
43629,0.673682689667
43630,0.682955205441
43631,0.97999060154
43632,0.494854599237
43633,0.990181982517
43635,0.908878743649
43636,0.979251027107
43640,0.701865196228
43641,0.824855268002
43645,0.875980377197
43650,0.963084995747
43652,0.951429128647
43654,0.810142695904
43655,0.886109411716
43656,0.690386176109
43657,0.990872323513
43658,0.700956702232
43660,0.941459536552
43661,0.976267874241
43663,0.900554478168
43664,0.394778907299
43666,0.756299376488
43667,0.852168619633
43668,0.97260248661
43670,0.845518350601
43672,0.732959806919
43674,0.904848515987
43676,0.790613770485
43677,0.882160782814
43680,0.672082304955
43681,0.770776569843
43682,0.679540574551
43683,0.57413828373
43684,0.803885102272
43686,0.91774725914
43690,0.88881278038
43691,0.708422124386
43692,0.628015041351
43694,0.648393213749
43700,0.74641084671
43701,0.893143355846
43704,0.645618438721
43706,0.412850886583
43711,0.394845098257
43712,0.92774027586
43713,0.760965466499
43715,0.981242418289
43716,0.888251423836
43717,0.977012753487
43720,0.350054830313
43722,0.950644433498
43724,0.25446665287
43725,0.882561981678
43726,0.728693366051
43727,0.660404682159
43728,0.0620528049767
43729,0.745385289192
43732,0.923447072506
43733,0.416887789965
43734,0.777074098587
43736,0.775362849236
43740,0.422353208065
43744,0.380951106548
43748,0.912268280983
43749,0.702870309353
43750,0.906823694706
43753,0.561663746834
43754,0.882363438606
43756,0.902405977249
43758,0.695874333382
43759,0.304003417492
43760,0.576469659805
43761,0.647007465363
43763,0.833072721958
43764,0.987165629864
43765,0.992082476616
43767,0.871934294701
43772,0.480887323618
43773,0.46885868907
43774,0.78737705946
43775,0.889956116676
43777,0.988961040974
43778,0.86470490694
43779,0.951338946819
43780,0.866865038872
43781,0.736149668694
43784,0.387109100819
43785,0.813544034958
43786,0.96635055542
43788,0.805906951427
43789,0.874603509903
43790,0.934122502804
43797,0.963045835495
43798,0.964594900608
43799,0.37926697731
43800,0.943201839924
43801,0.465876728296
43802,0.857413709164
43806,0.585582137108
43807,0.62774682045
43810,0.963590204716
43811,0.8989995718
43814,0.928471803665
43815,0.288275897503
43816,0.325534015894
43818,0.795049369335
43819,0.569685935974
43820,0.862639307976
43823,0.965971648693
43826,0.950733184814
43827,0.958533108234
43834,0.88740336895
43835,0.700672864914
43836,0.857526123524
43839,0.86143630743
43840,0.991220533848
43841,0.872846841812
43842,0.794102728367
43844,0.931067407131
43845,0.916187763214
43848,0.593725681305
43850,0.923235058784
43853,0.579224050045
43854,0.796973466873
43855,0.335873425007
43857,0.941548407078
43861,0.384174406528
43862,0.979725539684
43863,0.539026796818
43866,0.962427437305
43867,0.465284824371
43868,0.974452197552
43869,0.682035028934
43872,0.400201827288
43877,0.758057117462
43882,0.70166105032
43887,0.91469836235
43892,0.732057034969
43895,0.463588804007
43897,0.485248833895
43898,0.621774852276
43899,0.803064286709
43901,0.756614744663
43902,0.763186395168
43905,0.96901422739
43906,0.873264610767
43907,0.86939227581
43908,0.813854336739
43909,0.949159264565
43910,0.912295877934
43911,0.887299656868
43913,0.911995232105
43916,0.222104504704
43918,0.627195596695
43924,0.811022937298
43930,0.520517647266
43931,0.114984601736
43932,0.962046742439
43933,0.786950111389
43944,0.694950997829
43945,0.973408997059
43946,0.506431102753
43947,0.755536735058
43950,0.852296054363
43951,0.376771837473
43952,0.977936804295
43953,0.963969051838
43957,0.836527049541
43959,0.991879403591
43961,0.606194853783
43962,0.731234133244
43965,0.839815855026
43967,0.953832507133
43968,0.815193295479
43970,0.777192831039
43972,0.941144764423
43973,0.951296508312
43974,0.614889264107
43975,0.753338456154
43976,0.898937523365
43977,0.655678272247
43979,0.965209960938
43980,0.860743224621
43981,0.982279360294
43983,0.708109855652
43984,0.824935317039
43992,0.990048766136
43993,0.613608896732
43995,0.962725460529
43996,0.454640001059
43999,0.850929200649
44001,0.842732548714
44002,0.759137690067
44003,0.699359238148
44004,0.806653559208
44005,0.558907926083
44006,0.755829036236
44007,0.924848794937
44008,0.72700548172
44012,0.974094092846
44013,0.682848513126
44018,0.974506437778
44020,0.900800585747
44021,0.904784560204
44023,0.986995518208
44028,0.936282396317
44029,0.91620361805
44030,0.787092149258
44032,0.434984385967
44033,0.763910651207
44034,0.846609830856
44035,0.683093190193
44036,0.623333752155
44037,0.934213042259
44041,0.701283693314
44043,0.822753250599
44044,0.899281561375
44045,0.526319861412
44046,0.522363960743
44049,0.944485247135
44055,0.171818867326
44058,0.79464751482
44059,0.965111017227
44061,0.670836627483
44063,0.627380430698
44067,0.833091497421
44068,0.845427632332
44069,0.339900314808
44070,0.378524720669
44072,0.11014918983
44074,0.915650129318
44075,0.793943047523
44077,0.795171916485
44080,0.916763424873
44083,0.609631896019
44089,0.605355501175
44091,0.584575414658
44092,0.783332049847
44094,0.759744107723
44096,0.845707654953
44097,0.761648416519
44102,0.992900133133
44105,0.920032322407
44109,0.503257393837
44112,0.927708566189
44114,0.951162993908
44116,0.951173365116
44117,0.876533865929
44118,0.950287520885
44119,0.71817690134
44122,0.842878401279
44123,0.967633247375
44125,0.19076436758
44127,0.911234617233
44128,0.847396254539
44136,0.455110818148
44139,0.946294009686
44140,0.971869051456
44142,0.816751599312
44145,0.286440134048
44146,0.977017760277
44149,0.515491247177
44150,0.626579463482
44151,0.614663362503
44154,0.7655788064
44155,0.958302259445
44156,0.912062883377
44159,0.439894467592
44162,0.746355891228
44165,0.957528650761
44166,0.705471158028
44172,0.993355870247
44173,0.715100765228
44178,0.987311720848
44179,0.838205099106
44191,0.742099106312
44192,0.948298096657
44193,0.871231853962
44195,0.55882614851
44196,0.914255738258
44197,0.845688641071
44199,0.647821485996
44202,0.86480653286
44203,0.944070577621
44204,0.938448190689
44205,0.781513035297
44206,0.58015537262
44209,0.953839898109
44212,0.951381146908
44213,0.667188644409
44215,0.934878408909
44216,0.925970137119
44217,0.828482329845
44220,0.429947435856
44221,0.955847203732
44224,0.90719884634
44225,0.490517348051
44226,0.968960285187
44229,0.987765192986
44230,0.763201415539
44231,0.729916632175
44232,0.568268120289
44235,0.412201493979
44236,0.782452821732
44238,0.369789153337
44241,0.732722222805
44243,0.940531373024
44248,0.935375571251
44251,0.711164057255
44252,0.983069896698
44254,0.695011377335
44257,0.805262327194
44259,0.841818869114
44261,0.916584014893
44262,0.989163756371
44266,0.826421499252
44269,0.508153915405
44271,0.599133312702
44274,0.975154221058
44276,0.574567437172
44281,0.669486343861
44282,0.794411182404
44283,0.541642546654
44284,0.394144743681
44286,0.556475520134
44290,0.917881906033
44293,0.935254812241
44295,0.922096192837
44300,0.873565196991
44301,0.956675469875
44305,0.790333449841
44307,0.814915180206
44309,0.915977418423
44311,0.680893659592
44312,0.960655272007
44313,0.853951215744
44317,0.962816178799
44318,0.713366925716
44319,0.250951975584
44321,0.790655791759
44323,0.888886332512
44324,0.470095396042
44326,0.983038544655
44329,0.907164275646
44330,0.420535326004
44332,0.960671246052
44337,0.872569739819
44338,0.44137981534
44339,0.903435409069
44342,0.985405683517
44344,0.858521640301
44345,0.661203563213
44346,0.705729365349
44353,0.94563627243
44354,0.541915357113
44355,0.632709860802
44357,0.738548099995
44358,0.467305779457
44359,0.859997272491
44360,0.934388160706
44361,0.432973742485
44362,0.104203417897
44363,0.862497806549
44364,0.747684776783
44366,0.982862889767
44367,0.801851809025
44375,0.784596383572
44378,0.93302410841
44380,0.652913570404
44384,0.949930548668
44385,0.930948376656
44386,0.650154411793
44387,0.273827582598
44388,0.952789783478
44394,0.663748860359
44398,0.955930233002
44400,0.866064965725
44401,0.809915602207
44403,0.741056025028
44408,0.757492601871
44409,0.648706614971
44413,0.842648863792
44414,0.671222269535
44415,0.539806962013
44419,0.825810790062
44420,0.345675587654
44421,0.909766376019
44422,0.95029604435
44423,0.601638555527
44427,0.969083070755
44430,0.935964584351
44431,0.687051951885
44432,0.984082341194
44433,0.977324306965
44439,0.713384211063
44442,0.895179033279
44444,0.349979132414
44445,0.411034941673
44446,0.902857780457
44448,0.919778585434
44452,0.974298298359
44455,0.825376451015
44456,0.949096024036
44466,0.986966013908
44469,0.85732281208
44471,0.979944705963
44476,0.865369737148
44478,0.797432482243
44480,0.860940098763
44483,0.374384582043
44486,0.911740124226
44489,0.851959824562
44490,0.958119571209
44492,0.722068428993
44496,0.389368653297
44498,0.842371404171
44499,0.550460517406
44500,0.862613618374
44503,0.705785274506
44506,0.629541993141
44509,0.867805302143
44511,0.699692964554
44512,0.725492238998
44513,0.164785832167
44514,0.81064260006
44516,0.776980042458
44519,0.560733556747
44520,0.717465698719
44521,0.908894181252
44522,0.770277738571
44523,0.931131482124
44528,0.751714646816
44529,0.804472029209
44531,0.859146296978
44535,0.498500436544
44537,0.980747938156
44538,0.775455474854
44539,0.906436741352
44541,0.954960167408
44543,0.779657304287
44544,0.666626632214
44545,0.823033869267
44546,0.799196720123
44547,0.790064275265
44548,0.567365944386
44549,0.774036467075
44552,0.901043713093
44554,0.966589391232
44555,0.868652999401
44558,0.872608304024
44560,0.812217235565
44562,0.876411557198
44563,0.700592875481
44568,0.71034103632
44570,0.966577172279
44571,0.499694168568
44573,0.241847828031
44574,0.567697048187
44575,0.905055344105
44577,0.903910934925
44578,0.835808575153
44579,0.785404384136
44580,0.904452204704
44583,0.83854162693
44585,0.925391376019
44590,0.838137745857
44592,0.611823558807
44593,0.995030879974
44594,0.704808473587
44595,0.852743387222
44597,0.803047657013
44599,0.938145577908
44600,0.472897529602
44601,0.85448461771
44602,0.964698135853
44604,0.617652714252
44605,0.906008899212
44608,0.813918173313
44609,0.758992612362
44611,0.837053656578
44612,0.54085791111
44617,0.916045725346
44622,0.5672134161
44624,0.826501071453
44627,0.443960547447
44628,0.624517917633
44629,0.660679399967
44630,0.472694635391
44633,0.904262125492
44637,0.778104484081
44638,0.742676138878
44639,0.959619939327
44640,0.569801449776
44642,0.610210597515
44644,0.530569672585
44645,0.671401619911
44646,0.844996511936
44650,0.447809517384
44653,0.804275870323
44655,0.734601914883
44659,0.113253623247
44661,0.306207031012
44664,0.443555384874
44665,0.751861691475
44667,0.661353766918
44669,0.766454041004
44670,0.842001616955
44672,0.900432646275
44673,0.719318985939
44675,0.693658649921
44677,0.201664835215
44681,0.942954719067
44682,0.429121375084
44686,0.983154654503
44687,0.83158659935
44688,0.836084067822
44689,0.972777664661
44690,0.706676959991
44691,0.418696314096
44695,0.62136721611
44697,0.894399225712
44700,0.816554248333
44701,0.82512575388
44703,0.904543042183
44704,0.538364350796
44705,0.843366742134
44707,0.975182294846
44710,0.343361318111
44712,0.719041645527
44713,0.929297208786
44716,0.980029404163
44717,0.947700500488
44720,0.91144490242
44726,0.564115405083
44727,0.715878069401
44728,0.990602850914
44732,0.809787333012
44734,0.914488136768
44736,0.993345022202
44737,0.654534041882
44738,0.79584145546
44742,0.979713201523
44744,0.919107317924
44745,0.858427882195
44746,0.302492618561
44749,0.900084555149
44750,0.826027333736
44752,0.946424603462
44753,0.783208489418
44756,0.817187011242
44759,0.391455173492
44761,0.539795279503
44764,0.870590090752
44765,0.646695315838
44766,0.943556427956
44767,0.635255098343
44768,0.96941781044
44776,0.863629341125
44779,0.566299021244
44781,0.867305994034
44785,0.691910147667
44788,0.454273402691
44790,0.870307087898
44793,0.614125013351
44794,0.770445048809
44796,0.850253343582
44800,0.951862931252
44801,0.565894305706
44802,0.771008789539
44803,0.750190794468
44804,0.868748188019
44806,0.88356512785
44807,0.824319303036
44808,0.86072319746
44810,0.137909710407
44811,0.860962808132
44812,0.952441573143
44821,0.610949575901
44823,0.937696635723
44824,0.840719223022
44825,0.879636883736
44826,0.600084662437
44828,0.969943284988
44831,0.814890861511
44833,0.864559292793
44836,0.430915504694
44837,0.931904256344
44838,0.677559673786
44839,0.606808960438
44841,0.947420477867
44843,0.852769315243
44845,0.668658792973
44846,0.983082890511
44850,0.849440574646
44852,0.70296818018
44855,0.847765207291
44857,0.841407716274
44860,0.916002810001
44861,0.826727688313
44862,0.721541583538
44865,0.982929587364
44866,0.949285030365
44867,0.845055043697
44870,0.751883625984
44871,0.692443788052
44872,0.983659982681
44874,0.776845037937
44875,0.336140811443
44876,0.966769754887
44877,0.62982916832
44878,0.798541784286
44879,0.840805411339
44880,0.941621363163
44882,0.552931904793
44883,0.853792965412
44884,0.977351844311
44885,0.939553260803
44893,0.0590105690062
44899,0.492810875177
44900,0.868953824043
44904,0.224746897817
44907,0.792956709862
44909,0.73784083128
44910,0.728890359402
44913,0.759847104549
44914,0.939322888851
44915,0.902135491371
44916,0.980109214783
44919,0.882298946381
44920,0.612957000732
44922,0.907229840755
44924,0.97688794136
44930,0.909897387028
44932,0.985021293163
44933,0.587402462959
44934,0.783152580261
44940,0.88170838356
44941,0.814433515072
44942,0.729522407055
44945,0.944283127785
44947,0.409660488367
44948,0.879781842232
44950,0.982547938824
44952,0.734139025211
44954,0.706364691257
44956,0.98050814867
44959,0.828955113888
44963,0.887294948101
44969,0.800250172615
44971,0.983743965626
44973,0.624285399914
44975,0.859914720058
44979,0.929573833942
44980,0.985753774643
44981,0.814338326454
44984,0.933931350708
44989,0.668468654156
44995,0.721324443817
45001,0.899911880493
45003,0.66475212574
45004,0.731982886791
45009,0.444638192654
45011,0.375187605619
45016,0.668861210346
45021,0.881791710854
45024,0.399367392063
45029,0.798979580402
45031,0.962294757366
45034,0.98470634222
45035,0.867216706276
45038,0.74051296711
45040,0.819006979465
45042,0.526391744614
45044,0.793872654438
45045,0.595867276192
45048,0.879668056965
45051,0.478877425194
45055,0.92015683651
45057,0.957457721233
45059,0.761587977409
45061,0.926000475883
45062,0.830334246159
45063,0.919074416161
45065,0.280179947615
45066,0.462110042572
45068,0.871902942657
45069,0.962208092213
45070,0.928419709206
45071,0.972148478031
45072,0.979890227318
45074,0.811883628368
45076,0.807177722454
45077,0.448912262917
45079,0.696400225163
45080,0.964650988579
45085,0.382192462683
45087,0.93923419714
45089,0.300443977118
45090,0.953880608082
45092,0.970518171787
45094,0.354622870684
45095,0.958973884583
45096,0.954069137573
45097,0.458945453167
45098,0.979055345058
45101,0.600050866604
45103,0.944643080235
45104,0.412820488214
45107,0.956247210503
45109,0.681181013584
45110,0.572155416012
45115,0.888517558575
45117,0.848533332348
45118,0.753587603569
45123,0.823769807816
45125,0.869171977043
45126,0.562606871128
45131,0.619112432003
45132,0.800707936287
45134,0.2979388237
45136,0.834696054459
45139,0.835078835487
45142,0.952664017677
45146,0.92885351181
45147,0.481729865074
45148,0.566718518734
45151,0.865502357483
45157,0.939880669117
45158,0.885068237782
45159,0.986415803432
45162,0.694797098637
45163,0.380147516727
45165,0.699257194996
45168,0.928253889084
45171,0.557598054409
45173,0.724854171276
45174,0.825226485729
45175,0.856968641281
45176,0.0750949382782
45177,0.768720030785
45179,0.734288036823
45181,0.837202548981
45182,0.990168333054
45183,0.835692465305
45185,0.958790957928
45186,0.679733216763
45187,0.913529574871
45188,0.888825058937
45189,0.512507200241
45190,0.898756802082
45194,0.784800469875
45195,0.761844694614
45197,0.945777952671
45201,0.972817003727
45202,0.432204514742
45204,0.522962808609
45208,0.831902265549
45209,0.878565728664
45210,0.772234141827
45211,0.894919931889
45212,0.987363040447
45217,0.788534939289
45218,0.6553363204
45220,0.830395996571
45223,0.968002736568
45224,0.909542441368
45228,0.527544558048
45231,0.95123654604
45232,0.637927591801
45234,0.612864017487
45235,0.929373204708
45239,0.950772106647
45242,0.833851695061
45245,0.567378103733
45246,0.728761434555
45247,0.37491568923
45248,0.908427655697
45249,0.59551858902
45250,0.583738029003
45251,0.936367332935
45252,0.0977017134428
45254,0.552447259426
45255,0.766094267368
45256,0.896563053131
45257,0.882671058178
45259,0.891841232777
45260,0.857946932316
45261,0.952784359455
45262,0.55498111248
45264,0.671125471592
45266,0.901804804802
45267,0.907827675343
45269,0.890263736248
45271,0.845540046692
45272,0.842929005623
45273,0.494932979345
45278,0.901079833508
45284,0.822818875313
45287,0.964772462845
45288,0.627033412457
45290,0.939020454884
45291,0.97861379385
45293,0.944636702538
45296,0.73867225647
45300,0.641392171383
45302,0.810091435909
45303,0.660138309002
45305,0.798661768436
45308,0.794787585735
45310,0.780221760273
45312,0.659984648228
45314,0.503793001175
45317,0.812428891659
45318,0.863042235374
45319,0.889046430588
45321,0.954257667065
45323,0.959209322929
45324,0.993752419949
45325,0.974716067314
45326,0.971810281277
45328,0.544610083103
45329,0.935606956482
45330,0.921043694019
45332,0.774415433407
45333,0.802635788918
45336,0.881557524204
45337,0.88791847229
45341,0.103940926492
45344,0.567741274834
45345,0.911928057671
45346,0.91788482666
45347,0.878212094307
45348,0.456371068954
45349,0.760756313801
45350,0.974045813084
45352,0.84574508667
45353,0.975085377693
45356,0.851288616657
45357,0.562742650509
45363,0.968369781971
45364,0.844753146172
45366,0.734553933144
45370,0.741121172905
45373,0.380240678787
45377,0.658318817616
45381,0.631878554821
45382,0.57143509388
45383,0.635030984879
45386,0.518930315971
45388,0.901940524578
45391,0.973460614681
45393,0.954690098763
45394,0.67919075489
45396,0.933422148228
45397,0.80649125576
45401,0.770861983299
45415,0.802551448345
45417,0.574815511703
45418,0.80647701025
45420,0.980840623379
45424,0.9820099473
45425,0.875360965729
45426,0.957935094833
45432,0.727213561535
45433,0.897386431694
45434,0.6986079216
45435,0.834785699844
45437,0.930274903774
45438,0.869188249111
45439,0.944374442101
45440,0.951089978218
45442,0.639354944229
45446,0.703030645847
45448,0.823164999485
45450,0.907531440258
45451,0.52422940731
45452,0.16156719625
45453,0.911502957344
45454,0.915219306946
45456,0.836066246033
45457,0.907887220383
45459,0.964881122112
45461,0.827831923962
45462,0.780763566494
45465,0.920348465443
45469,0.966548740864
45470,0.586985647678
45472,0.531900405884
45473,0.877427697182
45475,0.750979781151
45477,0.923659086227
45478,0.914770364761
45489,0.798584640026
45493,0.698923945427
45494,0.969545781612
45495,0.572606921196
45496,0.967897832394
45497,0.658751130104
45500,0.963193893433
45501,0.461317360401
45503,0.892495214939
45506,0.707575380802
45509,0.878803014755
45512,0.777001798153
45515,0.922703266144
45516,0.441778749228
45517,0.927358031273
45518,0.735128641129
45520,0.954403221607
45523,0.726058363914
45526,0.677097260952
45528,0.988657772541
45530,0.480839401484
45532,0.800358712673
45535,0.510788440704
45536,0.926246225834
45538,0.730764806271
45539,0.8671413064
45543,0.780706524849
45546,0.798758804798
45547,0.989492297173
45551,0.554418087006
45553,0.731303930283
45554,0.768000125885
45555,0.712717950344
45557,0.356880694628
45559,0.47473359108
45562,0.850684523582
45564,0.964652240276
45565,0.77905857563
45569,0.796318590641
45570,0.923120975494
45571,0.837728440762
45572,0.688320457935
45574,0.985912024975
45575,0.910393238068
45576,0.543540835381
45581,0.864876925945
45582,0.852103829384
45583,0.893995463848
45584,0.854253590107
45585,0.87686008215
45587,0.913473308086
45589,0.736305594444
45590,0.662001848221
45592,0.912361979485
45593,0.872762918472
45595,0.833874166012
45597,0.559119045734
45603,0.117711611092
45604,0.580668985844
45605,0.673126518726
45606,0.796649694443
45611,0.753568291664
45616,0.583409368992
45618,0.716156423092
45619,0.621367394924
45623,0.8421626091
45624,0.723322629929
45625,0.83227956295
45627,0.400619387627
45629,0.943127274513
45633,0.37836009264
45634,0.637474477291
45636,0.964114487171
45637,0.64170640707
45639,0.76600009203
45641,0.855589210987
45643,0.985454678535
45646,0.84162145853
45647,0.871623039246
45649,0.818195223808
45650,0.843353450298
45651,0.846174955368
45652,0.532361924648
45654,0.893002212048
45656,0.9170358181
45662,0.742802321911
45666,0.492121577263
45667,0.243095546961
45669,0.531016469002
45673,0.655725896358
45674,0.0585613362491
45676,0.84172976017
45677,0.941060841084
45679,0.797508835793
45680,0.938729286194
45681,0.888410925865
45682,0.938816070557
45683,0.961767494678
45684,0.770177304745
45685,0.991808831692
45687,0.896928310394
45688,0.356635302305
45690,0.844928205013
45692,0.86361438036
45693,0.5285384655
45696,0.695527732372
45698,0.905393660069
45699,0.113108530641
45700,0.593907356262
45704,0.516166687012
45706,0.647559762001
45708,0.921045899391
45709,0.730349302292
45713,0.960867404938
45715,0.969112277031
45716,0.981752157211
45717,0.736436247826
45719,0.310683995485
45722,0.842259466648
45723,0.567332327366
45726,0.926724910736
45727,0.749551594257
45730,0.971416056156
45731,0.732715785503
45734,0.724186599255
45740,0.31103271246
45741,0.680586636066
45742,0.853586852551
45745,0.771938145161
45748,0.861116707325
45751,0.722778379917
45752,0.863187670708
45754,0.712697267532
45757,0.936074137688
45758,0.410206735134
45759,0.764912128448
45761,0.621468901634
45762,0.961979568005
45766,0.934870064259
45767,0.940642893314
45768,0.937179028988
45771,0.381641417742
45772,0.892188489437
45773,0.90628606081
45774,0.643973052502
45779,0.962196588516
45782,0.95362085104
45783,0.965411782265
45785,0.820894956589
45786,0.811096012592
45787,0.956295609474
45790,0.916390955448
45791,0.929453015327
45792,0.835002779961
45793,0.956683576107
45794,0.323129206896
45796,0.968378067017
45797,0.769516468048
45799,0.665697455406
45802,0.671852111816
45803,0.946198284626
45805,0.939821183681
45807,0.838145852089
45809,0.919434428215
45810,0.86866569519
45813,0.585241258144
45814,0.904381990433
45816,0.633687794209
45819,0.793603479862
45822,0.909780442715
45823,0.651983439922
45827,0.923526585102
45828,0.731193482876
45830,0.942171812057
45831,0.557946562767
45832,0.698370218277
45837,0.347460836172
45838,0.708665013313
45839,0.807718157768
45841,0.812989652157
45844,0.480603098869
45845,0.91247600317
45846,0.929574131966
45852,0.785941243172
45853,0.868518829346
45854,0.808545053005
45856,0.663626074791
45857,0.414102226496
45860,0.989988744259
45861,0.736255407333
45864,0.762769460678
45865,0.867609202862
45866,0.989333450794
45867,0.786736786366
45868,0.678315937519
45870,0.469358175993
45871,0.793098628521
45872,0.619279801846
45873,0.735919952393
45874,0.531671702862
45876,0.648279488087
45877,0.764084458351
45878,0.622497737408
45880,0.704525232315
45883,0.768119454384
45884,0.434601008892
45887,0.898997247219
45889,0.753094792366
45890,0.918908953667
45892,0.95861774683
45894,0.959261536598
45897,0.907403707504
45901,0.909175515175
45903,0.809922814369
45904,0.954171776772
45905,0.934505701065
45908,0.567332983017
45909,0.979808032513
45911,0.738715231419
45913,0.837427616119
45915,0.726153612137
45921,0.861147224903
45923,0.892535746098
45927,0.675221264362
45928,0.786349236965
45930,0.714581012726
45931,0.79522383213
45932,0.382388085127
45934,0.755767822266
45935,0.92653375864
45938,0.979498803616
45939,0.739347696304
45941,0.894108772278
45942,0.472485512495
45949,0.91267824173
45950,0.901905894279
45951,0.925175189972
45952,0.959635853767
45953,0.931775927544
45956,0.70054847002
45961,0.754632353783
45962,0.561169207096
45965,0.421853095293
45966,0.833594322205
45968,0.831453859806
45971,0.554209530354
45972,0.704683542252
45973,0.851706922054
45976,0.505804181099
45981,0.788537144661
45984,0.916026115417
45985,0.837243020535
45989,0.622022867203
45991,0.885106384754
45995,0.758424282074
45998,0.907214224339
46001,0.792033135891
46014,0.912766695023
46015,0.519095361233
46017,0.64117372036
46021,0.744714260101
46022,0.418673694134
46024,0.964418530464
46025,0.809512734413
46026,0.979716360569
46030,0.72998803854
46032,0.720322072506
46034,0.952432334423
46036,0.828610062599
46037,0.838591635227
46040,0.848811328411
46041,0.870153009892
46042,0.843024611473
46043,0.495332241058
46045,0.981134533882
46047,0.961814343929
46051,0.931546807289
46052,0.493065029383
46053,0.885865449905
46055,0.761959254742
46056,0.794725716114
46058,0.64021229744
46060,0.820954740047
46061,0.931745886803
46062,0.948759198189
46063,0.673247635365
46065,0.931252062321
46068,0.934391796589
46069,0.841363668442
46070,0.625652730465
46071,0.960111916065
46072,0.897825419903
46075,0.846278071404
46078,0.989574372768
46079,0.708800435066
46080,0.881985783577
46081,0.549314379692
46085,0.929627478123
46087,0.856069743633
46090,0.812607944012
46093,0.790899157524
46095,0.439414530993
46096,0.300062566996
46098,0.899335443974
46099,0.569140076637
46100,0.925371289253
46105,0.852599143982
46106,0.84661501646
46107,0.461106300354
46109,0.801754117012
46110,0.930592358112
46115,0.843078613281
46117,0.684152543545
46118,0.929322361946
46120,0.801126182079
46122,0.741876065731
46123,0.638563513756
46124,0.712312400341
46125,0.965270519257
46126,0.712497234344
46128,0.808937728405
46130,0.84587174654
46131,0.842819452286
46138,0.330615282059
46139,0.582446157932
46141,0.72542399168
46143,0.968775749207
46148,0.431285142899
46149,0.956582963467
46150,0.830194830894
46155,0.839260220528
46156,0.988156855106
46157,0.93120187521
46158,0.812284708023
46160,0.934724748135
46162,0.950979232788
46163,0.985299825668
46165,0.293153613806
46167,0.861416459084
46169,0.751985669136
46170,0.908856153488
46171,0.960056602955
46174,0.885622024536
46176,0.818577826023
46179,0.496169269085
46181,0.833097994328
46182,0.347931176424
46185,0.676451683044
46186,0.654346704483
46188,0.746769726276
46191,0.735816001892
46193,0.96210873127
46194,0.788242995739
46196,0.922978997231
46198,0.517574429512
46199,0.898911595345
46203,0.819744288921
46204,0.989443659782
46206,0.673911929131
46209,0.507121622562
46210,0.859104633331
46212,0.895128488541
46214,0.974861800671
46216,0.891022980213
46218,0.707440912724
46219,0.966476023197
46221,0.713590621948
46223,0.365658819675
46224,0.970170557499
46226,0.421230405569
46227,0.982491850853
46228,0.957678437233
46230,0.926502168179
46231,0.439509809017
46232,0.834761142731
46235,0.987034201622
46236,0.765168964863
46238,0.779741048813
46240,0.890102863312
46243,0.91176211834
46248,0.608668446541
46250,0.885363817215
46254,0.648338735104
46259,0.781332194805
46260,0.879082262516
46261,0.862875103951
46262,0.686219871044
46265,0.943281948566
46266,0.696430027485
46267,0.275144159794
46268,0.920346438885
46269,0.217636421323
46271,0.861791193485
46273,0.555702984333
46274,0.26470682025
46275,0.818287312984
46276,0.989387631416
46278,0.967543423176
46279,0.751406371593
46280,0.979503273964
46287,0.729731440544
46291,0.759686648846
46292,0.66966843605
46293,0.840318262577
46294,0.932457923889
46295,0.948747813702
46296,0.853258490562
46297,0.892059266567
46298,0.647804498672
46299,0.92691463232
46303,0.694488584995
46304,0.964085817337
46310,0.490113139153
46312,0.91608184576
46313,0.979855537415
46314,0.807908117771
46316,0.897712886333
46318,0.431617558002
46319,0.771607220173
46320,0.87845313549
46322,0.763070583344
46325,0.581007182598
46326,0.355342596769
46328,0.809500098228
46330,0.394122391939
46334,0.865295112133
46337,0.778196930885
46340,0.876903235912
46341,0.366318315268
46342,0.900816440582
46343,0.874566018581
46346,0.84751957655
46347,0.981223940849
46348,0.335185706615
46349,0.901995122433
46350,0.69162863493
46353,0.575297772884
46358,0.548579394817
46359,0.661339938641
46360,0.622749686241
46361,0.879697024822
46362,0.82620370388
46364,0.98834747076
46367,0.970324635506
46368,0.543385505676
46374,0.80624884367
46377,0.656290113926
46378,0.600354731083
46379,0.507894575596
46382,0.401021033525
46384,0.646178543568
46387,0.96092236042
46388,0.610643863678
46389,0.843690395355
46390,0.788322389126
46391,0.685543715954
46394,0.54606628418
46395,0.9817456007
46396,0.894937217236
46397,0.598781406879
46398,0.859007537365
46400,0.979867577553
46403,0.991852581501
46404,0.729291856289
46405,0.983001589775
46406,0.729494810104
46407,0.783747792244
46411,0.678356468678
46412,0.717505633831
46413,0.934341311455
46416,0.534390389919
46421,0.93471801281
46426,0.630075573921
46432,0.912365555763
46435,0.857920885086
46437,0.976315259933
46441,0.916130244732
46444,0.941586792469
46448,0.777555823326
46449,0.81290781498
46451,0.988329768181
46452,0.949356734753
46453,0.619419515133
46457,0.93950843811
46459,0.984766364098
46462,0.849644720554
46463,0.633725821972
46466,0.788910031319
46476,0.752141535282
46477,0.34550845623
46478,0.553978025913
46479,0.50327450037
46480,0.58555573225
46483,0.861483514309
46486,0.904139399529
46492,0.594459474087
46496,0.788100719452
46498,0.862822651863
46499,0.610443294048
46502,0.457253605127
46504,0.974849581718
46505,0.77116304636
46507,0.683849275112
46508,0.966012954712
46509,0.883553564548
46511,0.782142400742
46514,0.0840276181698
46515,0.458304911852
46517,0.849981367588
46519,0.941824674606
46520,0.67479377985
46522,0.806138455868
46526,0.666681945324
46527,0.332590281963
46528,0.250268757343
46529,0.972778201103
46533,0.790922641754
46540,0.87252163887
46541,0.909522593021
46543,0.957469105721
46545,0.919494688511
46547,0.893129587173
46548,0.71080738306
46550,0.742558658123
46554,0.584489047527
46558,0.874361097813
46559,0.850128769875
46560,0.617176473141
46564,0.920448124409
46567,0.884059309959
46568,0.921817362309
46569,0.926039040089
46572,0.792435348034
46578,0.852240800858
46580,0.844141840935
46581,0.78558588028
46583,0.656634092331
46584,0.946809053421
46585,0.908825159073
46586,0.933809518814
46588,0.91861975193
46589,0.790185689926
46590,0.788993477821
46593,0.719748079777
46597,0.462351918221
46599,0.782684922218
46600,0.975590288639
46602,0.348316282034
46603,0.954676091671
46605,0.71507948637
46606,0.814725458622
46609,0.933013319969
46610,0.933456122875
46614,0.831838011742
46615,0.668123304844
46618,0.978159725666
46619,0.689288675785
46620,0.752128720284
46622,0.93428838253
46623,0.865416646004
46624,0.843361973763
46626,0.914098024368
46628,0.711755633354
46630,0.63520860672
46631,0.652658998966
46633,0.61390709877
46634,0.972779333591
46637,0.984147906303
46638,0.757266283035
46639,0.956123173237
46640,0.866578221321
46642,0.771240353584
46643,0.802628338337
46644,0.863005816936
46645,0.768787622452
46647,0.93453335762
46648,0.947311460972
46649,0.750804364681
46654,0.873377025127
46656,0.781935155392
46657,0.829860985279
46660,0.929670035839
46664,0.87939697504
46665,0.780148565769
46667,0.974236309528
46668,0.856727361679
46669,0.969102323055
46670,0.712820231915
46671,0.991426706314
46673,0.890321731567
46674,0.645267486572
46675,0.907619297504
46676,0.844191968441
46677,0.751846790314
46678,0.925911903381
46679,0.92719912529
46680,0.811022281647
46681,0.705012381077
46683,0.990334808826
46684,0.422610878944
46687,0.644063353539
46689,0.823049545288
46691,0.799951910973
46692,0.635720312595
46694,0.633132278919
46696,0.0393083915114
46697,0.507107019424
46698,0.840540111065
46704,0.228482931852
46707,0.805410981178
46710,0.901009917259
46711,0.807099163532
46712,0.774442434311
46714,0.652151584625
46716,0.688941478729
46717,0.891184389591
46719,0.645689666271
46721,0.827338278294
46724,0.939746439457
46725,0.94484180212
46727,0.775983452797
46729,0.84536665678
46730,0.91321015358
46731,0.875285089016
46732,0.985917031765
46733,0.740684688091
46736,0.97137928009
46737,0.779986143112
46738,0.530495643616
46743,0.428258091211
46745,0.826250970364
46746,0.760051250458
46747,0.755985856056
46748,0.802761971951
46749,0.932346343994
46752,0.591275751591
46754,0.553381085396
46755,0.831983923912
46757,0.741050958633
46760,0.927289664745
46763,0.979094207287
46769,0.531403005123
46770,0.957983911037
46771,0.60957056284
46775,0.60803771019
46779,0.837924897671
46782,0.600040078163
46783,0.979349792004
46784,0.962091565132
46785,0.989448308945
46788,0.903705537319
46790,0.638275265694
46792,0.843361079693
46794,0.343022435904
46797,0.675477206707
46798,0.633608698845
46799,0.56241106987
46800,0.801328897476
46801,0.601598680019
46802,0.595832705498
46805,0.935028910637
46807,0.522314786911
46809,0.341700553894
46810,0.789254188538
46814,0.627551317215
46816,0.919116675854
46818,0.503239691257
46819,0.970414340496
46821,0.95932495594
46823,0.608191430569
46824,0.676246166229
46826,0.827188193798
46828,0.867734134197
46830,0.911646187305
46832,0.782133877277
46833,0.821006119251
46835,0.757676541805
46836,0.895227193832
46837,0.438437461853
46838,0.706482112408
46839,0.973001301289
46840,0.969090819359
46841,0.78941732645
46842,0.744474589825
46844,0.612992167473
46845,0.66418659687
46846,0.934876680374
46847,0.367608606815
46848,0.977738142014
46850,0.910219371319
46853,0.723653197289
46854,0.963155865669
46855,0.862688779831
46856,0.469106942415
46859,0.945355594158
46861,0.970741569996
46865,0.504883289337
46867,0.717486858368
46872,0.835754990578
46876,0.863177657127
46878,0.929821193218
46879,0.378780066967
46882,0.785805881023
46887,0.833866834641
46888,0.873438298702
46889,0.828963637352
46890,0.939802348614
46893,0.924815177917
46894,0.769924461842
46895,0.888324022293
46897,0.957954764366
46898,0.965284407139
46899,0.914510071278
46900,0.823896229267
46901,0.750813484192
46904,0.800218403339
46905,0.979870855808
46908,0.716889381409
46911,0.983555853367
46913,0.546018481255
46914,0.566499531269
46915,0.58340036869
46917,0.984698593616
46920,0.918848574162
46921,0.61981844902
46926,0.768108427525
46927,0.830253064632
46929,0.961941063404
46930,0.670912504196
46932,0.806999206543
46933,0.900434613228
46936,0.985031962395
46937,0.866947889328
46939,0.66950905323
46941,0.764049530029
46942,0.886481821537
46943,0.233264014125
46944,0.673745036125
46945,0.712684988976
46948,0.837325870991
46949,0.875486254692
46950,0.640582442284
46953,0.978616058826
46954,0.575340390205
46955,0.756414353848
46956,0.770015954971
46958,0.896790862083
46959,0.96618950367
46961,0.737460136414
46964,0.94347935915
46965,0.936174571514
46966,0.819069862366
46967,0.987898290157
46969,0.67289185524
46971,0.82740098238
46974,0.904269516468
46976,0.925138473511
46977,0.891493499279
46979,0.32118704915
46981,0.780446410179
46982,0.955559909344
46983,0.962338030338
46985,0.711392879486
46986,0.829304873943
46989,0.754223048687
46990,0.430809289217
46991,0.979557394981
46992,0.244475230575
46996,0.578092575073
46997,0.660046875477
46998,0.897202849388
46999,0.890259742737
47000,0.52342492342
47003,0.987015247345
47004,0.965601146221
47005,0.924186885357
47006,0.948712289333
47007,0.6390157938
47009,0.782587468624
47010,0.937169492245
47013,0.876249372959
47015,0.900035023689
47016,0.528813183308
47017,0.876914143562
47018,0.746486485004
47020,0.350135326385
47025,0.88991945982
47026,0.718091845512
47029,0.738792479038
47037,0.753668725491
47038,0.0502116195858
47040,0.910459697247
47041,0.704818785191
47042,0.427623420954
47043,0.973953068256
47046,0.806936740875
47049,0.828659415245
47052,0.922696113586
47053,0.581188082695
47054,0.951581537724
47055,0.694760978222
47056,0.810436666012
47057,0.679540216923
47058,0.928233027458
47059,0.852837860584
47060,0.763226151466
47062,0.639317214489
47063,0.863227546215
47064,0.676926314831
47065,0.711080431938
47066,0.986389577389
47069,0.820329785347
47074,0.58983039856
47078,0.566093981266
47081,0.822376132011
47083,0.95424169302
47085,0.445082366467
47087,0.558506786823
47088,0.700679242611
47090,0.987669050694
47093,0.950787425041
47098,0.342839986086
47099,0.929922759533
47100,0.910036683083
47103,0.84532225132
47105,0.975308954716
47106,0.950979590416
47118,0.961767375469
47119,0.581481039524
47120,0.946154534817
47122,0.817041754723
47124,0.844132483006
47125,0.862252414227
47126,0.760040700436
47129,0.228203117847
47133,0.761067092419
47135,0.646200895309
47137,0.977222502232
47138,0.532112419605
47139,0.507244288921
47144,0.749718785286
47146,0.94151777029
47147,0.770715117455
47148,0.974997460842
47149,0.88842946291
47152,0.539087891579
47154,0.240834265947
47155,0.956991314888
47158,0.943756401539
47160,0.722395241261
47164,0.730769395828
47165,0.757264912128
47167,0.670933544636
47168,0.760406494141
47169,0.93077224493
47170,0.895489215851
47172,0.578441500664
47173,0.692254364491
47174,0.89989054203
47177,0.83307081461
47179,0.286288350821
47181,0.808212578297
47182,0.907111287117
47183,0.939311444759
47187,0.974805176258
47188,0.684481620789
47193,0.539325237274
47198,0.984939754009
47200,0.887891888618
47201,0.742871463299
47202,0.953054368496
47203,0.952347993851
47204,0.963751196861
47205,0.737284183502
47207,0.964769363403
47209,0.844251692295
47212,0.814903914928
47213,0.987647175789
47214,0.740476429462
47216,0.659953951836
47217,0.957929074764
47218,0.957736253738
47221,0.475712627172
47222,0.853135228157
47226,0.595552027225
47227,0.730022370815
47229,0.875251471996
47231,0.968963086605
47233,0.963615596294
47234,0.870518088341
47235,0.95337074995
47240,0.879668354988
47241,0.872835040092
47242,0.46727669239
47243,0.837759792805
47246,0.483728677034
47247,0.340855777264
47248,0.990315258503
47251,0.0673826858401
47252,0.443028390408
47253,0.904833257198
47254,0.771399319172
47256,0.680697798729
47259,0.787080645561
47260,0.747036278248
47261,0.878639996052
47264,0.873278200626
47267,0.976740956306
47268,0.827344655991
47269,0.980704367161
47270,0.972662389278
47272,0.839572191238
47274,0.344445496798
47276,0.758509099483
47279,0.674920380116
47280,0.662436246872
47281,0.754437088966
47284,0.932313501835
47286,0.694244265556
47287,0.505605638027
47288,0.4343996346
47289,0.457209527493
47291,0.670882344246
47293,0.457454115152
47294,0.550489127636
47296,0.971993803978
47298,0.878055274487
47301,0.784734129906
47302,0.771784901619
47305,0.776890575886
47306,0.992848038673
47308,0.799470365047
47309,0.311797380447
47310,0.843749821186
47312,0.707753896713
47314,0.89257401228
47317,0.935011982918
47318,0.7231772542
47321,0.863552331924
47322,0.982155621052
47323,0.412268877029
47324,0.914119720459
47325,0.679833710194
47329,0.862780153751
47330,0.733465850353
47332,0.902267456055
47336,0.954841911793
47337,0.456046670675
47341,0.802106797695
47343,0.976703226566
47348,0.913926839828
47349,0.809947013855
47360,0.6354611516
47361,0.72314375639
47364,0.126708701253
47365,0.852984666824
47369,0.575369417667
47372,0.606341958046
47376,0.653661727905
47377,0.318935453892
47378,0.916586518288
47381,0.991697072983
47386,0.969089925289
47390,0.852089226246
47391,0.5722412467
47392,0.177091270685
47393,0.859492242336
47394,0.814905405045
47396,0.877031505108
47397,0.789111375809
47399,0.925380766392
47401,0.890384852886
47403,0.800108671188
47405,0.823759138584
47406,0.937264680862
47407,0.784850955009
47408,0.876737058163
47409,0.927102506161
47410,0.573066353798
47413,0.97407823801
47414,0.616491496563
47421,0.926083803177
47422,0.0768560990691
47425,0.954267442226
47426,0.945618033409
47428,0.774183511734
47430,0.444931954145
47431,0.534883081913
47432,0.798179209232
47433,0.145495787263
47436,0.925573348999
47441,0.758426010609
47446,0.487189054489
47449,0.928734540939
47450,0.923981785774
47454,0.800290703773
47455,0.666989684105
47456,0.857092618942
47457,0.204574972391
47458,0.982101380825
47459,0.934185326099
47465,0.867434084415
47467,0.914762198925
47475,0.896551966667
47476,0.857209384441
47477,0.921293020248
47482,0.848481059074
47483,0.762826502323
47485,0.593990087509
47486,0.455898344517
47489,0.835666716099
47490,0.862915277481
47491,0.840172052383
47494,0.929059863091
47495,0.801700472832
47499,0.708669781685
47500,0.799952983856
47501,0.877479255199
47502,0.918789088726
47504,0.52983301878
47505,0.861986458302
47507,0.767226397991
47508,0.817767798901
47509,0.509370148182
47510,0.602608561516
47511,0.715776145458
47514,0.695187747478
47515,0.978901326656
47516,0.793304860592
47518,0.821543872356
47521,0.948915362358
47523,0.909798622131
47524,0.908600211143
47527,0.167471945286
47528,0.727806448936
47529,0.736084580421
47530,0.608365178108
47531,0.582707881927
47533,0.955189287663
47536,0.805763721466
47537,0.876055300236
47538,0.918119668961
47543,0.967835843563
47547,0.894905209541
47549,0.679236412048
47551,0.627411544323
47556,0.903445780277
47558,0.856707394123
47559,0.537219524384
47562,0.928426802158
47563,0.828131914139
47569,0.590453922749
47570,0.310531079769
47571,0.809863328934
47573,0.852617800236
47574,0.700519740582
47575,0.979844987392
47579,0.384283810854
47580,0.720087766647
47581,0.844515264034
47583,0.837688982487
47584,0.776098549366
47585,0.383019775152
47586,0.778535842896
47587,0.873497247696
47588,0.954325735569
47590,0.686065018177
47591,0.898283600807
47592,0.449253082275
47595,0.934204697609
47596,0.95806658268
47597,0.981972575188
47599,0.977977871895
47600,0.93931132555
47601,0.939350426197
47602,0.619356215
47603,0.749017357826
47604,0.894323348999
47605,0.716934084892
47606,0.916449010372
47607,0.900391578674
47608,0.903652787209
47609,0.453971743584
47610,0.989715158939
47611,0.847585916519
47612,0.990435898304
47613,0.907937526703
47615,0.628357708454
47618,0.737757742405
47619,0.935449957848
47620,0.967670977116
47621,0.717415928841
47623,0.724717617035
47625,0.717611074448
47627,0.925532996655
47628,0.979226589203
47629,0.764375030994
47633,0.957849144936
47634,0.486208051443
47635,0.296189516783
47636,0.64268797636
47639,0.861920773983
47642,0.878598332405
47644,0.931748688221
47646,0.977622270584
47649,0.760083079338
47652,0.876484394073
47653,0.806293785572
47659,0.680382788181
47661,0.749739289284
47663,0.777727723122
47666,0.951962649822
47668,0.556339025497
47670,0.725697100163
47672,0.956207633018
47675,0.536014616489
47677,0.87867641449
47678,0.840551137924
47683,0.903708398342
47685,0.640724778175
47687,0.821302890778
47688,0.867836475372
47690,0.685935914516
47692,0.626557469368
47693,0.854417443275
47694,0.974572002888
47696,0.765299260616
47698,0.832657754421
47699,0.854297637939
47700,0.91257840395
47702,0.50381821394
47703,0.475925415754
47705,0.961688399315
47706,0.596386015415
47707,0.982896864414
47709,0.919338583946
47710,0.852051258087
47715,0.960870265961
47719,0.798872232437
47722,0.503679454327
47724,0.838133692741
47725,0.803409874439
47726,0.986884117126
47732,0.741391539574
47737,0.703393280506
47739,0.597270727158
47741,0.666337370872
47743,0.960767507553
47745,0.937876999378
47746,0.504202544689
47748,0.919255375862
47749,0.7757178545
47750,0.862815141678
47751,0.41036221385
47755,0.985337972641
47756,0.747889697552
47757,0.943880021572
47758,0.648000359535
47759,0.948049366474
47762,0.811101973057
47763,0.832032501698
47764,0.940761983395
47768,0.298068493605
47769,0.704005241394
47776,0.898447811604
47777,0.616938054562
47778,0.879171311855
47780,0.55127209425
47781,0.996424019337
47789,0.593189835548
47790,0.722101926804
47792,0.918900549412
47794,0.783798515797
47795,0.858327686787
47796,0.749947071075
47797,0.856605052948
47801,0.905103027821
47802,0.912231862545
47804,0.873555719852
47805,0.81260818243
47806,0.985988438129
47807,0.563340425491
47812,0.67472922802
47817,0.758239448071
47820,0.846125781536
47822,0.842484295368
47823,0.943538546562
47824,0.939462184906
47826,0.783295691013
47831,0.890210092068
47833,0.878367125988
47834,0.0710696727037
47835,0.729696810246
47836,0.827480077744
47837,0.688091099262
47841,0.775127053261
47842,0.521637141705
47843,0.843455195427
47845,0.893021404743
47846,0.681112289429
47848,0.872657954693
47850,0.459567248821
47851,0.85766017437
47853,0.742733538151
47855,0.152273610234
47856,0.956603944302
47857,0.687383413315
47860,0.967423319817
47861,0.929090857506
47862,0.488549381495
47863,0.710625767708
47865,0.699238419533
47866,0.895156025887
47867,0.607011377811
47868,0.812361299992
47869,0.425862491131
47874,0.857907474041
47879,0.961167633533
47880,0.251609951258
47881,0.963639140129
47889,0.951954424381
47892,0.892914712429
47894,0.5414108634
47897,0.863361179829
47898,0.813931941986
47903,0.738802552223
47905,0.328938990831
47907,0.499818861485
47909,0.924504160881
47911,0.973183453083
47912,0.697646856308
47914,0.659378111362
47915,0.809195637703
47917,0.890181481838
47921,0.935633063316
47922,0.672697663307
47923,0.886749088764
47925,0.371821343899
47926,0.673553287983
47927,0.326989322901
47930,0.315661758184
47932,0.949331223965
47933,0.695994198322
47935,0.619418740273
47939,0.68232011795
47940,0.657789826393
47941,0.936935782433
47944,0.588784873486
47945,0.807406961918
47946,0.943470239639
47947,0.922668635845
47948,0.394133627415
47949,0.967380166054
47953,0.697804808617
47955,0.727596879005
47956,0.975218832493
47958,0.974054276943
47959,0.658828437328
47963,0.7231092453
47964,0.89761775732
47967,0.675852656364
47968,0.8891466856
47969,0.867816209793
47970,0.977843344212
47971,0.919045507908
47973,0.541749060154
47974,0.706715047359
47977,0.876965463161
47980,0.880896449089
47985,0.620063006878
47987,0.425029397011
47989,0.950729727745
47990,0.673115670681
47993,0.759603738785
47995,0.959433376789
47996,0.934349358082
47997,0.878988027573
48000,0.6632630229
48001,0.835114002228
48004,0.869377493858
48005,0.670079529285
48008,0.940383374691
48009,0.780401706696
48015,0.788567304611
48016,0.746083676815
48017,0.90487575531
48018,0.679262161255
48019,0.501229643822
48021,0.69796782732
48023,0.85543179512
48024,0.935435652733
48028,0.76646232605
48030,0.949841439724
48031,0.864249408245
48034,0.799132704735
48035,0.882552623749
48037,0.779072582722
48040,0.9576202631
48044,0.692040085793
48046,0.990881919861
48049,0.903126955032
48050,0.764070391655
48053,0.849104940891
48057,0.733436226845
48059,0.962043464184
48060,0.892413675785
48061,0.568131268024
48063,0.822823822498
48065,0.332501858473
48066,0.962364971638
48067,0.875748276711
48069,0.928367078304
48070,0.905907273293
48072,0.91596031189
48073,0.795984983444
48076,0.877176463604
48077,0.72348856926
48080,0.986133396626
48081,0.620194733143
48082,0.935863077641
48084,0.740320801735
48085,0.572619795799
48086,0.932281553745
48087,0.505507409573
48088,0.85547298193
48089,0.912642359734
48091,0.642308175564
48092,0.798041701317
48093,0.705306410789
48094,0.82159113884
48095,0.631416499615
48097,0.984287142754
48100,0.506116092205
48101,0.735647022724
48104,0.942298293114
48109,0.117092981935
48113,0.710710644722
48115,0.920926570892
48116,0.938335120678
48117,0.820040762424
48118,0.908580243587
48119,0.701335310936
48120,0.922040045261
48121,0.906966626644
48122,0.490292578936
48124,0.990266144276
48127,0.886858105659
48130,0.685367405415
48131,0.622561216354
48133,0.974613308907
48142,0.789571404457
48143,0.956985890865
48144,0.968275487423
48147,0.957073748112
48148,0.969558238983
48149,0.468735456467
48150,0.923636376858
48151,0.92037320137
48153,0.8552120924
48156,0.613314151764
48157,0.941603899002
48158,0.655900120735
48160,0.814733505249
48161,0.973428308964
48162,0.562789618969
48163,0.972753286362
48164,0.708721637726
48165,0.898790240288
48166,0.697830557823
48167,0.948321044445
48168,0.596941351891
48171,0.994982302189
48175,0.940953493118
48180,0.970634281635
48181,0.89886277914
48182,0.852649331093
48183,0.902622520924
48184,0.130033448339
48185,0.89171987772
48188,0.889268934727
48189,0.714424371719
48195,0.95268279314
48197,0.782773077488
48200,0.778332293034
48202,0.887513279915
48205,0.857223272324
48210,0.25586360693
48211,0.975798726082
48216,0.881064474583
48217,0.797504067421
48218,0.904233813286
48219,0.864924252033
48221,0.0871028974652
48222,0.78621929884
48224,0.90384209156
48225,0.886098921299
48227,0.741501152515
48228,0.944317638874
48229,0.77417832613
48231,0.981200277805
48235,0.799619019032
48236,0.977465629578
48237,0.532175838947
48239,0.785262405872
48240,0.500774681568
48243,0.828963160515
48250,0.349314749241
48251,0.987316250801
48256,0.851052880287
48257,0.980537116528
48259,0.88201290369
48260,0.215486973524
48262,0.56324338913
48263,0.973941504955
48265,0.415646106005
48266,0.985115587711
48268,0.812174379826
48269,0.948122620583
48270,0.89820587635
48274,0.655301868916
48275,0.962478339672
48277,0.922182559967
48278,0.766661524773
48279,0.781917273998
48280,0.920320391655
48281,0.632827222347
48283,0.80933791399
48285,0.739173412323
48287,0.671366631985
48288,0.685556948185
48289,0.904350101948
48291,0.79552179575
48296,0.974453210831
48299,0.902384698391
48301,0.795539617538
48302,0.898098647594
48303,0.875243425369
48307,0.909138202667
48313,0.959365904331
48314,0.97202038765
48316,0.574697732925
48317,0.792317688465
48319,0.972446799278
48321,0.69361358881
48322,0.746900200844
48325,0.775854051113
48327,0.433888614178
48329,0.707311928272
48332,0.870990216732
48335,0.642433047295
48340,0.992016196251
48341,0.811025500298
48345,0.804595053196
48346,0.718687415123
48348,0.937905490398
48349,0.669273674488
48350,0.989964067936
48352,0.914731383324
48353,0.955884575844
48354,0.623800396919
48357,0.892009019852
48358,0.798131763935
48359,0.869814276695
48361,0.828699052334
48365,0.94012260437
48366,0.846159279346
48370,0.795859277248
48371,0.957722365856
48372,0.811232030392
48379,0.57982981205
48381,0.568553388119
48382,0.97578638792
48383,0.960242569447
48384,0.953421235085
48385,0.19061525166
48388,0.942583739758
48389,0.529015243053
48390,0.839073359966
48391,0.613535821438
48394,0.880424022675
48395,0.958000421524
48399,0.979470193386
48403,0.805093586445
48406,0.963198423386
48408,0.607494831085
48414,0.855499923229
48417,0.919072091579
48421,0.692674160004
48423,0.751761615276
48424,0.720513045788
48426,0.806409657001
48430,0.740749180317
48431,0.653518736362
48433,0.758208215237
48435,0.872046887875
48436,0.865146994591
48438,0.959678590298
48439,0.561232507229
48443,0.827391266823
48444,0.826121270657
48446,0.907730221748
48447,0.673677444458
48453,0.625291407108
48455,0.414606779814
48460,0.948645234108
48463,0.555717885494
48464,0.839893221855
48466,0.839798092842
48467,0.394564986229
48469,0.588505864143
48470,0.972526073456
48472,0.920704603195
48473,0.834420442581
48474,0.964263141155
48475,0.963408529758
48478,0.813074946404
48479,0.888598501682
48480,0.990240573883
48483,0.733365118504
48487,0.733610212803
48491,0.683649599552
48492,0.907365620136
48494,0.823174238205
48495,0.893455505371
48496,0.986847817898
48497,0.955089867115
48499,0.977908909321
48502,0.9025862813
48503,0.646399497986
48505,0.96364480257
48506,0.62254679203
48507,0.843357384205
48508,0.850778400898
48511,0.985654652119
48512,0.90382027626
48514,0.984000504017
48516,0.732466876507
48517,0.974927186966
48518,0.98226326704
48520,0.866751134396
48526,0.836547017097
48527,0.934914052486
48528,0.832526445389
48539,0.970925867558
48542,0.981998682022
48543,0.565646588802
48545,0.935655295849
48547,0.889730870724
48550,0.813815295696
48551,0.914842605591
48554,0.826870858669
48556,0.337402999401
48560,0.950413167477
48561,0.577172160149
48563,0.930115580559
48565,0.893324196339
48566,0.980380058289
48567,0.969413101673
48568,0.490587681532
48570,0.452237039804
48572,0.538485348225
48575,0.61515212059
48578,0.62292611599
48580,0.869753301144
48583,0.843802809715
48586,0.783130884171
48587,0.976461946964
48588,0.775501608849
48593,0.630485653877
48594,0.693764448166
48595,0.636143505573
48597,0.92561173439
48599,0.759499788284
48600,0.751838088036
48601,0.928468286991
48602,0.817627191544
48603,0.804900884628
48607,0.929340481758
48615,0.935370445251
48616,0.76198476553
48617,0.750267148018
48619,0.980853259563
48621,0.401956707239
48623,0.788320302963
48625,0.637039124966
48629,0.917249262333
48630,0.907068550587
48632,0.832905948162
48634,0.616513848305
48642,0.729198098183
48644,0.802861750126
48649,0.964360356331
48651,0.904538631439
48652,0.977544665337
48654,0.689996540546
48655,0.928119003773
48656,0.970718801022
48658,0.626117527485
48659,0.976432621479
48660,0.956020355225
48661,0.716427385807
48662,0.915667831898
48664,0.895251691341
48665,0.949698269367
48666,0.64004278183
48667,0.947531461716
48671,0.631621599197
48672,0.973374545574
48674,0.744466602802
48675,0.936930656433
48679,0.979437828064
48681,0.983123779297
48682,0.905526578426
48683,0.789674580097
48685,0.322996646166
48686,0.499640673399
48687,0.885584533215
48689,0.779570877552
48691,0.906423509121
48692,0.790201365948
48693,0.719529271126
48695,0.855591475964
48697,0.558029413223
48699,0.935252726078
48701,0.862978875637
48703,0.838885545731
48705,0.974406599998
48707,0.811116456985
48708,0.58657759428
48709,0.194866538048
48710,0.534740924835
48711,0.940415084362
48713,0.811285674572
48714,0.708018541336
48715,0.900485217571
48716,0.85534709692
48717,0.722163081169
48718,0.989055991173
48719,0.745725512505
48720,0.906218469143
48721,0.955560863018
48724,0.542749106884
48725,0.717639625072
48729,0.918687283993
48730,0.44262689352
48731,0.82574826479
48732,0.652440786362
48733,0.913790643215
48734,0.922703444958
48737,0.883740127087
48740,0.960602998734
48745,0.950227558613
48746,0.914828121662
48747,0.964571774006
48751,0.884656250477
48753,0.750342965126
48755,0.869306445122
48756,0.588453412056
48757,0.919144570827
48758,0.467539101839
48760,0.651026785374
48761,0.943120956421
48764,0.978315114975
48765,0.933671832085
48766,0.58180564642
48775,0.950509130955
48776,0.860947966576
48777,0.730397582054
48778,0.950650990009
48780,0.708560585976
48785,0.833622395992
48786,0.95272141695
48788,0.695263266563
48789,0.929485559464
48790,0.960221469402
48792,0.888551175594
48794,0.984519481659
48796,0.88160264492
48799,0.455885261297
48801,0.55540138483
48802,0.783589839935
48804,0.90123462677
48805,0.881681621075
48810,0.781331062317
48811,0.850267112255
48813,0.882338583469
48814,0.920330405235
48815,0.941542088985
48816,0.495929986238
48817,0.574741780758
48818,0.783854067326
48824,0.867677032948
48827,0.701809346676
48829,0.537401139736
48830,0.855150997639
48834,0.434502363205
48835,0.579612612724
48836,0.853450477123
48839,0.832738697529
48840,0.379277288914
48841,0.559083819389
48847,0.438575983047
48848,0.980783045292
48850,0.940134942532
48851,0.543876588345
48858,0.793602526188
48860,0.925695180893
48862,0.971167743206
48865,0.972033143044
48867,0.984776616096
48868,0.727646231651
48869,0.863353610039
48871,0.552768230438
48873,0.987144172192
48874,0.988933444023
48875,0.707262277603
48876,0.876166760921
48878,0.904383301735
48880,0.266353458166
48882,0.668626606464
48883,0.954911231995
48884,0.9104129076
48885,0.962281703949
48886,0.916443228722
48887,0.748176336288
48888,0.890080034733
48891,0.589825809002
48892,0.827149748802
48893,0.80111092329
48894,0.844718575478
48895,0.878987371922
48896,0.877265393734
48900,0.380368947983
48902,0.96372961998
48905,0.843245565891
48907,0.650316178799
48911,0.791339993477
48914,0.710400879383
48918,0.85626989603
48919,0.67710095644
48921,0.807002902031
48922,0.958173394203
48923,0.948444008827
48924,0.600035071373
48925,0.660327732563
48927,0.542553603649
48929,0.72445589304
48930,0.92343723774
48933,0.744832634926
48936,0.747529566288
48938,0.834187507629
48939,0.960551083088
48940,0.976062953472
48941,0.928258061409
48945,0.917122960091
48947,0.868119180202
48949,0.916608333588
48956,0.867563426495
48958,0.902487039566
48961,0.989782750607
48962,0.987453043461
48964,0.553969562054
48966,0.791098296642
48971,0.933005511761
48973,0.962638258934
48974,0.887893080711
48978,0.440600723028
48979,0.973795235157
48980,0.879509806633
48983,0.631952881813
48984,0.961628556252
48990,0.719521045685
48992,0.968012988567
48993,0.913189888
48997,0.853708922863
49002,0.594942331314
49005,0.842674076557
49007,0.648718953133
49009,0.802453577518
49010,0.804963946342
49015,0.892750501633
49020,0.906717658043
49021,0.682877540588
49023,0.9194252491
49026,0.854210793972
49028,0.847026228905
49029,0.5201395154
49030,0.728661000729
49031,0.843443036079
49032,0.731074392796
49038,0.948278188705
49039,0.783954203129
49040,0.608397066593
49041,0.920673310757
49042,0.815828919411
49043,0.676827907562
49046,0.826572656631
49047,0.895425438881
49049,0.503259718418
49051,0.964038193226
49053,0.820141255856
49060,0.802589833736
49061,0.760766744614
49062,0.63821721077
49065,0.953556239605
49067,0.731221675873
49069,0.974608123302
49074,0.897902369499
49075,0.979786872864
49076,0.732849419117
49077,0.976288437843
49079,0.944527685642
49084,0.940408349037
49086,0.763291180134
49087,0.952480256557
49088,0.939781069756
49090,0.978224396706
49094,0.986591279507
49097,0.98038738966
49098,0.920194506645
49100,0.929788053036
49102,0.842150986195
49103,0.948451340199
49106,0.790006697178
49112,0.734195947647
49114,0.71800750494
49115,0.84403437376
49116,0.881152033806
49118,0.392356544733
49119,0.774677932262
49123,0.968086481094
49125,0.980271100998
49126,0.96956962347
49128,0.746195733547
49129,0.803013563156
49130,0.741851568222
49131,0.832932651043
49132,0.990536272526
49134,0.469756662846
49139,0.770801007748
49140,0.892898499966
49143,0.925054788589
49144,0.687487006187
49145,0.644946634769
49146,0.70534569025
49147,0.586287438869
49148,0.66053634882
49149,0.974615573883
49151,0.560357809067
49152,0.900906801224
49154,0.828009903431
49155,0.864753127098
49156,0.924156486988
49158,0.892871975899
49159,0.742880403996
49161,0.928369641304
49162,0.856321632862
49163,0.811772584915
49164,0.852848172188
49167,0.833271145821
49168,0.611413240433
49170,0.974606633186
49173,0.824480116367
49175,0.929606258869
49177,0.378654301167
49178,0.621026813984
49180,0.789629518986
49181,0.577435314655
49182,0.798444211483
49184,0.396246880293
49186,0.865557432175
49187,0.930135548115
49188,0.705136239529
49190,0.526274204254
49191,0.536029398441
49195,0.718166351318
49197,0.946364998817
49199,0.761528730392
49200,0.950804829597
49203,0.927478313446
49206,0.352639019489
49207,0.956054747105
49211,0.859562933445
49212,0.535597801208
49214,0.945942342281
49215,0.785991132259
49218,0.819117546082
49220,0.485745429993
49221,0.632436096668
49223,0.933600723743
49227,0.842685163021
49230,0.859139323235
49231,0.536640226841
49232,0.782340824604
49233,0.866782665253
49234,0.991229891777
49235,0.65512752533
49237,0.712046325207
49238,0.961445808411
49239,0.82343775034
49242,0.607408225536
49244,0.746584415436
49245,0.970925271511
49248,0.810529947281
49249,0.700792968273
49250,0.97092461586
49252,0.951420426369
49254,0.976428747177
49255,0.818483054638
49266,0.95839124918
49271,0.830780208111
49273,0.813918590546
49274,0.822430610657
49275,0.885806798935
49276,0.830517888069
49277,0.968787193298
49281,0.858333289623
49283,0.4046484828
49286,0.770696282387
49287,0.571867585182
49292,0.884965479374
49293,0.926775276661
49295,0.950140178204
49297,0.777591586113
49298,0.893665373325
49300,0.610092401505
49301,0.886415481567
49302,0.660712718964
49304,0.4546867311
49305,0.881109833717
49306,0.904706001282
49309,0.766516923904
49310,0.717213749886
49312,0.684350788593
49316,0.476320296526
49322,0.494168430567
49324,0.56064504385
49325,0.916675150394
49326,0.699003994465
49331,0.575517296791
49332,0.968881726265
49333,0.890669167042
49335,0.904181599617
49336,0.888178348541
49337,0.722360789776
49338,0.707501292229
49340,0.916780531406
49341,0.617979168892
49342,0.58286768198
49343,0.740633666515
49344,0.736776351929
49346,0.970122873783
49347,0.935083806515
49354,0.77927583456
49357,0.981187999249
49359,0.698584496975
49360,0.308234125376
49362,0.653403759003
49364,0.903513252735
49365,0.665293216705
49366,0.930266737938
49367,0.654541015625
49368,0.863395273685
49369,0.902969241142
49370,0.718234360218
49372,0.912100434303
49376,0.953123986721
49377,0.109571486712
49379,0.948602974415
49382,0.918283581734
49383,0.588608086109
49387,0.684089183807
49388,0.815677046776
49389,0.845695197582
49391,0.968906998634
49396,0.877837121487
49399,0.960952281952
49403,0.762461543083
49404,0.940988838673
49407,0.747624456882
49410,0.969466984272
49412,0.990281581879
49414,0.75059491396
49417,0.973352074623
49420,0.879114091396
49425,0.63367241621
49427,0.909929275513
49429,0.762898683548
49431,0.222020745277
49432,0.857840001583
49433,0.924751639366
49434,0.782186925411
49435,0.934985876083
49436,0.991555809975
49437,0.731642246246
49438,0.226315245032
49440,0.895804107189
49442,0.948371350765
49443,0.691148877144
49444,0.703868687153
49445,0.912758767605
49446,0.886111557484
49451,0.762058854103
49452,0.889363586903
49453,0.431278079748
49456,0.592601776123
49462,0.838200807571
49463,0.603836536407
49464,0.914940655231
49465,0.931318461895
49468,0.867645263672
49469,0.910161495209
49470,0.797439336777
49472,0.953645169735
49474,0.988597214222
49476,0.696091413498
49479,0.538588345051
49480,0.694931030273
49482,0.760534405708
49484,0.918979227543
49486,0.545115947723
49488,0.802559673786
49489,0.698643743992
49492,0.562190175056
49498,0.801966011524
49500,0.95187997818
49502,0.873694956303
49504,0.978077054024
49505,0.792159736156
49506,0.782092094421
49508,0.0859614685178
49509,0.968855857849
49511,0.87107282877
49512,0.918694019318
49513,0.7834456563
49514,0.70183390379
49516,0.338980823755
49522,0.914406895638
49523,0.872119128704
49524,0.710910618305
49525,0.902946710587
49527,0.822979569435
49529,0.858764708042
49532,0.779709815979
49534,0.978246212006
49535,0.718063771725
49537,0.780774891376
49538,0.898867785931
49540,0.695068359375
49543,0.975638389587
49545,0.981224834919
49547,0.735969185829
49548,0.939691364765
49550,0.761461317539
49551,0.747396469116
49557,0.427744954824
49558,0.938482105732
49560,0.974242985249
49562,0.806047320366
49564,0.889005422592
49569,0.856765568256
49570,0.836234033108
49571,0.801438450813
49574,0.626691997051
49576,0.690011143684
49578,0.77726149559
49580,0.543951928616
49583,0.880481541157
49585,0.748609244823
49586,0.513670861721
49588,0.976515591145
49590,0.73673337698
49591,0.859700202942
49593,0.838788747787
49595,0.539263367653
49596,0.646945953369
49599,0.684991121292
49601,0.808741569519
49602,0.953853905201
49603,0.424417316914
49605,0.800395548344
49606,0.915732324123
49607,0.983346819878
49611,0.887674808502
49613,0.926262259483
49614,0.97906178236
49617,0.751261174679
49618,0.751940429211
49621,0.541548371315
49622,0.908339500427
49623,0.68230009079
49625,0.944621920586
49630,0.947609186172
49631,0.961625814438
49632,0.583579182625
49634,0.79464507103
49638,0.696978449821
49640,0.977101504803
49641,0.926499605179
49642,0.750679731369
49643,0.0950012207031
49646,0.612538695335
49650,0.368566542864
49652,0.897782564163
49653,0.856228530407
49656,0.802508056164
49660,0.911855638027
49661,0.969685852528
49665,0.247637405992
49669,0.693988263607
49670,0.636748075485
49672,0.968141257763
49673,0.975356340408
49674,0.863941013813
49675,0.878057301044
49676,0.680310249329
49677,0.934168100357
49678,0.689429938793
49684,0.864989995956
49685,0.731172800064
49692,0.286928474903
49695,0.986059248447
49696,0.937565028667
49700,0.936693549156
49701,0.918730974197
49705,0.979631841183
49706,0.704130470753
49709,0.69785797596
49713,0.898433983326
49716,0.626246392727
49717,0.951463699341
49718,0.887547016144
49719,0.964012920856
49721,0.347129106522
49722,0.955068707466
49724,0.75918418169
49730,0.975896239281
49737,0.911532640457
49739,0.48345759511
49740,0.867151975632
49744,0.943600773811
49747,0.608921587467
49748,0.933336138725
49751,0.522476196289
49752,0.361427307129
49755,0.583423674107
49756,0.735661625862
49759,0.911952018738
49760,0.867394685745
49761,0.950806796551
49762,0.904098570347
49764,0.567413330078
49765,0.447677314281
49767,0.755851328373
49769,0.861714601517
49772,0.804683029652
49773,0.976904988289
49774,0.91366738081
49775,0.713033378124
49776,0.965776622295
49782,0.861393630505
49784,0.701624453068
49785,0.849908769131
49786,0.671268880367
49787,0.697293162346
49788,0.902655541897
49792,0.853922009468
49794,0.784739792347
49795,0.59794229269
49800,0.508194327354
49801,0.888354897499
49802,0.920139491558
49803,0.908236443996
49804,0.970050096512
49807,0.741605341434
49808,0.487795650959
49814,0.609741806984
49816,0.61250191927
49819,0.76403516531
49821,0.821611225605
49822,0.637984216213
49823,0.645416140556
49828,0.485725075006
49834,0.935092389584
49835,0.927002191544
49837,0.776407957077
49840,0.969641685486
49843,0.91023504734
49846,0.419910848141
49848,0.898365080357
49849,0.975163638592
49851,0.698187887669
49852,0.979029655457
49854,0.825963616371
49855,0.251265108585
49858,0.5978256464
49859,0.965801715851
49865,0.775815188885
49866,0.689439296722
49867,0.712167859077
49868,0.729300022125
49869,0.715310513973
49871,0.818853437901
49872,0.523660004139
49873,0.966029703617
49874,0.289256870747
49877,0.858931422234
49879,0.781397402287
49880,0.988384246826
49881,0.807705760002
49882,0.662081241608
49883,0.843229055405
49885,0.698669433594
49888,0.808615505695
49889,0.60912168026
49890,0.767952382565
49891,0.527498722076
49893,0.963748633862
49896,0.592826366425
49899,0.982976555824
49901,0.735317885876
49903,0.581519365311
49904,0.284007668495
49905,0.955597877502
49906,0.985502362251
49908,0.766237854958
49909,0.903937637806
49910,0.675954639912
49911,0.322128355503
49914,0.933762431145
49915,0.810749828815
49916,0.656592965126
49917,0.95194965601
49918,0.65558975935
49919,0.528309941292
49920,0.77403241396
49922,0.872893989086
49925,0.816946744919
49929,0.953515589237
49933,0.934457361698
49936,0.968911826611
49937,0.97231310606
49938,0.832040727139
49941,0.829632639885
49944,0.969462513924
49946,0.624850988388
49950,0.99384188652
49953,0.959359526634
49954,0.843229472637
49955,0.822688043118
49957,0.870985329151
49958,0.63934391737
49961,0.619264602661
49962,0.80433088541
49965,0.824140667915
49966,0.82776248455
49968,0.77244335413
49969,0.499951422215
49970,0.907824575901
49975,0.814898967743
49976,0.879662632942
49977,0.884205400944
49980,0.747399151325
49982,0.927884638309
49983,0.825501084328
49984,0.831245362759
49985,0.809319496155
49986,0.689150869846
49989,0.834659695625
49990,0.899482011795
49993,0.945478975773
49995,0.667961835861
49997,0.677633464336
49999,0.911900162697
50001,0.982840776443
50002,0.410580813885
50003,0.74377655983
50004,0.613039493561
50009,0.940368592739
50012,0.755631327629
50017,0.293701291084
50019,0.928779780865
50021,0.843713223934
50023,0.853543102741
50025,0.937392771244
50029,0.873392939568
50031,0.695056974888
50032,0.591333210468
50034,0.592979133129
50035,0.859413504601
50036,0.86752986908
50037,0.670729279518
50040,0.279193997383
50041,0.697948396206
50043,0.957604169846
50044,0.351233094931
50045,0.971514940262
50047,0.572403430939
50050,0.845137238503
50051,0.981161832809
50052,0.789432227612
50057,0.868885576725
50059,0.665148377419
50060,0.932615220547
50065,0.991001188755
50066,0.630923211575
50068,0.880405366421
50070,0.645055711269
50071,0.671790957451
50074,0.924889266491
50077,0.80730766058
50078,0.695960819721
50083,0.741416871548
50085,0.821969032288
50091,0.919358968735
50093,0.65179592371
50094,0.962394535542
50095,0.791699886322
50096,0.900860071182
50098,0.340455979109
50100,0.588044583797
50105,0.762969911098
50106,0.373744934797
50109,0.910273313522
50110,0.717461228371
50111,0.624324977398
50112,0.867274880409
50113,0.94860124588
50115,0.651749610901
50116,0.924632370472
50119,0.96628922224
50121,0.746140420437
50122,0.872912049294
50124,0.816865324974
50125,0.979722797871
50126,0.859368085861
50129,0.740968167782
50132,0.847065389156
50133,0.813581764698
50135,0.954702377319
50137,0.774721026421
50138,0.860139727592
50139,0.911086857319
50142,0.483624368906
50147,0.937326788902
50150,0.702456533909
50151,0.967266798019
50153,0.590332627296
50160,0.904356181622
50165,0.883786976337
50167,0.750957429409
50169,0.810819089413
50171,0.980430424213
50178,0.891639888287
50179,0.127526268363
50181,0.976439356804
50184,0.705607533455
50185,0.845610976219
50186,0.910208284855
50189,0.681697487831
50190,0.682365298271
50192,0.451285094023
50194,0.835557818413
50195,0.620680630207
50200,0.831677794456
50201,0.947965025902
50202,0.602374076843
50203,0.934783637524
50204,0.898360013962
50205,0.929451227188
50207,0.933024227619
50208,0.466139495373
50210,0.823911011219
50212,0.752038002014
50214,0.96914601326
50215,0.725043356419
50219,0.701833128929
50227,0.898382306099
50229,0.981817007065
50231,0.567525684834
50232,0.904419660568
50234,0.812729656696
50235,0.819874048233
50237,0.95082950592
50238,0.749306201935
50239,0.931910872459
50241,0.977634906769
50242,0.586950302124
50243,0.926919937134
50245,0.923852026463
50248,0.38603708148
50250,0.915394365788
50256,0.875663340092
50257,0.699942052364
50258,0.964445710182
50260,0.967795193195
50261,0.882644176483
50262,0.864694416523
50263,0.652494013309
50265,0.871956408024
50266,0.959190011024
50268,0.710678458214
50269,0.358357071877
50270,0.775060892105
50271,0.913624227047
50272,0.449969768524
50274,0.935891807079
50277,0.600019216537
50278,0.774888038635
50279,0.790568172932
50280,0.878498852253
50282,0.481232821941
50285,0.814248323441
50286,0.699790596962
50287,0.948436379433
50288,0.878553569317
50291,0.739540576935
50292,0.734952151775
50299,0.957009136677
50302,0.83073079586
50304,0.85454416275
50306,0.915116846561
50309,0.807337164879
50310,0.88176882267
50311,0.957969248295
50312,0.518955886364
50314,0.754349350929
50316,0.879541814327
50317,0.959142029285
50319,0.974665403366
50320,0.849307537079
50321,0.643612504005
50322,0.717588245869
50327,0.531592190266
50328,0.83313947916
50329,0.616944253445
50330,0.861783742905
50334,0.920806825161
50335,0.739230155945
50336,0.871994972229
50337,0.951226115227
50338,0.929712891579
50339,0.552660822868
50340,0.414236038923
50342,0.848331749439
50343,0.917943239212
50346,0.64810115099
50349,0.881781876087
50350,0.988756835461
50351,0.898407876492
50353,0.930673420429
50357,0.133774206042
50358,0.594579994678
50359,0.816412687302
50360,0.804653048515
50362,0.423799872398
50363,0.825590610504
50365,0.70780813694
50367,0.62940210104
50374,0.520822763443
50379,0.988675832748
50380,0.938208758831
50384,0.495818018913
50385,0.193674877286
50386,0.895294606686
50387,0.578825414181
50388,0.944961428642
50389,0.920934081078
50392,0.855560719967
50393,0.567546486855
50394,0.462033987045
50400,0.93482208252
50401,0.849116325378
50402,0.888874948025
50403,0.863164067268
50404,0.908846914768
50409,0.3802780509
50411,0.978660404682
50412,0.797242224216
50414,0.90189576149
50415,0.773842215538
50418,0.947917878628
50419,0.616720795631
50423,0.893746972084
50424,0.72651129961
50425,0.959895014763
50428,0.885800361633
50430,0.981740832329
50431,0.966954052448
50432,0.443212151527
50433,0.931652843952
50435,0.821768760681
50436,0.763317465782
50437,0.646763980389
50438,0.614000141621
50439,0.954251110554
50442,0.838407158852
50443,0.895379602909
50445,0.932468593121
50446,0.96064800024
50448,0.717982530594
50449,0.572627007961
50450,0.81377774477
50451,0.953761696815
50452,0.98461908102
50453,0.889046430588
50456,0.755127966404
50458,0.642831683159
50460,0.981972694397
50467,0.458679914474
50468,0.364598184824
50470,0.679690182209
50471,0.485168844461
50473,0.869438886642
50474,0.865419328213
50475,0.682319700718
50476,0.841402828693
50478,0.717419862747
50479,0.924709975719
50481,0.605265140533
50484,0.895108819008
50485,0.98353344202
50488,0.681964814663
50491,0.691219329834
50493,0.96466422081
50495,0.921136319637
50496,0.511326789856
50498,0.695076525211
50499,0.799613833427
50501,0.945282697678
50502,0.917431056499
50503,0.674211621284
50505,0.581124484539
50506,0.941580533981
50508,0.911454617977
50510,0.98303103447
50513,0.911535203457
50514,0.861990571022
50515,0.625779569149
50517,0.721230149269
50522,0.888619840145
50523,0.737511754036
50525,0.815504670143
50528,0.786312580109
50530,0.737813949585
50531,0.843931674957
50533,0.658537328243
50534,0.733915328979
50535,0.704313158989
50536,0.59599083662
50540,0.433068811893
50541,0.765516638756
50543,0.790827512741
50546,0.957116484642
50547,0.567551970482
50551,0.739574015141
50552,0.798402190208
50553,0.961469590664
50554,0.491944491863
50555,0.923358142376
50558,0.286814659834
50559,0.871256530285
50560,0.826368272305
50566,0.539679586887
50567,0.904688477516
50568,0.379129678011
50573,0.940576970577
50574,0.429988056421
50575,0.838265955448
50577,0.856208086014
50578,0.912482738495
50579,0.75520336628
50580,0.887824475765
50581,0.550143241882
50583,0.954941034317
50588,0.945595562458
50593,0.402230083942
50597,0.987881541252
50599,0.561396896839
50601,0.443690240383
50603,0.777303397655
50604,0.697484910488
50605,0.863760888577
50607,0.923801779747
50608,0.957326829433
50610,0.500205099583
50612,0.893349468708
50613,0.863976597786
50614,0.733977079391
50615,0.995593726635
50616,0.662081122398
50618,0.750730037689
50619,0.97578728199
50620,0.295064985752
50622,0.782748222351
50623,0.939227938652
50624,0.45247399807
50626,0.321636736393
50629,0.772924244404
50631,0.721012532711
50641,0.293356537819
50642,0.66008245945
50643,0.85734051466
50644,0.937031745911
50646,0.909550845623
50647,0.881264507771
50650,0.96251642704
50651,0.992952883244
50654,0.915603578091
50657,0.89135736227
50658,0.98654037714
50659,0.9701141119
50664,0.779336512089
50666,0.576602518559
50667,0.796634078026
50669,0.886853516102
50670,0.849967598915
50672,0.875248908997
50673,0.960073232651
50675,0.941405057907
50676,0.980898737907
50677,0.896678090096
50680,0.940807342529
50682,0.359905391932
50684,0.834419667721
50688,0.978641569614
50689,0.894640743732
50694,0.984409153461
50697,0.374258667231
50698,0.59466445446
50700,0.927225351334
50701,0.758120119572
50703,0.626222550869
50705,0.944174826145
50707,0.77246940136
50711,0.906266748905
50712,0.45316824317
50719,0.980106472969
50720,0.845008134842
50721,0.978564500809
50722,0.87267768383
50724,0.812428891659
50725,0.531402826309
50726,0.24908348918
50727,0.584613144398
50728,0.987550199032
50730,0.962854921818
50732,0.510963797569
50734,0.525798141956
50735,0.943885207176
50736,0.715562582016
50744,0.867930412292
50746,0.911856949329
50747,0.787075579166
50749,0.722950696945
50750,0.730858504772
50751,0.808026194572
50753,0.619787395
50754,0.666716754436
50758,0.714506387711
50759,0.906620442867
50760,0.843699336052
50761,0.888749420643
50767,0.831347823143
50768,0.595717966557
50770,0.832962572575
50771,0.910928368568
50773,0.875595271587
50775,0.948164880276
50776,0.874223232269
50777,0.846224665642
50778,0.920052409172
50783,0.861781418324
50784,0.823698461056
50785,0.335742205381
50786,0.615911126137
50789,0.47709479928
50792,0.897097408772
50795,0.68066817522
50796,0.892817139626
50800,0.904329359531
50801,0.927386105061
50802,0.879107177258
50805,0.985816717148
50806,0.864840149879
50807,0.961424529552
50809,0.565832555294
50811,0.937242388725
50812,0.936512053013
50813,0.606797635555
50815,0.412829756737
50816,0.800643086433
50817,0.747994959354
50819,0.943737089634
50821,0.869907796383
50822,0.922163844109
50824,0.957498729229
50825,0.748902857304
50826,0.913571596146
50827,0.943810522556
50828,0.984053909779
50829,0.823386073112
50830,0.765940904617
50834,0.755581080914
50835,0.553651988506
50837,0.896936357021
50838,0.751978456974
50840,0.706677556038
50842,0.556953668594
50846,0.397657096386
50848,0.504709005356
50850,0.8646042943
50851,0.675725102425
50852,0.737489581108
50853,0.935729980469
50854,0.615565896034
50855,0.976293206215
50856,0.954196453094
50857,0.919815599918
50861,0.684934556484
50863,0.983680188656
50866,0.723649859428
50869,0.211221635342
50870,0.71092581749
50873,0.835124969482
50874,0.662704408169
50877,0.984404742718
50878,0.500383615494
50880,0.266169250011
50882,0.619789659977
50883,0.986451864243
50886,0.906037688255
50887,0.931893408298
50889,0.232854560018
50890,0.717557907104
50893,0.407597094774
50899,0.758201658726
50902,0.989796578884
50903,0.836910903454
50905,0.742402672768
50909,0.671022236347
50910,0.897373855114
50913,0.781507253647
50916,0.767893612385
50921,0.404355734587
50922,0.474734604359
50923,0.444672137499
50924,0.740045070648
50927,0.945220172405
50930,0.989578306675
50932,0.937286913395
50933,0.604800403118
50934,0.873231351376
50935,0.631547212601
50939,0.988861382008
50940,0.911415576935
50941,0.061291359365
50943,0.955315887928
50944,0.703725099564
50946,0.941090106964
50947,0.773209631443
50948,0.845347821712
50949,0.879108130932
50954,0.984582662582
50955,0.875950813293
50957,0.743909060955
50958,0.579392969608
50959,0.847691297531
50961,0.711089193821
50963,0.84836691618
50964,0.968623399734
50965,0.819257259369
50967,0.434174209833
50968,0.81737357378
50971,0.971804201603
50972,0.863194704056
50973,0.867452561855
50975,0.951484084129
50976,0.47446206212
50978,0.464634001255
50980,0.809081017971
50981,0.977352559566
50982,0.683963119984
50983,0.833578407764
50987,0.687604486942
50988,0.755213439465
50989,0.90211224556
50991,0.989985823631
50994,0.495379507542
50995,0.973123073578
50998,0.786400556564
51002,0.925840675831
51005,0.289863854647
51013,0.822472035885
51014,0.617398202419
51017,0.955727219582
51019,0.936297953129
51020,0.662451565266
51021,0.792465150356
51024,0.821348488331
51026,0.7498524189
51032,0.104299865663
51034,0.746769428253
51036,0.964638888836
51038,0.8974583745
51043,0.460868418217
51045,0.833368003368
51047,0.850158214569
51048,0.967225670815
51051,0.757018327713
51053,0.930184423923
51054,0.844460844994
51056,0.87470215559
51060,0.9707711339
51061,0.845685303211
51063,0.833155453205
51064,0.950164735317
51065,0.609581947327
51066,0.764641582966
51067,0.670581281185
51076,0.774796783924
51077,0.862311065197
51078,0.476049154997
51080,0.768644452095
51081,0.732821404934
51083,0.784949183464
51085,0.924035310745
51086,0.760178804398
51087,0.830599188805
51090,0.962010145187
51092,0.819251596928
51094,0.774910449982
51096,0.804443180561
51097,0.850195169449
51098,0.903662323952
51099,0.661961436272
51100,0.660495996475
51103,0.823556661606
51108,0.95392125845
51109,0.907363951206
51110,0.934698343277
51112,0.70181208849
51113,0.418408602476
51116,0.979973435402
51117,0.706244528294
51119,0.593904912472
51121,0.819875597954
51126,0.717343986034
51128,0.862161815166
51130,0.877778768539
51132,0.936306715012
51133,0.912995159626
51134,0.873911082745
51135,0.916402578354
51138,0.883579194546
51140,0.825074613094
51141,0.864328205585
51143,0.986084282398
51144,0.894616723061
51145,0.954600572586
51147,0.871809959412
51150,0.482178896666
51151,0.923627138138
51155,0.86161082983
51156,0.919634699821
51157,0.74461966753
51158,0.981920301914
51160,0.92697095871
51161,0.914528310299
51162,0.785991132259
51163,0.734123647213
51164,0.842726707458
51165,0.73472315073
51166,0.73982578516
51170,0.681550443172
51171,0.992225646973
51173,0.468907982111
51174,0.835044205189
51176,0.72671610117
51179,0.465406060219
51180,0.857676744461
51181,0.976911008358
51183,0.438175559044
51184,0.936006605625
51185,0.896363019943
51191,0.832129478455
51193,0.0809272527695
51194,0.804806470871
51196,0.897792935371
51197,0.781136095524
51198,0.56590461731
51199,0.669490993023
51202,0.861101508141
51204,0.653696835041
51208,0.782847642899
51211,0.974634826183
51213,0.856232643127
51216,0.975188672543
51217,0.696922838688
51219,0.978253602982
51220,0.832511723042
51222,0.75096064806
51223,0.839103221893
51224,0.502238333225
51227,0.558314859867
51228,0.552977442741
51229,0.498019218445
51231,0.867340326309
51232,0.874912142754
51233,0.991784334183
51234,0.875570654869
51237,0.501294672489
51240,0.433882862329
51241,0.795479476452
51243,0.55270832777
51245,0.728629767895
51248,0.934311032295
51250,0.910774350166
51251,0.97381490469
51252,0.495530098677
51253,0.71293759346
51256,0.734399139881
51257,0.991159260273
51262,0.697729408741
51263,0.977862358093
51264,0.960888445377
51265,0.81278604269
51267,0.807737529278
51268,0.774361252785
51269,0.859081327915
51271,0.936966240406
51272,0.830363452435
51273,0.745011270046
51274,0.57614761591
51275,0.93068665266
51276,0.925821661949
51283,0.759306430817
51286,0.922096312046
51287,0.720097184181
51291,0.850774884224
51293,0.957202315331
51299,0.821510434151
51300,0.946586847305
51304,0.829094052315
51305,0.654235124588
51309,0.843779027462
51310,0.682973206043
51311,0.898784935474
51312,0.93172621727
51316,0.632729947567
51318,0.940679609776
51320,0.791646838188
51322,0.760455012321
51323,0.951571047306
51329,0.90467607975
51330,0.83295571804
51331,0.735407888889
51332,0.865424215794
51333,0.787744581699
51334,0.857672393322
51335,0.847700178623
51338,0.886789679527
51339,0.912886202335
51342,0.947534382343
51344,0.537853837013
51345,0.947138607502
51347,0.697815537453
51349,0.782648980618
51350,0.656617343426
51351,0.978082180023
51359,0.847996890545
51361,0.970109343529
51362,0.775213062763
51367,0.320680290461
51368,0.9525192976
51369,0.978365421295
51370,0.991496741772
51376,0.866578221321
51377,0.861727714539
51380,0.157871291041
51382,0.900584936142
51383,0.281652808189
51384,0.807839810848
51387,0.281510680914
51388,0.553015887737
51390,0.907036960125
51393,0.993263721466
51398,0.290344506502
51399,0.90430277586
51400,0.941527605057
51401,0.972346365452
51405,0.592590451241
51411,0.902495980263
51413,0.438588112593
51414,0.869807124138
51417,0.281804352999
51420,0.956193387508
51425,0.840813696384
51429,0.957990765572
51431,0.806805551052
51432,0.909521400928
51434,0.362178832293
51436,0.964693248272
51441,0.839411735535
51442,0.481779396534
51444,0.95156288147
51445,0.962030172348
51449,0.539960682392
51454,0.824320375919
51455,0.959566056728
51456,0.770102918148
51457,0.696568608284
51460,0.818176269531
51461,0.94812810421
51462,0.596097707748
51464,0.746141135693
51465,0.991487026215
51468,0.901509702206
51469,0.744661927223
51470,0.288784682751
51473,0.92235070467
51474,0.63394254446
51478,0.870272517204
51479,0.911922872066
51480,0.828973531723
51481,0.615779340267
51484,0.899652063847
51485,0.980534493923
51486,0.927473187447
51488,0.870667755604
51489,0.982523977757
51492,0.832879662514
51493,0.955669283867
51495,0.988312780857
51497,0.872580707073
51500,0.944925367832
51501,0.989863455296
51502,0.979009628296
51503,0.879654884338
51505,0.95326089859
51506,0.697077691555
51509,0.824809134007
51510,0.706687152386
51511,0.898208022118
51514,0.679014742374
51517,0.81058216095
51520,0.648459434509
51526,0.576537013054
51528,0.92946434021
51534,0.945891678333
51539,0.713311553001
51540,0.623735785484
51541,0.601562738419
51543,0.848203063011
51544,0.752127707005
51545,0.871542036533
51546,0.980415999889
51549,0.922835707664
51551,0.589696407318
51552,0.725034594536
51553,0.410371303558
51555,0.865626335144
51556,0.984645545483
51557,0.98579698801
51559,0.38353562355
51560,0.898540139198
51565,0.357449948788
51566,0.924991905689
51568,0.936222851276
51569,0.740424215794
51570,0.98981243372
51571,0.773453593254
51573,0.618746161461
51575,0.818601071835
51577,0.873272836208
51578,0.836385667324
51579,0.782331943512
51583,0.738516271114
51584,0.950355112553
51586,0.737573087215
51590,0.856278598309
51593,0.797927618027
51597,0.739772617817
51602,0.973931789398
51603,0.891953349113
51604,0.881518423557
51607,0.938949108124
51608,0.855221867561
51609,0.29341250658
51612,0.863711178303
51613,0.648987531662
51615,0.891298651695
51621,0.575244069099
51622,0.989970624447
51623,0.88826417923
51624,0.428084373474
51626,0.721723258495
51631,0.85992538929
51632,0.805056273937
51633,0.950959205627
51634,0.718475222588
51638,0.299792706966
51640,0.738273561001
51641,0.943768501282
51647,0.756087779999
51648,0.986559510231
51650,0.966708898544
51652,0.349510699511
51656,0.738111913204
51657,0.591699838638
51660,0.940979242325
51662,0.888719201088
51663,0.984237372875
51665,0.783149003983
51671,0.869984507561
51672,0.828205764294
51674,0.903070271015
51675,0.91232830286
51677,0.945267260075
51678,0.328072220087
51679,0.784396409988
51680,0.71928948164
51681,0.543001353741
51683,0.353072583675
51684,0.796961784363
51685,0.454538315535
51686,0.846500635147
51691,0.644431173801
51696,0.877574920654
51697,0.784494638443
51698,0.805055618286
51699,0.706278204918
51701,0.984394133091
51702,0.934749960899
51704,0.813756465912
51706,0.849708080292
51707,0.837068378925
51708,0.97177618742
51711,0.969468891621
51712,0.859904646873
51715,0.5169749856
51717,0.643462002277
51719,0.877846777439
51724,0.80193656683
51727,0.929373621941
51730,0.876928627491
51733,0.975800573826
51734,0.698872685432
51735,0.690842986107
51736,0.81047129631
51737,0.933742702007
51738,0.66303473711
51740,0.547035634518
51742,0.917795836926
51743,0.921577036381
51744,0.945320546627
51747,0.938638210297
51748,0.951121151447
51749,0.903982639313
51750,0.642052352428
51754,0.979812026024
51756,0.981042027473
51760,0.634983181953
51761,0.891687870026
51762,0.968448281288
51767,0.915037810802
51770,0.954873979092
51771,0.805627286434
51772,0.619400978088
51774,0.818675994873
51777,0.864516973495
51778,0.986222922802
51779,0.994493246078
51782,0.93234962225
51783,0.895361304283
51786,0.708871245384
51790,0.211366519332
51792,0.71861410141
51793,0.411510139704
51796,0.550423204899
51798,0.897471606731
51801,0.827363073826
51802,0.946026682854
51803,0.954361557961
51806,0.942197561264
51807,0.684936761856
51808,0.942299664021
51809,0.768153429031
51812,0.780015289783
51815,0.826340556145
51816,0.812272071838
51818,0.845735728741
51819,0.992175281048
51820,0.930973052979
51821,0.799066543579
51827,0.977112412453
51830,0.971924901009
51831,0.621218085289
51833,0.782279193401
51839,0.817851960659
51840,0.970521569252
51841,0.719417989254
51844,0.938750743866
51845,0.737946748734
51849,0.440815329552
51851,0.906361937523
51853,0.560750961304
51854,0.968744575977
51855,0.974946796894
51858,0.793882608414
51862,0.813061177731
51865,0.936005651951
51866,0.865945339203
51870,0.992467820644
51875,0.53883099556
51877,0.916005373001
51879,0.569740831852
51880,0.799141526222
51882,0.857624590397
51883,0.682322263718
51885,0.926982045174
51886,0.950178921223
51887,0.757412850857
51888,0.404716610909
51889,0.741457879543
51892,0.924741566181
51893,0.958047986031
51894,0.523302078247
51895,0.787845730782
51896,0.724112331867
51897,0.876871883869
51898,0.810875833035
51900,0.694755196571
51901,0.802201330662
51902,0.971815228462
51903,0.441441565752
51906,0.889685809612
51907,0.730789780617
51908,0.899432718754
51910,0.973520815372
51911,0.42355287075
51912,0.905416309834
51913,0.660135865211
51914,0.429022848606
51915,0.705267131329
51916,0.695158958435
51917,0.923420011997
51919,0.989616990089
51920,0.867934703827
51921,0.666631281376
51924,0.395935922861
51926,0.599736571312
51927,0.922581672668
51928,0.96455591917
51929,0.788008213043
51930,0.89677375555
51933,0.400145292282
51934,0.776384830475
51935,0.890685498714
51936,0.680162966251
51938,0.479683101177
51939,0.904835045338
51940,0.923280179501
51942,0.963435828686
51943,0.652966856956
51944,0.513247728348
51946,0.66053789854
51948,0.767731249332
51952,0.619903564453
51953,0.857700884342
51955,0.690748035908
51959,0.985422253609
51960,0.848551750183
51961,0.800695717335
51962,0.628062427044
51963,0.969548821449
51964,0.934496104717
51965,0.65286642313
51966,0.973938584328
51969,0.941903352737
51972,0.855431854725
51975,0.182970538735
51977,0.97149348259
51978,0.742592096329
51979,0.792384386063
51982,0.811823368073
51984,0.92420810461
51985,0.748346567154
51987,0.893428385258
51988,0.978951156139
51996,0.579162895679
52000,0.882300436497
52004,0.675258755684
52005,0.525460124016
52007,0.960766375065
52009,0.747641682625
52011,0.704661786556
52012,0.893657743931
52013,0.444952428341
52014,0.973462879658
52015,0.979678750038
52016,0.70670747757
52017,0.88630515337
52019,0.786637485027
52020,0.676866948605
52021,0.777086853981
52024,0.725333690643
52026,0.450422376394
52029,0.648398041725
52032,0.710406005383
52039,0.839680552483
52040,0.787533462048
52043,0.856085836887
52044,0.975766837597
52046,0.88411462307
52053,0.908996999264
52054,0.917987048626
52055,0.66081148386
52056,0.388686776161
52059,0.411328613758
52060,0.714571893215
52061,0.863239824772
52062,0.744303822517
52065,0.88927513361
52067,0.827749609947
52068,0.82340836525
52070,0.829042613506
52071,0.890690147877
52072,0.897370040417
52075,0.817675948143
52080,0.969813585281
52083,0.955768942833
52085,0.731733083725
52087,0.725721001625
52088,0.667138397694
52090,0.941234529018
52096,0.544181108475
52098,0.881636202335
52099,0.986316382885
52100,0.842759907246
52101,0.841938078403
52102,0.904588460922
52105,0.961301803589
52106,0.56954485178
52107,0.705601930618
52109,0.690269649029
52111,0.880911171436
52113,0.92425096035
52119,0.896854579449
52120,0.909374833107
52121,0.319945275784
52122,0.792606949806
52124,0.693055808544
52127,0.714071929455
52128,0.634157299995
52129,0.897394120693
52131,0.727096140385
52134,0.525251448154
52135,0.97451287508
52136,0.56366622448
52141,0.804174602032
52142,0.67867398262
52145,0.865643382072
52146,0.657618105412
52148,0.644959211349
52149,0.847533285618
52150,0.98069691658
52153,0.789814412594
52156,0.33678200841
52157,0.977643311024
52160,0.86949557066
52163,0.980032086372
52167,0.460726171732
52168,0.938345789909
52169,0.452683538198
52170,0.973498106003
52176,0.884442985058
52177,0.848555743694
52179,0.864138484001
52180,0.851374328136
52181,0.684479117393
52182,0.967678666115
52185,0.860142290592
52186,0.422232598066
52189,0.516383528709
52190,0.947636246681
52192,0.754550635815
52194,0.459396719933
52197,0.552424252033
52199,0.969264388084
52202,0.691363036633
52204,0.941293716431
52206,0.741699278355
52208,0.984407842159
52217,0.938169538975
52221,0.924182415009
52226,0.692533433437
52227,0.784595489502
52231,0.9640879035
52232,0.748473644257
52233,0.990392208099
52235,0.938895404339
52236,0.76907902956
52237,0.983140707016
52238,0.87175744772
52239,0.842040240765
52241,0.748995423317
52242,0.862616240978
52243,0.933945178986
52244,0.729828894138
52245,0.926787674427
52246,0.787311077118
52247,0.231635153294
52248,0.51496386528
52254,0.752552092075
52259,0.698812246323
52261,0.75492399931
52262,0.874832868576
52264,0.0840232297778
52269,0.907897233963
52270,0.870012998581
52274,0.766704976559
52276,0.761676967144
52277,0.966710686684
52278,0.380904167891
52279,0.979222536087
52280,0.818451344967
52281,0.714716732502
52282,0.883396744728
52283,0.759229540825
52285,0.780805826187
52286,0.449852764606
52290,0.804453492165
52291,0.867312014103
52293,0.947667300701
52295,0.958602845669
52296,0.795590937138
52298,0.806067705154
52299,0.9572904706
52300,0.945027649403
52301,0.554742097855
52305,0.812723517418
52306,0.766026556492
52309,0.591668605804
52311,0.976091682911
52312,0.974938213825
52313,0.795489013195
52314,0.774568915367
52317,0.811100065708
52318,0.512557148933
52324,0.76192510128
52325,0.837270498276
52326,0.730298340321
52327,0.727230370045
52328,0.626368463039
52333,0.662258028984
52338,0.693788468838
52342,0.943275868893
52343,0.763578116894
52345,0.455505728722
52347,0.891240715981
52348,0.714235663414
52349,0.680750489235
52350,0.968333780766
52351,0.280774444342
52352,0.470810562372
52353,0.812306523323
52354,0.982975661755
52356,0.728186607361
52359,0.897636830807
52360,0.5069231987
52361,0.954166591167
52364,0.846120357513
52365,0.897227704525
52367,0.61319988966
52369,0.833424150944
52373,0.808551371098
52375,0.755862236023
52377,0.948623120785
52379,0.665950596333
52381,0.711907863617
52383,0.896794438362
52384,0.925218999386
52385,0.795315980911
52387,0.903513729572
52389,0.812811732292
52390,0.844630360603
52391,0.795215129852
52395,0.624738812447
52396,0.860548496246
52397,0.815734803677
52398,0.83308082819
52399,0.937378108501
52400,0.744049549103
52401,0.901267826557
52403,0.710634708405
52404,0.653976678848
52413,0.401918709278
52414,0.841987252235
52415,0.975472390652
52417,0.495971977711
52419,0.963087320328
52422,0.656673133373
52424,0.857120275497
52428,0.758660137653
52431,0.722908318043
52434,0.988332211971
52435,0.846433579922
52436,0.995174705982
52437,0.948736011982
52441,0.766929864883
52444,0.700556159019
52445,0.989839553833
52451,0.837377786636
52454,0.517495155334
52455,0.644437670708
52456,0.520965695381
52457,0.838285207748
52459,0.916779220104
52460,0.935985684395
52461,0.822361111641
52463,0.732251286507
52464,0.728755950928
52465,0.807203412056
52466,0.570102870464
52468,0.840482950211
52476,0.878278493881
52477,0.367457568645
52479,0.749995231628
52481,0.744908690453
52482,0.624495685101
52484,0.917928218842
52485,0.956070423126
52486,0.487470895052
52487,0.505861759186
52488,0.23004604876
52489,0.734956204891
52491,0.754118919373
52494,0.944477677345
52495,0.73924779892
52498,0.786076843739
52499,0.561318576336
52500,0.81989812851
52504,0.965682446957
52505,0.782028794289
52506,0.963205635548
52510,0.94894605875
52512,0.891866207123
52513,0.910232961178
52514,0.879293143749
52517,0.890488088131
52519,0.425964951515
52521,0.919789195061
52522,0.947827160358
52523,0.861451327801
52525,0.696801126003
52532,0.634594559669
52534,0.979064643383
52536,0.668049573898
52538,0.691737174988
52540,0.834645152092
52541,0.965560019016
52543,0.803614139557
52544,0.835963249207
52545,0.587447881699
52549,0.689910590649
52550,0.970654845238
52554,0.808735728264
52555,0.928623914719
52556,0.951740324497
52559,0.379022985697
52560,0.911401808262
52561,0.737304747105
52562,0.529851317406
52564,0.862274587154
52565,0.715958118439
52566,0.720314204693
52567,0.0664454102516
52569,0.755310177803
52571,0.770225286484
52573,0.830713272095
52575,0.864292085171
52577,0.791593909264
52579,0.577643692493
52580,0.857315838337
52581,0.850277662277
52586,0.92784512043
52589,0.845631539822
52591,0.557622849941
52592,0.808111667633
52593,0.769996166229
52596,0.777654111385
52601,0.905996322632
52602,0.975675702095
52604,0.811742842197
52610,0.934829771519
52611,0.864474773407
52612,0.975666940212
52619,0.437835246325
52622,0.729371249676
52628,0.517968177795
52632,0.566223680973
52634,0.069721609354
52635,0.879196107388
52636,0.936291873455
52637,0.84654802084
52638,0.782648801804
52644,0.972521960735
52645,0.791149497032
52646,0.23264759779
52652,0.504863798618
52653,0.729782164097
52654,0.977074444294
52655,0.298313111067
52658,0.936772525311
52660,0.666497051716
52661,0.657129526138
52662,0.964229226112
52664,0.913723468781
52665,0.784989237785
52666,0.965640723705
52668,0.635046720505
52669,0.320255696774
52676,0.830871224403
52678,0.750756919384
52680,0.843542039394
52683,0.755002319813
52684,0.91252553463
52685,0.700002491474
52686,0.844973564148
52693,0.599321365356
52694,0.919000208378
52695,0.877522528172
52696,0.765329778194
52698,0.691746652126
52700,0.938449621201
52701,0.975552499294
52702,0.681667983532
52704,0.67994838953
52705,0.946508526802
52707,0.182203114033
52708,0.536536633968
52710,0.855265974998
52711,0.961164474487
52713,0.637992203236
52714,0.647134244442
52716,0.718606233597
52720,0.918411016464
52721,0.965968668461
52722,0.794074952602
52723,0.864454805851
52724,0.543568849564
52725,0.9775198102
52726,0.66442745924
52727,0.934188485146
52730,0.971049785614
52731,0.645737886429
52732,0.768734395504
52733,0.835045456886
52737,0.918834686279
52739,0.887679696083
52742,0.746786892414
52743,0.532842457294
52745,0.885515630245
52746,0.642509400845
52747,0.320445805788
52750,0.501596927643
52751,0.803886830807
52753,0.882490217686
52754,0.962027192116
52756,0.788508415222
52760,0.603006660938
52761,0.980167210102
52762,0.968562364578
52763,0.940569162369
52768,0.892785847187
52769,0.275181800127
52771,0.455691367388
52774,0.852220118046
52775,0.886416912079
52782,0.735887467861
52784,0.804153382778
52787,0.550965309143
52788,0.98314255476
52790,0.786779880524
52791,0.986593961716
52793,0.943317532539
52794,0.675454676151
52795,0.94148004055
52797,0.927360355854
52800,0.752590715885
52806,0.776807844639
52807,0.949423193932
52810,0.802699267864
52811,0.906436085701
52815,0.988810420036
52816,0.65941542387
52817,0.930900216103
52819,0.81008207798
52821,0.966667950153
52822,0.983065485954
52823,0.916483163834
52825,0.780837476254
52826,0.909996211529
52827,0.53029280901
52829,0.963146269321
52830,0.94604998827
52831,0.53018283844
52833,0.743283748627
52839,0.834776103497
52840,0.929019451141
52842,0.908853828907
52843,0.584312140942
52844,0.876060426235
52845,0.21429336071
52846,0.88730019331
52848,0.641235411167
52851,0.851644814014
52853,0.755881011486
52854,0.918741703033
52858,0.864835858345
52864,0.641638159752
52867,0.964550495148
52872,0.624272763729
52873,0.796650767326
52875,0.782935619354
52876,0.950337171555
52877,0.490573048592
52878,0.976141214371
52879,0.896627545357
52880,0.813685119152
52882,0.930629968643
52883,0.985323309898
52884,0.908221900463
52885,0.975059092045
52886,0.550547242165
52887,0.729871034622
52888,0.52437889576
52889,0.772587418556
52891,0.901136159897
52892,0.618246376514
52893,0.607665538788
52895,0.765344083309
52898,0.882085263729
52900,0.854558348656
52901,0.743988454342
52903,0.921885967255
52907,0.782462239265
52909,0.921266198158
52911,0.387537688017
52913,0.978662669659
52914,0.621273875237
52915,0.944734692574
52916,0.864867031574
52919,0.974086165428
52921,0.775045394897
52922,0.952159583569
52928,0.750559747219
52929,0.844369649887
52930,0.875669658184
52931,0.747876524925
52932,0.906366944313
52933,0.954244196415
52934,0.928938090801
52935,0.947333753109
52936,0.671117782593
52937,0.80166053772
52938,0.764201700687
52939,0.887261807919
52942,0.858451902866
52943,0.798291265965
52944,0.980126559734
52946,0.970967113972
52952,0.924413502216
52953,0.969430148602
52955,0.929475128651
52956,0.27140212059
52957,0.883104681969
52960,0.881349980831
52961,0.98427593708
52962,0.621065497398
52965,0.979036033154
52966,0.97669583559
52967,0.919168829918
52969,0.771114885807
52972,0.566630363464
52973,0.792652785778
52980,0.912739098072
52985,0.979876160622
52987,0.543948113918
52989,0.589531362057
52990,0.984955847263
52991,0.66868698597
52993,0.803640842438
52994,0.972169101238
52995,0.964968383312
52998,0.922611117363
53001,0.936491429806
53004,0.9780189991
53008,0.822149157524
53010,0.709109067917
53011,0.968801856041
53014,0.520814776421
53017,0.774458050728
53018,0.977110385895
53019,0.786172449589
53021,0.619351565838
53022,0.980415463448
53023,0.925922513008
53024,0.900160074234
53026,0.926873028278
53030,0.757164001465
53031,0.878256201744
53033,0.605674207211
53035,0.55362701416
53041,0.884973466396
53045,0.337782382965
53046,0.391565829515
53050,0.957968354225
53051,0.660478889942
53053,0.843182981014
53055,0.903837382793
53057,0.961240112782
53058,0.806364178658
53062,0.930818200111
53063,0.757435441017
53064,0.723811864853
53067,0.499967873096
53070,0.920868337154
53071,0.969191014767
53072,0.960017859936
53073,0.856429755688
53075,0.942083179951
53077,0.971987485886
53082,0.519241392612
53083,0.858917653561
53084,0.614981949329
53088,0.657685756683
53089,0.557315409184
53090,0.953020215034
53091,0.92547672987
53093,0.788354992867
53094,0.663362264633
53095,0.906834363937
53097,0.938906550407
53098,0.762711942196
53099,0.161384209991
53100,0.45175626874
53101,0.941783845425
53104,0.847739756107
53105,0.904301702976
53106,0.663645327091
53108,0.800509572029
53110,0.740984141827
53111,0.811237514019
53117,0.392005980015
53119,0.905461966991
53120,0.905425906181
53121,0.893844783306
53125,0.399091869593
53127,0.915900290012
53128,0.132690966129
53129,0.812619864941
53131,0.475281596184
53133,0.963336408138
53135,0.540225327015
53137,0.960177958012
53139,0.651762187481
53140,0.868065655231
53141,0.567976295948
53142,0.728315651417
53147,0.796223640442
53148,0.6595890522
53150,0.86192470789
53151,0.470940560102
53152,0.896661579609
53153,0.796159148216
53158,0.955207765102
53160,0.842791438103
53166,0.919788777828
53167,0.961589396
53168,0.991095542908
53169,0.665869295597
53172,0.719952762127
53173,0.20469853282
53174,0.686579406261
53183,0.645019650459
53184,0.788436949253
53188,0.707383096218
53189,0.49548882246
53192,0.814321100712
53194,0.36245033145
53195,0.911334872246
53196,0.905692994595
53197,0.868267834187
53199,0.343415498734
53201,0.987813711166
53202,0.918524205685
53203,0.846522569656
53206,0.513795375824
53207,0.735793232918
53208,0.871634364128
53212,0.564335048199
53213,0.838786840439
53215,0.952380537987
53221,0.928434491158
53222,0.664333760738
53223,0.892666041851
53225,0.942530155182
53226,0.704305529594
53228,0.849623501301
53230,0.669319570065
53231,0.950183033943
53234,0.870313227177
53235,0.853308498859
53237,0.384751260281
53239,0.732964873314
53242,0.699055254459
53244,0.824996888638
53245,0.956230223179
53247,0.446138292551
53248,0.507453739643
53249,0.757017970085
53253,0.923228263855
53256,0.811025798321
53257,0.995446383953
53258,0.710968911648
53261,0.815244853497
53263,0.919771969318
53265,0.890291810036
53266,0.948271632195
53267,0.751739442348
53269,0.885071635246
53275,0.974403560162
53276,0.917338252068
53277,0.933560729027
53278,0.87573248148
53279,0.926725924015
53283,0.985964417458
53284,0.962144196033
53285,0.758259117603
53292,0.872866988182
53297,0.671759784222
53298,0.69878667593
53302,0.970510780811
53303,0.895934224129
53305,0.964798808098
53306,0.99001044035
53309,0.977537631989
53310,0.965230405331
53312,0.73710590601
53313,0.982024550438
53315,0.888645291328
53321,0.867648601532
53324,0.830029428005
53325,0.967848360538
53326,0.661946058273
53327,0.678394556046
53328,0.956013917923
53332,0.925079584122
53338,0.909974753857
53339,0.954488933086
53343,0.510643839836
53346,0.978685736656
53347,0.767773449421
53350,0.841781020164
53354,0.729448854923
53356,0.944497346878
53357,0.801928937435
53361,0.945184528828
53362,0.636946678162
53363,0.812750399113
53365,0.722988426685
53366,0.931095600128
53367,0.912474989891
53369,0.76533305645
53370,0.855681777
53371,0.482580274343
53372,0.636825442314
53373,0.767184495926
53375,0.851136386395
53376,0.985640406609
53377,0.779149711132
53382,0.914688587189
53385,0.978322327137
53387,0.740533649921
53398,0.741248011589
53399,0.983421623707
53401,0.981658875942
53402,0.718351662159
53403,0.958453118801
53405,0.936951756477
53409,0.43498057127
53410,0.92539525032
53411,0.757900238037
53412,0.689444303513
53414,0.914658725262
53416,0.740980684757
53417,0.888127446175
53418,0.969367623329
53421,0.562153875828
53422,0.855461001396
53423,0.951535880566
53428,0.966468453407
53432,0.299217760563
53433,0.959368526936
53435,0.901022791862
53436,0.473200708628
53438,0.854202210903
53441,0.434103339911
53442,0.988170027733
53443,0.854779779911
53444,0.724563241005
53445,0.754908621311
53446,0.718466222286
53448,0.710770785809
53450,0.436572492123
53451,0.716827273369
53453,0.864270865917
53455,0.933036148548
53457,0.891281783581
53460,0.875926434994
53461,0.967179179192
53463,0.513796985149
53464,0.789233565331
53465,0.821167349815
53466,0.869467198849
53469,0.660664081573
53470,0.944457232952
53471,0.635217726231
53472,0.57351487875
53473,0.296754509211
53474,0.649705529213
53476,0.85413557291
53477,0.960228264332
53478,0.721867978573
53480,0.57087290287
53485,0.899214446545
53486,0.966534137726
53488,0.761615633965
53489,0.888978302479
53491,0.791649580002
53495,0.865810513496
53496,0.463263571262
53499,0.990291655064
53501,0.663803994656
53504,0.845107555389
53505,0.695292174816
53508,0.869041919708
53510,0.706506848335
53512,0.571612596512
53513,0.317327857018
53515,0.430186599493
53516,0.471774548292
53519,0.23774549365
53520,0.973707139492
53521,0.822725534439
53522,0.7911195755
53524,0.682322502136
53525,0.659086227417
53526,0.957296550274
53527,0.311911165714
53528,0.850927531719
53529,0.821448564529
53530,0.734132647514
53532,0.942137300968
53533,0.964713215828
53535,0.810748517513
53537,0.819930315018
53539,0.412342309952
53545,0.608068525791
53546,0.779515624046
53547,0.919834852219
53548,0.59787350893
53550,0.947138190269
53552,0.933144509792
53553,0.986283302307
53554,0.930526733398
53555,0.893674135208
53560,0.530491054058
53561,0.841513156891
53563,0.630750119686
53569,0.864249885082
53570,0.762923181057
53578,0.848630726337
53579,0.833709657192
53580,0.511713385582
53581,0.91474366188
53582,0.569159984589
53588,0.242059752345
53589,0.897074580193
53591,0.859207868576
53593,0.969217777252
53594,0.619615197182
53596,0.991176605225
53598,0.755740463734
53600,0.77045071125
53601,0.784134209156
53607,0.90286052227
53608,0.920364797115
53612,0.947027444839
53615,0.989797711372
53616,0.562485337257
53617,0.638343632221
53618,0.985486984253
53620,0.700089395046
53624,0.900571584702
53626,0.633354961872
53629,0.747352719307
53630,0.846164643764
53631,0.970667898655
53634,0.710865616798
53635,0.789120256901
53638,0.776214122772
53639,0.980012714863
53641,0.975149452686
53642,0.9216837883
53644,0.611932516098
53646,0.872944831848
53650,0.821295320988
53651,0.855601787567
53652,0.563976347446
53655,0.938692033291
53656,0.86727643013
53657,0.913400292397
53661,0.978701114655
53662,0.979965209961
53664,0.914733946323
53665,0.716717362404
53668,0.846001207829
53669,0.950304746628
53670,0.884779989719
53675,0.797543346882
53679,0.932482898235
53680,0.800240755081
53684,0.613440871239
53687,0.765155851841
53688,0.655589222908
53696,0.697670638561
53697,0.732831656933
53698,0.824950993061
53701,0.819764077663
53703,0.835627436638
53705,0.840798139572
53706,0.908503592014
53708,0.981963038445
53709,0.415519446135
53710,0.983166098595
53712,0.949427008629
53713,0.593915104866
53714,0.775165975094
53715,0.969903051853
53716,0.688312113285
53717,0.831502854824
53719,0.791721403599
53720,0.981733441353
53721,0.814444482327
53726,0.983586251736
53732,0.907748639584
53733,0.845724344254
53734,0.735139071941
53735,0.901530921459
53736,0.252544462681
53738,0.942415714264
53740,0.845584273338
53744,0.968201696873
53745,0.851631879807
53748,0.336746096611
53750,0.565212845802
53752,0.503608822823
53754,0.666218042374
53756,0.848877668381
53758,0.94295912981
53763,0.649452745914
53765,0.832304179668
53767,0.774800598621
53769,0.866950809956
53772,0.967759251595
53776,0.260456204414
53777,0.844523608685
53779,0.869482338428
53780,0.856443226337
53782,0.829144001007
53784,0.503227412701
53786,0.962242305279
53787,0.949108600616
53788,0.860889911652
53793,0.604840695858
53796,0.970077931881
53797,0.994568705559
53800,0.926921784878
53801,0.928121089935
53802,0.835678935051
53805,0.978257417679
53811,0.530525326729
53814,0.956378042698
53816,0.501492321491
53817,0.748298883438
53818,0.724529504776
53819,0.985832571983
53822,0.905256748199
53825,0.83716660738
53826,0.851427674294
53828,0.623854339123
53829,0.730105996132
53830,0.991075992584
53831,0.875302195549
53832,0.878899037838
53833,0.967360496521
53835,0.894017577171
53836,0.9696829319
53837,0.917857706547
53838,0.958212077618
53839,0.908595919609
53841,0.686076164246
53842,0.547129571438
53845,0.904537141323
53846,0.621936619282
53847,0.97983366251
53848,0.899166941643
53850,0.931958317757
53853,0.830709159374
53854,0.856190145016
53855,0.863296568394
53861,0.989035308361
53864,0.929083108902
53866,0.94976657629
53874,0.921182572842
53875,0.930567145348
53878,0.972151517868
53879,0.9559918046
53880,0.846364915371
53882,0.724993944168
53885,0.934581458569
53886,0.859064459801
53887,0.709905743599
53888,0.833096921444
53889,0.522595822811
53891,0.855621933937
53892,0.274034380913
53893,0.449030071497
53895,0.543208539486
53901,0.810419440269
53902,0.788930594921
53904,0.358593314886
53907,0.983860492706
53910,0.890381455421
53913,0.907177209854
53918,0.859234273434
53919,0.938087761402
53920,0.956530630589
53924,0.457849264145
53926,0.976073503494
53927,0.985790848732
53928,0.586331248283
53929,0.519182860851
53930,0.627801001072
53934,0.866724073887
53935,0.515439510345
53939,0.85071516037
53942,0.884191334248
53944,0.972398996353
53947,0.935977637768
53948,0.806787848473
53954,0.279020965099
53958,0.944984972477
53959,0.9749609828
53962,0.906491398811
53965,0.693177700043
53967,0.965412139893
53970,0.977021276951
53971,0.8162509799
53973,0.975322782993
53974,0.548268795013
53976,0.956753909588
53977,0.576279163361
53978,0.937834382057
53979,0.695495307446
53980,0.681931495667
53982,0.882832109928
53984,0.955944061279
53985,0.88566583395
53988,0.943919539452
53989,0.986846268177
53991,0.912839889526
53993,0.549333393574
53996,0.878115355968
54001,0.546444892883
54003,0.707663655281
54004,0.785254538059
54007,0.956248939037
54010,0.764910459518
54011,0.774582505226
54013,0.972213029861
54014,0.6678352952
54015,0.883436322212
54017,0.878421545029
54019,0.44160041213
54022,0.87302672863
54025,0.957148015499
54026,0.607773005962
54027,0.941487550735
54035,0.607897460461
54038,0.800372958183
54039,0.965369462967
54042,0.613941013813
54043,0.47736492753
54044,0.449626505375
54045,0.895568072796
54046,0.929375052452
54047,0.56224489212
54048,0.625406980515
54051,0.924361228943
54054,0.840413153172
54055,0.931202769279
54057,0.786499619484
54059,0.833193182945
54061,0.608775794506
54062,0.330186128616
54065,0.916118264198
54066,0.933543264866
54067,0.511054337025
54069,0.873254179955
54072,0.342684268951
54074,0.951207339764
54075,0.684022009373
54076,0.837103307247
54078,0.121227286756
54079,0.651025533676
54080,0.579138934612
54081,0.767141878605
54082,0.577739596367
54083,0.858291566372
54087,0.956541657448
54092,0.917708992958
54093,0.59942483902
54095,0.671489179134
54097,0.942754745483
54098,0.705009818077
54100,0.668780267239
54101,0.849977076054
54105,0.936047613621
54107,0.899189293385
54109,0.842240273952
54110,0.868801236153
54113,0.78656899929
54116,0.880827486515
54117,0.821249186993
54118,0.0604630708694
54122,0.684166193008
54123,0.949123620987
54124,0.717989802361
54125,0.965301930904
54126,0.805727899075
54127,0.270181775093
54132,0.860095441341
54133,0.596814393997
54134,0.680229663849
54135,0.456635713577
54136,0.881831407547
54138,0.885416984558
54139,0.867287695408
54142,0.689737141132
54143,0.904105007648
54144,0.884320139885
54145,0.637717843056
54147,0.859162390232
54149,0.841008424759
54150,0.664188325405
54151,0.727995991707
54152,0.872823596001
54154,0.820231318474
54155,0.913801848888
54159,0.982250630856
54160,0.927188396454
54161,0.483597844839
54163,0.846028029919
54165,0.918266117573
54168,0.508864223957
54171,0.872294843197
54173,0.666317462921
54174,0.665942251682
54175,0.841085970402
54177,0.55849891901
54179,0.836752712727
54180,0.931408524513
54182,0.740657091141
54184,0.723484814167
54186,0.865571677685
54188,0.79585057497
54191,0.583435118198
54192,0.367108941078
54194,0.803144454956
54195,0.918082714081
54196,0.953092455864
54197,0.758943855762
54198,0.962815582752
54200,0.961131334305
54203,0.987234532833
54205,0.812097966671
54206,0.802715480328
54207,0.796203017235
54208,0.702424705029
54209,0.84026825428
54211,0.934715807438
54217,0.667705714703
54221,0.792563974857
54222,0.947371721268
54224,0.978596568108
54225,0.700143992901
54228,0.906302988529
54229,0.655731320381
54230,0.638290524483
54231,0.829264461994
54232,0.828445494175
54233,0.991431176662
54235,0.848747074604
54236,0.857491314411
54238,0.925350666046
54240,0.470291167498
54245,0.829511225224
54248,0.985592365265
54250,0.823019862175
54252,0.833253920078
54253,0.672233045101
54254,0.626723527908
54256,0.903268754482
54257,0.882464528084
54260,0.853318750858
54261,0.630199193954
54264,0.919273734093
54265,0.90389662981
54266,0.873132228851
54267,0.612528443336
54268,0.86713206768
54269,0.678921103477
54273,0.97050255537
54275,0.623800992966
54276,0.857326507568
54279,0.82056427002
54280,0.744291186333
54285,0.941340267658
54291,0.821289896965
54292,0.33133944869
54295,0.652887880802
54296,0.574141979218
54297,0.85120922327
54298,0.971499204636
54300,0.90546900034
54301,0.877745449543
54302,0.837194263935
54303,0.865826249123
54304,0.559259772301
54306,0.96105158329
54307,0.750176310539
54308,0.64502042532
54311,0.314144909382
54312,0.856913328171
54313,0.940765798092
54314,0.805046737194
54316,0.907747983932
54317,0.834477126598
54319,0.874662399292
54320,0.267990022898
54321,0.911822974682
54323,0.673290789127
54324,0.879354059696
54325,0.699334800243
54327,0.294006198645
54329,0.739152789116
54331,0.910826206207
54333,0.730512142181
54334,0.491164147854
54335,0.808788120747
54336,0.7635461092
54337,0.754941761494
54339,0.960508286953
54340,0.636573016644
54345,0.705041527748
54346,0.844399154186
54347,0.718043208122
54350,0.626736760139
54351,0.732979178429
54352,0.861241877079
54356,0.656153976917
54357,0.787917613983
54358,0.345249861479
54365,0.874009609222
54367,0.917241573334
54368,0.522883892059
54370,0.761602699757
54379,0.36863091588
54381,0.847192585468
54383,0.582115650177
54384,0.633658647537
54387,0.627886414528
54388,0.808553695679
54390,0.787840545177
54391,0.916883945465
54394,0.8893404603
54397,0.76387834549
54400,0.979142546654
54403,0.788694739342
54405,0.972751140594
54406,0.679815232754
54407,0.758201658726
54411,0.952316045761
54412,0.948217689991
54421,0.629956424236
54422,0.935353219509
54425,0.807529330254
54427,0.65972918272
54434,0.678842902184
54435,0.595801651478
54436,0.852701485157
54442,0.748996853828
54443,0.920947611332
54445,0.857385277748
54446,0.925632476807
54447,0.459591269493
54449,0.852442681789
54452,0.343336313963
54460,0.791263520718
54461,0.938934624195
54462,0.850540995598
54464,0.515647411346
54465,0.781112253666
54466,0.839239537716
54468,0.872096776962
54470,0.874734461308
54471,0.923519074917
54472,0.884675562382
54474,0.78844243288
54478,0.823018372059
54479,0.834899961948
54485,0.562661111355
54487,0.916094839573
54488,0.790948629379
54489,0.761588871479
54492,0.967674851418
54493,0.862738907337
54497,0.742695271969
54498,0.876505494118
54499,0.840347886086
54500,0.582835674286
54501,0.399523437023
54504,0.781448423862
54510,0.617805242538
54511,0.871642768383
54513,0.929540932178
54515,0.115693546832
54517,0.665943861008
54518,0.981592953205
54519,0.898504137993
54521,0.839077889919
54522,0.858455717564
54523,0.819241940975
54525,0.706052601337
54526,0.747372746468
54529,0.892264544964
54530,0.73987019062
54532,0.956500053406
54533,0.841332614422
54535,0.764022409916
54536,0.279931724072
54537,0.835804760456
54540,0.773095786572
54543,0.946256875992
54545,0.958226919174
54547,0.946122288704
54548,0.657013714314
54549,0.893785595894
54550,0.615524947643
54551,0.0630871355534
54553,0.853493928909
54554,0.581973075867
54555,0.9650400877
54558,0.29937967658
54563,0.861455738544
54565,0.813400804996
54566,0.496650874615
54567,0.967362105846
54569,0.977546811104
54572,0.919991135597
54573,0.912075936794
54576,0.822399556637
54578,0.737275838852
54580,0.68517768383
54584,0.889049589634
54588,0.470596879721
54589,0.382276982069
54590,0.933690905571
54591,0.707934916019
54593,0.389277517796
54594,0.627586364746
54596,0.517004191875
54598,0.848962843418
54599,0.909003913403
54603,0.9645845294
54604,0.863231480122
54605,0.851958096027
54607,0.943514466286
54608,0.831125676632
54611,0.427709490061
54614,0.875893652439
54615,0.941233694553
54616,0.421507328749
54617,0.987033128738
54618,0.289186805487
54623,0.954863190651
54625,0.979087591171
54626,0.920357763767
54628,0.642208695412
54629,0.574934005737
54631,0.930022835732
54632,0.888265430927
54633,0.0934809073806
54640,0.751467168331
54642,0.916907608509
54643,0.971534311771
54645,0.777445852757
54651,0.107746377587
54652,0.513023853302
54658,0.90756303072
54659,0.827748775482
54660,0.930517137051
54661,0.970857858658
54662,0.945108890533
54663,0.530433058739
54665,0.689148783684
54668,0.285654604435
54669,0.432483136654
54670,0.803497493267
54672,0.759637892246
54674,0.702409565449
54677,0.944047808647
54684,0.753334283829
54686,0.771439731121
54687,0.265458166599
54691,0.782951951027
54692,0.92173999548
54694,0.75336420536
54695,0.789698719978
54698,0.542469501495
54700,0.903569877148
54701,0.607309818268
54702,0.959230601788
54703,0.571517884731
54705,0.745770514011
54710,0.574613928795
54711,0.709348320961
54712,0.810330033302
54713,0.799059927464
54716,0.943637192249
54718,0.746126115322
54719,0.960308611393
54720,0.853765666485
54721,0.807370066643
54722,0.560120344162
54724,0.39296618104
54725,0.719473719597
54726,0.494549393654
54729,0.984369516373
54731,0.71547883749
54734,0.852383255959
54736,0.961490988731
54737,0.821881473064
54740,0.973791182041
54744,0.991995930672
54746,0.910343647003
54748,0.856374979019
54749,0.763633370399
54750,0.90221875906
54751,0.620178699493
54753,0.632026255131
54754,0.90076816082
54759,0.508091032505
54760,0.932035446167
54761,0.498905569315
54762,0.949597537518
54763,0.59250330925
54768,0.743482291698
54773,0.817487597466
54775,0.894324958324
54778,0.817217290401
54780,0.759822189808
54781,0.981366276741
54782,0.652669489384
54783,0.655598700047
54784,0.898810267448
54787,0.901220023632
54790,0.685377836227
54792,0.375264644623
54793,0.726900756359
54794,0.950982570648
54806,0.678115606308
54807,0.535843610764
54808,0.928576946259
54809,0.221257403493
54814,0.852095961571
54816,0.785119533539
54819,0.829482972622
54820,0.897479891777
54823,0.929511606693
54825,0.908570826054
54827,0.575445353985
54829,0.67026758194
54837,0.259098231792
54839,0.806641459465
54842,0.468890786171
54844,0.887310266495
54848,0.560390293598
54852,0.902673482895
54853,0.889406502247
54855,0.714785218239
54856,0.727820694447
54862,0.782976508141
54863,0.364229023457
54864,0.862902462482
54865,0.710594713688
54866,0.589307844639
54867,0.780547499657
54868,0.147381544113
54870,0.97255218029
54871,0.771459579468
54874,0.711491644382
54875,0.403531730175
54876,0.78864300251
54877,0.732527256012
54880,0.885063409805
54882,0.896150171757
54883,0.426239937544
54884,0.587058901787
54885,0.377179652452
54887,0.917828738689
54894,0.733639955521
54896,0.954079091549
54897,0.857067942619
54899,0.837370216846
54900,0.911513209343
54903,0.742586314678
54904,0.909037292004
54905,0.600106060505
54909,0.947557389736
54910,0.888762593269
54911,0.990593612194
54913,0.911026120186
54917,0.595076620579
54918,0.72274106741
54919,0.98731136322
54925,0.844743311405
54926,0.946525633335
54927,0.957514703274
54930,0.734541654587
54933,0.978493571281
54939,0.475108772516
54940,0.786389350891
54941,0.935974299908
54942,0.661579251289
54944,0.872883796692
54951,0.720859289169
54952,0.934607386589
54953,0.956750631332
54954,0.932645201683
54957,0.519809305668
54960,0.944395780563
54962,0.170609220862
54964,0.535991489887
54965,0.963041543961
54967,0.22258195281
54971,0.839684724808
54972,0.807914495468
54973,0.902964532375
54975,0.883399248123
54980,0.942902326584
54981,0.771571576595
54982,0.139000475407
54994,0.778004825115
54995,0.834737956524
54996,0.893924117088
54997,0.664126634598
55004,0.893648982048
55005,0.53319054842
55008,0.701449632645
55010,0.750057339668
55013,0.931668400764
55014,0.663124442101
55017,0.960589945316
55022,0.990902125835
55023,0.724419593811
55024,0.828572809696
55026,0.825103759766
55028,0.700204074383
55029,0.991724431515
55030,0.748074829578
55031,0.780579686165
55033,0.780395150185
55034,0.971850037575
55036,0.867456495762
55039,0.631796836853
55040,0.940088272095
55041,0.828247606754
55042,0.636835575104
55048,0.76521551609
55052,0.579472064972
55053,0.913574576378
55054,0.560228466988
55055,0.86811119318
55057,0.505816340446
55059,0.537179231644
55060,0.959435343742
55062,0.840875267982
55065,0.724922776222
55067,0.771852850914
55068,0.650559902191
55071,0.224458962679
55072,0.810161948204
55074,0.908116400242
55075,0.967785537243
55076,0.68814009428
55079,0.689841866493
55080,0.936178863049
55081,0.936725974083
55082,0.731260478497
55083,0.707955956459
55084,0.393116742373
55085,0.622957110405
55087,0.645675957203
55089,0.800059497356
55091,0.813723504543
55093,0.935985267162
55097,0.935473620892
55100,0.620454967022
55101,0.98620891571
55105,0.739791274071
55107,0.770912051201
55108,0.776919424534
55110,0.946836173534
55112,0.88226300478
55117,0.503578305244
55118,0.782376289368
55120,0.516991198063
55121,0.800747871399
55123,0.825847029686
55125,0.783858776093
55127,0.959801435471
55129,0.923184752464
55131,0.388725072145
55132,0.680944800377
55133,0.474400609732
55136,0.916908919811
55137,0.865983664989
55138,0.928232908249
55141,0.702741682529
55143,0.882776558399
55147,0.467529654503
55149,0.818740665913
55150,0.529880464077
55154,0.831271469593
55155,0.970639824867
55157,0.955513060093
55159,0.642186820507
55160,0.733476877213
55163,0.0782290175557
55165,0.852086544037
55167,0.548312962055
55168,0.396302461624
55169,0.972427308559
55175,0.691157281399
55176,0.667545795441
55179,0.965677082539
55180,0.772696793079
55186,0.700478196144
55187,0.786430478096
55191,0.911468863487
55194,0.655366778374
55197,0.87554949522
55198,0.929706931114
55200,0.967929244041
55201,0.929846763611
55204,0.86691737175
55207,0.786069154739
55209,0.403183549643
55212,0.465821146965
55213,0.972580254078
55216,0.845684349537
55217,0.969044685364
55220,0.9794729352
55222,0.916231393814
55223,0.908544540405
55226,0.877501666546
55227,0.7404910326
55229,0.471236288548
55230,0.939672529697
55231,0.353369295597
55235,0.966424703598
55237,0.882397413254
55238,0.948624014854
55239,0.754757285118
55240,0.796681761742
55241,0.983687520027
55242,0.845905840397
55243,0.869665920734
55244,0.896996974945
55246,0.947706520557
55248,0.901268005371
55254,0.972915410995
55255,0.951830923557
55256,0.179699495435
55257,0.902713060379
55258,0.92038589716
55259,0.765550374985
55260,0.896166026592
55263,0.930551171303
55264,0.980782568455
55265,0.670139253139
55266,0.429361879826
55267,0.932932376862
55271,0.461039990187
55272,0.941025793552
55273,0.795748710632
55276,0.896018087864
55277,0.928407371044
55279,0.815181672573
55280,0.519537568092
55284,0.685105443001
55285,0.743501663208
55286,0.82208353281
55287,0.591482162476
55288,0.898243486881
55290,0.940585374832
55291,0.94982624054
55292,0.702840745449
55293,0.96363979578
55294,0.354327768087
55298,0.627130270004
55299,0.981458902359
55301,0.973741889
55302,0.877755582333
55304,0.838463962078
55305,0.0732562318444
55308,0.794213593006
55311,0.918240785599
55312,0.788643658161
55313,0.768087089062
55315,0.880567014217
55316,0.944148361683
55317,0.853741586208
55318,0.607385277748
55321,0.974710702896
55322,0.916531741619
55323,0.607685506344
55324,0.957093656063
55325,0.791729032993
55327,0.951221585274
55329,0.532946765423
55331,0.660203814507
55332,0.967077493668
55334,0.721210360527
55338,0.679751455784
55339,0.50335085392
55341,0.958796918392
55345,0.845067381859
55346,0.872075378895
55347,0.681139230728
55348,0.0681593492627
55349,0.850740373135
55352,0.991251528263
55353,0.977164685726
55354,0.948684155941
55355,0.770528316498
55357,0.660802304745
55360,0.642241954803
55362,0.732501983643
55364,0.792685568333
55365,0.986003696918
55366,0.924832165241
55369,0.544252812862
55370,0.903251349926
55371,0.836566448212
55373,0.939320147038
55374,0.958656728268
55376,0.896730422974
55378,0.966853559017
55379,0.504224777222
55380,0.98000985384
55384,0.988189816475
55385,0.878998041153
55386,0.601436972618
55388,0.975265979767
55389,0.776367843151
55390,0.981868267059
55392,0.884801745415
55393,0.70472407341
55394,0.89215618372
55396,0.91831856966
55398,0.913111150265
55399,0.974456608295
55406,0.916807472706
55407,0.756471395493
55409,0.753759264946
55410,0.946479260921
55412,0.957913339138
55414,0.903944075108
55416,0.596115112305
55417,0.798376858234
55420,0.783438265324
55423,0.342500537634
55424,0.858536124229
55428,0.917336285114
55429,0.800258040428
55432,0.577647387981
55433,0.758373200893
55434,0.846989870071
55435,0.586299657822
55436,0.853834569454
55438,0.376898467541
55439,0.639138936996
55441,0.835303902626
55446,0.574128270149
55448,0.918820440769
55454,0.702806293964
55455,0.972722172737
55458,0.910602331161
55462,0.871433079243
55463,0.738822579384
55465,0.817609250546
55467,0.992896735668
55468,0.642941355705
55469,0.597013413906
55471,0.809350430965
55472,0.872339010239
55473,0.907700538635
55475,0.977580428123
55476,0.493535161018
55478,0.884445011616
55481,0.973860323429
55483,0.910076260567
55484,0.951187670231
55485,0.405947029591
55486,0.379543155432
55488,0.116401404142
55489,0.611608922482
55490,0.652878940105
55491,0.951625227928
55494,0.757353186607
55495,0.675906598568
55496,0.860424041748
55498,0.983537375927
55501,0.482957959175
55502,0.9602175951
55504,0.552596688271
55505,0.80875569582
55506,0.749422192574
55508,0.967423558235
55509,0.832415342331
55511,0.434330910444
55514,0.956665337086
55515,0.766661524773
55517,0.878245472908
55520,0.88930785656
55521,0.975699543953
55523,0.950302839279
55525,0.94420838356
55528,0.740784466267
55530,0.966035306454
55531,0.782675087452
55533,0.743033528328
55539,0.600287735462
55543,0.947203040123
55546,0.875119626522
55547,0.856302320957
55549,0.0305176079273
55551,0.926520764828
55554,0.959764122963
55557,0.95996016264
55558,0.881040990353
55560,0.0545480810106
55563,0.825914263725
55565,0.0782651081681
55566,0.75367474556
55569,0.656515955925
55570,0.924907445908
55571,0.694009006023
55573,0.779471099377
55576,0.824333190918
55577,0.8014523983
55578,0.633884906769
55579,0.773289084435
55580,0.951575160027
55582,0.798147022724
55583,0.920716762543
55584,0.626087129116
55585,0.945880591869
55587,0.983866810799
55588,0.711622357368
55590,0.553798258305
55593,0.641866862774
55594,0.454964578152
55596,0.101344123483
55597,0.587275207043
55598,0.787492156029
55599,0.914153218269
55601,0.907422542572
55602,0.829245448112
55607,0.177678719163
55609,0.651483952999
55610,0.8623893857
55611,0.874348580837
55612,0.635146558285
55614,0.761178135872
55615,0.755214095116
55616,0.949686467648
55618,0.879175364971
55619,0.94079720974
55620,0.889447808266
55623,0.713201463223
55629,0.879317879677
55632,0.837595641613
55633,0.979221642017
55634,0.889089167118
55636,0.702097535133
55637,0.721512138844
55640,0.665447235107
55642,0.717455625534
55643,0.879894673824
55646,0.877206742764
55648,0.733662128448
55649,0.959299385548
55650,0.792146027088
55652,0.960385143757
55653,0.649064004421
55654,0.964701116085
55658,0.92312258482
55660,0.0428551323712
55661,0.960893154144
55662,0.97694426775
55665,0.816474378109
55666,0.818744957447
55668,0.683007717133
55669,0.707833409309
55670,0.973818957806
55673,0.745369613171
55674,0.962230145931
55675,0.701691746712
55677,0.864951789379
55678,0.98181951046
55679,0.915783882141
55681,0.608634889126
55686,0.915883004665
55688,0.927203774452
55689,0.964644253254
55690,0.838517665863
55693,0.773636996746
55694,0.659028112888
55698,0.911920785904
55701,0.795215010643
55705,0.858249366283
55706,0.937443196774
55708,0.792607843876
55710,0.754091858864
55711,0.90427172184
55713,0.574217379093
55714,0.906938135624
55717,0.676604449749
55718,0.71326225996
55719,0.947077035904
55722,0.532954514027
55723,0.915004253387
55725,0.4847663939
55728,0.272408336401
55730,0.583352684975
55735,0.823069095612
55736,0.538961708546
55737,0.831038415432
55738,0.486519664526
55741,0.861478328705
55743,0.947817564011
55744,0.926978826523
55745,0.444075345993
55746,0.972607791424
55747,0.774762809277
55750,0.840570032597
55752,0.303167611361
55753,0.958965480328
55754,0.966653466225
55756,0.884041905403
55757,0.881297290325
55758,0.622029483318
55760,0.867092549801
55761,0.416351318359
55763,0.602571189404
55765,0.873917281628
55769,0.934032857418
55773,0.877837836742
55776,0.877223014832
55781,0.710268437862
55786,0.828193187714
55788,0.695373177528
55791,0.722517907619
55792,0.45682105422
55796,0.0816992223263
55798,0.835367441177
55799,0.952437520027
55801,0.827901482582
55802,0.760781466961
55805,0.744022607803
55806,0.900725245476
55808,0.965662062168
55809,0.737376928329
55811,0.911991357803
55815,0.220240816474
55816,0.602060258389
55817,0.964184105396
55821,0.984039962292
55822,0.970676660538
55823,0.850185334682
55825,0.967920184135
55826,0.955726921558
55828,0.519305944443
55829,0.936195373535
55830,0.769603252411
55833,0.846373200417
55834,0.800641238689
55835,0.7203977108
55840,0.783067464828
55845,0.782413184643
55846,0.766198933125
55852,0.776058077812
55855,0.745356380939
55856,0.759429574013
55857,0.715697228909
55858,0.908986449242
55860,0.347673565149
55862,0.835271298885
55864,0.737894058228
55865,0.414076477289
55866,0.815699160099
55867,0.821495711803
55868,0.83308750391
55870,0.851558923721
55873,0.565683603287
55874,0.597398042679
55877,0.815381228924
55883,0.743774116039
55884,0.81123816967
55888,0.788296341896
55889,0.942827224731
55890,0.65827524662
55893,0.960889220238
55895,0.900437295437
55896,0.880973637104
55897,0.640014231205
55900,0.713557898998
55901,0.913238704205
55903,0.907112300396
55904,0.127490118146
55906,0.51115489006
55909,0.917319715023
55912,0.559645175934
55913,0.794632792473
55914,0.941162347794
55916,0.653979480267
55919,0.877599179745
55920,0.991365075111
55921,0.28254404664
55924,0.894314289093
55925,0.640879869461
55928,0.937516391277
55930,0.808697283268
55932,0.943506002426
55934,0.729017138481
55935,0.884100854397
55939,0.640802621841
55941,0.900829970837
55945,0.835384011269
55947,0.876373231411
55951,0.919910609722
55953,0.852170407772
55956,0.919528543949
55959,0.692823767662
55961,0.237104788423
55962,0.9240218997
55963,0.789705872536
55965,0.723100721836
55969,0.6355894804
55971,0.948872923851
55972,0.612738311291
55973,0.627579391003
55974,0.853549003601
55975,0.48501893878
55978,0.71745878458
55979,0.743765950203
55981,0.98587667942
55982,0.84740447998
55985,0.885382890701
55987,0.93582123518
55993,0.73246884346
55994,0.901780068874
55995,0.880026876926
55996,0.872905135155
55998,0.979833900928
55999,0.829149246216
56001,0.8380458951
56003,0.474604725838
56004,0.655310928822
56006,0.825027048588
56009,0.878923714161
56014,0.705617368221
56015,0.858386278152
56016,0.883261859417
56018,0.825271785259
56019,0.792705535889
56020,0.906265974045
56021,0.863306105137
56022,0.625458300114
56023,0.972606778145
56026,0.764268577099
56027,0.855281591415
56030,0.591456830502
56031,0.987932264805
56032,0.424188703299
56035,0.733455181122
56036,0.991501808167
56037,0.901406109333
56039,0.597259819508
56040,0.242771834135
56042,0.768522620201
56043,0.84438598156
56044,0.767191469669
56046,0.858233988285
56047,0.827955067158
56051,0.818292021751
56052,0.843002557755
56053,0.535488963127
56055,0.67519903183
56057,0.966866612434
56058,0.78880918026
56059,0.688298583031
56062,0.709354996681
56065,0.91196423769
56067,0.767456769943
56071,0.676757693291
56072,0.827169775963
56074,0.21521563828
56076,0.845656394958
56081,0.979129612446
56084,0.901509106159
56085,0.501291811466
56088,0.840743124485
56091,0.867617845535
56093,0.960439801216
56095,0.732245564461
56096,0.789620697498
56097,0.717876493931
56098,0.725295245647
56100,0.551789045334
56101,0.943270027637
56102,0.715151250362
56105,0.811019957066
56106,0.941590726376
56108,0.837337195873
56109,0.893301725388
56110,0.656454980373
56113,0.97343981266
56117,0.537103831768
56118,0.991491138935
56119,0.796881377697
56120,0.809992611408
56121,0.290351510048
56122,0.910502493382
56123,0.94830173254
56124,0.725652456284
56125,0.577771246433
56128,0.912170767784
56131,0.840444266796
56132,0.781617164612
56133,0.976409316063
56134,0.973607599735
56135,0.719744563103
56136,0.889314830303
56139,0.806036829948
56140,0.518837273121
56148,0.281458973885
56150,0.702742934227
56151,0.933867752552
56154,0.723931610584
56156,0.927052736282
56157,0.786022722721
56158,0.751800119877
56161,0.703124821186
56162,0.832104086876
56164,0.768303692341
56165,0.703485071659
56166,0.867181479931
56167,0.55316400528
56169,0.946077942848
56170,0.629090130329
56171,0.94748622179
56173,0.904756367207
56178,0.863628923893
56179,0.966837823391
56185,0.974775612354
56187,0.953472912312
56189,0.886375129223
56190,0.892937898636
56191,0.934145390987
56193,0.847042322159
56194,0.691957354546
56195,0.914838731289
56196,0.890057265759
56199,0.914553940296
56200,0.840070068836
56202,0.905768692493
56211,0.921850085258
56213,0.976049423218
56217,0.677988469601
56221,0.695902764797
56222,0.643263220787
56225,0.910328984261
56228,0.617649376392
56229,0.425777256489
56231,0.978940427303
56235,0.818566739559
56236,0.91849476099
56239,0.810495853424
56240,0.0942131578922
56245,0.726322591305
56248,0.825966238976
56250,0.691773355007
56251,0.784649550915
56254,0.964374184608
56256,0.598190665245
56257,0.844681441784
56258,0.468085855246
56261,0.533451318741
56265,0.477793127298
56267,0.872279047966
56269,0.8525608778
56271,0.785381376743
56274,0.645885467529
56275,0.646779417992
56278,0.989978432655
56279,0.80836135149
56280,0.909871935844
56281,0.531410157681
56282,0.630502343178
56286,0.963806867599
56287,0.969414353371
56288,0.801172077656
56293,0.773927092552
56294,0.891945064068
56296,0.798501729965
56297,0.976297616959
56301,0.821997046471
56304,0.436106592417
56305,0.892660737038
56306,0.480666220188
56307,0.960459172726
56309,0.322299808264
56310,0.795901477337
56311,0.872936367989
56313,0.841743886471
56314,0.794228971004
56315,0.794321000576
56317,0.724896192551
56321,0.730146884918
56322,0.876276135445
56326,0.689795672894
56328,0.589283108711
56330,0.949986815453
56332,0.976249933243
56336,0.967112600803
56337,0.7833968997
56339,0.747519791126
56345,0.970898628235
56348,0.990101337433
56349,0.957006633282
56351,0.714135229588
56353,0.838555216789
56354,0.947996973991
56357,0.948886454105
56359,0.629644989967
56360,0.68556791544
56362,0.829530894756
56365,0.843075871468
56368,0.527534544468
56369,0.4117847085
56375,0.682692229748
56376,0.861689627171
56377,0.977959275246
56388,0.826278746128
56391,0.829078435898
56392,0.922817528248
56393,0.954513549805
56394,0.713616430759
56395,0.670561552048
56397,0.751942157745
56398,0.942899823189
56400,0.819135308266
56402,0.976344883442
56403,0.824663579464
56404,0.403138667345
56406,0.899595439434
56408,0.901439845562
56410,0.915036201477
56411,0.971599876881
56412,0.832189559937
56418,0.841479480267
56424,0.985218703747
56425,0.654982447624
56427,0.886199831963
56428,0.9605935812
56429,0.971274197102
56430,0.938941538334
56433,0.801294803619
56434,0.685387909412
56435,0.725453972816
56436,0.738299190998
56437,0.943984627724
56438,0.686241984367
56439,0.810566186905
56440,0.696070075035
56441,0.967747747898
56442,0.893614411354
56444,0.597080826759
56445,0.882111608982
56448,0.749274611473
56449,0.84128510952
56450,0.575626373291
56451,0.743275046349
56452,0.93832296133
56455,0.847969949245
56457,0.104790523648
56458,0.898397922516
56459,0.848300516605
56462,0.971379816532
56464,0.385953068733
56465,0.967672407627
56466,0.790096759796
56473,0.970608234406
56475,0.936166703701
56477,0.668817341328
56478,0.704907953739
56482,0.82959061861
56484,0.224816098809
56486,0.951103448868
56490,0.627419769764
56491,0.80375701189
56493,0.810710370541
56497,0.680232048035
56501,0.933288633823
56503,0.956978559494
56506,0.981554508209
56509,0.772729933262
56510,0.445516735315
56511,0.755446851254
56513,0.684688031673
56514,0.236860498786
56515,0.754643261433
56516,0.217155203223
56518,0.945562839508
56519,0.859667479992
56520,0.91047590971
56521,0.721191823483
56523,0.618774175644
56524,0.977164924145
56529,0.970259904861
56533,0.111337959766
56534,0.952140152454
56535,0.781136512756
56536,0.833499491215
56537,0.91915422678
56539,0.457353413105
56543,0.641093373299
56544,0.957458913326
56545,0.75308316946
56546,0.609302997589
56547,0.45426812768
56548,0.569900929928
56549,0.909106969833
56550,0.666106879711
56552,0.53749370575
56553,0.959668815136
56554,0.933522522449
56556,0.971296489239
56557,0.911029160023
56558,0.950106501579
56559,0.777299165726
56561,0.716237008572
56562,0.809315145016
56563,0.824564576149
56566,0.981959939003
56567,0.533738851547
56568,0.76328086853
56569,0.849522411823
56570,0.735075235367
56573,0.889643609524
56575,0.857124328613
56576,0.795087099075
56578,0.915979683399
56579,0.417709320784
56580,0.718713462353
56582,0.84849357605
56583,0.900287032127
56584,0.680858373642
56585,0.651973605156
56587,0.780262768269
56589,0.777092635632
56590,0.686597108841
56594,0.804195404053
56595,0.673091113567
56596,0.759230971336
56597,0.807864010334
56602,0.970575332642
56603,0.626136422157
56604,0.592151403427
56605,0.983939647675
56606,0.91499787569
56607,0.722348809242
56609,0.688945055008
56621,0.940710783005
56625,0.420971542597
56626,0.902095913887
56628,0.891236424446
56630,0.661464035511
56631,0.92772603035
56632,0.848740398884
56634,0.978184938431
56637,0.853920996189
56639,0.828990697861
56640,0.973585009575
56643,0.298706740141
56644,0.535040378571
56646,0.928506433964
56648,0.475791573524
56649,0.845818758011
56650,0.833336293697
56651,0.980349302292
56653,0.530104637146
56655,0.973959386349
56657,0.709272921085
56658,0.976389229298
56660,0.982458174229
56662,0.508326768875
56663,0.232557281852
56664,0.885985791683
56665,0.214777573943
56666,0.976589500904
56667,0.755756735802
56670,0.964592635632
56671,0.89458835125
56672,0.846501231194
56673,0.97700214386
56674,0.91793525219
56675,0.523726224899
56680,0.564836919308
56681,0.737681150436
56683,0.625940978527
56686,0.895675003529
56687,0.928124368191
56689,0.875648796558
56690,0.777612745762
56691,0.365882843733
56696,0.508074223995
56698,0.895786881447
56699,0.730781555176
56700,0.562827110291
56702,0.91573870182
56703,0.983273267746
56705,0.947042107582
56708,0.715683460236
56709,0.485232263803
56710,0.981702566147
56711,0.87217861414
56714,0.595365464687
56716,0.652397930622
56720,0.909690797329
56721,0.836523890495
56722,0.862769603729
56725,0.929765045643
56726,0.734656155109
56728,0.839547872543
56729,0.601480603218
56730,0.662873983383
56731,0.541841983795
56733,0.885881185532
56736,0.897329628468
56738,0.808283448219
56739,0.75477874279
56741,0.774904966354
56743,0.91025698185
56745,0.978614509106
56746,0.447918742895
56749,0.809570372105
56750,0.692415416241
56751,0.306552737951
56759,0.839042723179
56760,0.84078681469
56762,0.769524753094
56763,0.577950894833
56765,0.850782394409
56768,0.967008471489
56769,0.917903482914
56771,0.672517418861
56772,0.634442150593
56775,0.986910045147
56776,0.863048315048
56777,0.958208680153
56779,0.923422574997
56780,0.934757351875
56782,0.933626592159
56783,0.953237473965
56786,0.722186028957
56787,0.919745504856
56788,0.968693852425
56789,0.851305246353
56790,0.6959233284
56791,0.828211307526
56792,0.702494621277
56793,0.775002479553
56794,0.752624809742
56796,0.865455448627
56797,0.963006615639
56798,0.693301141262
56800,0.396585047245
56801,0.818745434284
56803,0.652417182922
56804,0.642740309238
56806,0.779709458351
56807,0.600765943527
56809,0.636695981026
56811,0.704856812954
56812,0.482199251652
56813,0.948720216751
56818,0.978508234024
56820,0.60998415947
56824,0.853146731853
56826,0.851898312569
56828,0.950898826122
56833,0.262615084648
56835,0.826272189617
56839,0.523714184761
56841,0.951758265495
56842,0.719547629356
56843,0.977024257183
56845,0.944415986538
56846,0.848818898201
56851,0.891153156757
56854,0.305099993944
56855,0.857694208622
56857,0.853794336319
56859,0.723542511463
56862,0.868101477623
56864,0.970112800598
56866,0.485897481441
56867,0.686473429203
56870,0.705493509769
56874,0.484767735004
56880,0.773408412933
56882,0.719087719917
56883,0.872679054737
56884,0.911442101002
56886,0.873100221157
56889,0.963181316853
56891,0.859722912312
56892,0.832273960114
56894,0.832245051861
56895,0.92382979393
56897,0.975971519947
56899,0.681731164455
56900,0.711554586887
56901,0.509635806084
56902,0.98821169138
56906,0.57654774189
56908,0.81349915266
56909,0.828589379787
56910,0.638203680515
56911,0.960767149925
56912,0.912323236465
56913,0.730117917061
56914,0.831089198589
56915,0.706216335297
56917,0.965680956841
56922,0.883222997189
56923,0.959720432758
56925,0.304222911596
56928,0.456029713154
56931,0.832715749741
56932,0.922622978687
56933,0.85402148962
56934,0.989772379398
56935,0.929571568966
56936,0.85558873415
56937,0.949318706989
56938,0.842010736465
56939,0.565512001514
56942,0.907697618008
56944,0.32122784853
56946,0.526708364487
56947,0.898232460022
56950,0.951377749443
56951,0.974620580673
56952,0.624931514263
56954,0.82229757309
56956,0.700477421284
56957,0.669055342674
56959,0.321428179741
56962,0.791916489601
56963,0.789093017578
56964,0.762553155422
56965,0.97139954567
56967,0.605648636818
56969,0.863500237465
56973,0.807259678841
56974,0.763258934021
56975,0.91573959589
56976,0.886190474033
56978,0.652538180351
56979,0.987549722195
56980,0.605620265007
56982,0.979040503502
56984,0.939229726791
56986,0.9762570858
56987,0.987947404385
56988,0.915563285351
56989,0.920303821564
56991,0.792230129242
56992,0.646373867989
56995,0.880540192127
56996,0.891864299774
57000,0.782522320747
57001,0.966867506504
57002,0.320955246687
57003,0.853806495667
57005,0.546292066574
57007,0.957232475281
57008,0.928598105907
57009,0.652815878391
57011,0.935432732105
57013,0.565705060959
57015,0.914519667625
57020,0.939108252525
57021,0.322419136763
57024,0.255562961102
57025,0.973889291286
57026,0.899608552456
57027,0.799756646156
57028,0.936282098293
57030,0.53312766552
57031,0.65565598011
57034,0.3229136765
57035,0.94206982851
57040,0.626092612743
57041,0.778335750103
57042,0.936249136925
57044,0.614220678806
57045,0.790828049183
57047,0.71475148201
57051,0.453948169947
57052,0.643940985203
57054,0.731448352337
57055,0.699422717094
57058,0.977841496468
57059,0.7398250103
57061,0.616294622421
57064,0.169063866138
57065,0.92758667469
57067,0.964269638062
57068,0.437440425158
57071,0.448947399855
57072,0.909305632114
57073,0.983383119106
57074,0.573957026005
57075,0.467849820852
57078,0.734740912914
57079,0.83344078064
57082,0.702238917351
57084,0.98130518198
57086,0.668869316578
57088,0.282602787018
57091,0.500412523746
57093,0.875971496105
57094,0.699211597443
57099,0.801627933979
57101,0.265498489141
57103,0.586843073368
57104,0.673834681511
57106,0.541020810604
57112,0.882322430611
57113,0.578098654747
57114,0.940891206264
57115,0.811229348183
57116,0.761655330658
57117,0.98453694582
57122,0.957593262196
57123,0.604674339294
57124,0.554172813892
57125,0.750104904175
57126,0.843352138996
57129,0.882242441177
57130,0.853407144547
57134,0.779180824757
57135,0.875745236874
57140,0.670895457268
57142,0.851215183735
57143,0.216434434056
57144,0.947775125504
57146,0.962993979454
57152,0.439890414476
57153,0.958790659904
57156,0.85117316246
57158,0.574981629848
57159,0.692802548409
57161,0.341175794601
57162,0.810985445976
57163,0.366697460413
57165,0.985243558884
57170,0.808676958084
57173,0.855890095234
57174,0.951750397682
57175,0.912069737911
57177,0.912272155285
57178,0.497614145279
57182,0.610986351967
57183,0.734092652798
57185,0.450757801533
57187,0.9350669384
57189,0.703005254269
57190,0.829066157341
57193,0.962108075619
57197,0.588546693325
57198,0.695471584797
57199,0.715549468994
57200,0.373327821493
57201,0.894919633865
57203,0.810098409653
57204,0.881442129612
57206,0.600033283234
57207,0.784358680248
57209,0.873743057251
57219,0.774253964424
57220,0.858490943909
57224,0.97603815794
57225,0.952724397182
57226,0.885153234005
57231,0.649039208889
57232,0.957520365715
57234,0.704278290272
57235,0.856959939003
57237,0.731341004372
57238,0.657602012157
57240,0.948652505875
57241,0.628174364567
57242,0.740357816219
57244,0.827662169933
57245,0.982531249523
57248,0.473060101271
57251,0.818051695824
57252,0.715800881386
57254,0.917575061321
57255,0.776340425014
57256,0.650304675102
57257,0.967169821262
57258,0.932836532593
57259,0.604074656963
57263,0.830799043179
57265,0.562048435211
57266,0.95017850399
57268,0.799966454506
57270,0.9745657444
57273,0.679107785225
57275,0.720447480679
57278,0.454291462898
57279,0.525214135647
57281,0.902579665184
57286,0.976464569569
57295,0.456944286823
57296,0.948472559452
57298,0.737696409225
57300,0.774247407913
57301,0.945213258266
57303,0.855100810528
57304,0.962211966515
57306,0.657859265804
57307,0.970518171787
57308,0.359083473682
57309,0.838067054749
57310,0.790922343731
57311,0.0996622815728
57312,0.977572381496
57313,0.948639214039
57314,0.97030210495
57315,0.693605303764
57316,0.90556615591
57318,0.755467653275
57319,0.909496366978
57320,0.72388958931
57321,0.885351002216
57326,0.979337096214
57327,0.80486112833
57329,0.772765040398
57330,0.850361585617
57331,0.877277851105
57334,0.91106981039
57335,0.808415174484
57336,0.885182201862
57337,0.68861746788
57338,0.673769593239
57339,0.631128430367
57340,0.57671302557
57342,0.623035848141
57343,0.914823055267
57345,0.775376975536
57346,0.683608531952
57348,0.988896012306
57350,0.971510589123
57351,0.75243139267
57352,0.868751704693
57353,0.905048131943
57355,0.545755565166
57356,0.745414435863
57357,0.823154985905
57358,0.0707559511065
57359,0.647684037685
57360,0.909295678139
57361,0.987305104733
57362,0.58210337162
57365,0.648290514946
57366,0.953970849514
57367,0.442812770605
57370,0.832862913609
57371,0.839959025383
57372,0.642334759235
57374,0.319511085749
57376,0.982509613037
57381,0.440114170313
57382,0.92258310318
57385,0.978361785412
57386,0.929157018661
57388,0.552696704865
57389,0.521029114723
57391,0.948538959026
57392,0.740101456642
57397,0.414729595184
57398,0.880335450172
57399,0.0509767718613
57400,0.4370701015
57402,0.967855632305
57403,0.926957666874
57404,0.957756638527
57406,0.703062593937
57409,0.911367356777
57410,0.77296936512
57414,0.715116858482
57416,0.987696945667
57418,0.707890450954
57420,0.891539335251
57422,0.982401669025
57424,0.82591509819
57426,0.768812477589
57427,0.814651072025
57434,0.934199213982
57439,0.8012778759
57440,0.79925096035
57441,0.942287623882
57442,0.329122453928
57443,0.724884033203
57444,0.362016677856
57452,0.965044438839
57453,0.673906445503
57454,0.694856524467
57458,0.803284287453
57459,0.867744743824
57461,0.838600158691
57462,0.610179424286
57467,0.726126968861
57468,0.603132784367
57472,0.860284805298
57473,0.68216830492
57474,0.645821094513
57475,0.651416540146
57476,0.179938137531
57477,0.786876022816
57479,0.767095923424
57483,0.868238866329
57486,0.570676743984
57487,0.796145498753
57490,0.717608630657
57491,0.750306963921
57493,0.919780731201
57495,0.802074968815
57498,0.300445616245
57505,0.728232979774
57509,0.94742423296
57511,0.674201190472
57512,0.963599324226
57517,0.462172418833
57523,0.590330064297
57524,0.688359439373
57526,0.849974751472
57528,0.909445405006
57530,0.944749653339
57531,0.632309377193
57535,0.670296251774
57536,0.964708030224
57537,0.708917975426
57538,0.831981539726
57540,0.918564677238
57541,0.757365107536
57545,0.972431778908
57548,0.957838654518
57549,0.868386089802
57550,0.796021342278
57551,0.746959447861
57553,0.884672880173
57558,0.765985548496
57559,0.919714331627
57560,0.877443671227
57561,0.910667002201
57562,0.816944479942
57564,0.976471960545
57565,0.755721271038
57566,0.845623254776
57568,0.900514602661
57570,0.946128904819
57574,0.813887774944
57575,0.758587002754
57576,0.677905499935
57577,0.880977332592
57578,0.820576608181
57580,0.97896450758
57581,0.820427119732
57582,0.804521083832
57583,0.936218440533
57584,0.700110971928
57585,0.473619967699
57589,0.816339790821
57594,0.95863866806
57595,0.967422306538
57596,0.95884180069
57598,0.848307311535
57600,0.91990083456
57601,0.39627546072
57607,0.973003864288
57608,0.664949297905
57609,0.426082909107
57616,0.821635723114
57617,0.716806352139
57618,0.974001348019
57619,0.878724098206
57622,0.810377717018
57625,0.952854931355
57628,0.925075292587
57629,0.815604031086
57631,0.64413279295
57635,0.79953289032
57636,0.918383359909
57637,0.808468937874
57638,0.948986172676
57642,0.819686293602
57644,0.959245622158
57647,0.782033503056
57648,0.750725626945
57650,0.644605636597
57651,0.770865619183
57653,0.543429255486
57655,0.752538204193
57657,0.816187143326
57658,0.900021672249
57659,0.951763033867
57660,0.874846637249
57661,0.82609140873
57663,0.799037337303
57664,0.660974979401
57669,0.782318592072
57670,0.936396718025
57672,0.94180971384
57678,0.83458262682
57679,0.770449459553
57681,0.827427148819
57683,0.801108121872
57685,0.914000689983
57687,0.884781777859
57688,0.685643136501
57689,0.846878886223
57691,0.909307122231
57692,0.672231137753
57694,0.973075449467
57698,0.972126305103
57699,0.846276283264
57700,0.741404891014
57702,0.785377383232
57706,0.601953864098
57707,0.918480098248
57710,0.478394538164
57711,0.647772848606
57713,0.61769670248
57716,0.827792406082
57721,0.967207074165
57722,0.981317460537
57723,0.826266109943
57725,0.85730022192
57728,0.457652181387
57729,0.824438810349
57730,0.0481457933784
57732,0.873014628887
57733,0.815368592739
57737,0.976649105549
57739,0.193443566561
57744,0.83720856905
57747,0.847199976444
57749,0.724274873734
57750,0.721748054028
57755,0.99063128233
57756,0.972701191902
57759,0.953796863556
57763,0.918045520782
57767,0.91433095932
57769,0.560439109802
57774,0.791759490967
57775,0.875261068344
57776,0.855402112007
57778,0.572077870369
57779,0.839976429939
57780,0.761176645756
57782,0.759953320026
57783,0.4642329216
57785,0.793024778366
57790,0.747752010822
57792,0.894986212254
57793,0.257614910603
57794,0.947828173637
57795,0.819850742817
57796,0.776724278927
57800,0.980102002621
57803,0.858598172665
57804,0.878455996513
57807,0.902408480644
57809,0.950698196888
57810,0.976658880711
57811,0.965288579464
57815,0.521848678589
57816,0.835981011391
57817,0.829625487328
57820,0.430041491985
57821,0.620686769485
57822,0.956575453281
57823,0.748894512653
57825,0.984429121017
57830,0.974722623825
57831,0.912833154202
57834,0.857352495193
57839,0.91300880909
57840,0.77634626627
57841,0.916543245316
57843,0.932283639908
57845,0.942565858364
57850,0.516640484333
57851,0.142137765884
57854,0.796954929829
57862,0.89327031374
57864,0.645913958549
57865,0.971220493317
57866,0.814189851284
57867,0.714819014072
57868,0.969942629337
57870,0.917962372303
57871,0.898307085037
57873,0.845621883869
57875,0.745301306248
57878,0.729682147503
57879,0.790317773819
57881,0.829679906368
57885,0.994876801968
57887,0.469001501799
57888,0.306743949652
57891,0.734830021858
57892,0.396113097668
57901,0.231506466866
57903,0.810673058033
57909,0.965714335442
57910,0.83149087429
57911,0.511132180691
57914,0.66916590929
57915,0.791218698025
57916,0.684607863426
57917,0.731763362885
57920,0.875332832336
57921,0.920565009117
57923,0.827780723572
57927,0.943648338318
57928,0.489557445049
57931,0.768874406815
57933,0.576537489891
57934,0.988570153713
57936,0.494215488434
57937,0.944091916084
57938,0.855915248394
57940,0.783689081669
57944,0.940801203251
57947,0.637481212616
57951,0.942894101143
57953,0.889034152031
57954,0.968356847763
57955,0.294136017561
57960,0.943695902824
57961,0.891417980194
57963,0.623905956745
57964,0.451585114002
57965,0.904404461384
57967,0.806177079678
57968,0.388543367386
57971,0.976905345917
57974,0.884155213833
57975,0.972644686699
57976,0.656812250614
57977,0.924369215965
57978,0.97933369875
57979,0.743479609489
57981,0.95197480917
57982,0.728418946266
57983,0.700930595398
57984,0.763550043106
57986,0.965827941895
57989,0.977966547012
57993,0.968403995037
57994,0.643091797829
57996,0.644796788692
58002,0.940117180347
58003,0.650190889835
58004,0.755763471127
58006,0.927178442478
58007,0.909384846687
58008,0.753135502338
58009,0.93867701292
58010,0.890725255013
58011,0.760398328304
58017,0.975575506687
58019,0.823248326778
58021,0.604331433773
58023,0.867080569267
58024,0.302578002214
58025,0.901194751263
58026,0.535556077957
58029,0.957473933697
58032,0.823510408401
58033,0.846714556217
58034,0.987191081047
58036,0.606280565262
58037,0.976982951164
58039,0.945736825466
58040,0.819402456284
58041,0.739968180656
58043,0.905713021755
58044,0.640533924103
58045,0.54530864954
58048,0.945421874523
58050,0.519117832184
58051,0.585680246353
58053,0.271326690912
58054,0.976891934872
58064,0.955740094185
58066,0.614965319633
58068,0.978155970573
58074,0.800514757633
58076,0.628125429153
58077,0.614585042
58078,0.978772163391
58079,0.923714399338
58080,0.701697707176
58083,0.699081063271
58086,0.780830681324
58087,0.920853018761
58089,0.912649214268
58090,0.680318176746
58091,0.934597849846
58097,0.880030930042
58100,0.892478227615
58101,0.941394031048
58110,0.974074423313
58111,0.528756082058
58112,0.779946744442
58117,0.735799074173
58118,0.658105194569
58120,0.926469445229
58121,0.891831934452
58123,0.973396360874
58127,0.591580331326
58128,0.901792287827
58134,0.953151464462
58135,0.364896476269
58140,0.719401180744
58141,0.896549463272
58142,0.877412199974
58144,0.7989590168
58145,0.831220984459
58146,0.357936322689
58147,0.856529474258
58148,0.973300814629
58150,0.50300347805
58151,0.769829332829
58152,0.689755618572
58153,0.95620405674
58155,0.87032443285
58156,0.783054113388
58158,0.727115750313
58161,0.718047440052
58165,0.892983198166
58167,0.93626922369
58168,0.890480458736
58170,0.921504020691
58172,0.922280907631
58174,0.680148899555
58178,0.868857324123
58180,0.844472587109
58182,0.549685835838
58187,0.604626178741
58188,0.230693504214
58190,0.86315882206
58193,0.404110372066
58194,0.994025707245
58197,0.494311183691
58199,0.916932582855
58200,0.696746528149
58204,0.934940814972
58205,0.939658403397
58206,0.50270742178
58212,0.979223489761
58215,0.558483242989
58218,0.547298252583
58219,0.344863116741
58222,0.61957359314
58225,0.442155987024
58227,0.984533309937
58228,0.639748811722
58229,0.871050536633
58231,0.982037186623
58232,0.86086755991
58234,0.604341804981
58237,0.886950731277
58238,0.851381540298
58241,0.988496422768
58243,0.797691464424
58244,0.983393013477
58248,0.647220611572
58250,0.956897318363
58253,0.937936127186
58256,0.509145736694
58258,0.943471193314
58259,0.713453829288
58264,0.689600288868
58266,0.579613387585
58268,0.662690877914
58269,0.756393671036
58271,0.871238827705
58273,0.84500426054
58276,0.674297094345
58282,0.924566626549
58283,0.398924648762
58286,0.517981231213
58287,0.574706852436
58290,0.96623057127
58295,0.734498023987
58297,0.220092698932
58298,0.971220612526
58300,0.681652843952
58301,0.987883746624
58302,0.810170173645
58304,0.8795170784
58306,0.930508971214
58309,0.701234638691
58311,0.726007461548
58314,0.638284564018
58316,0.892409861088
58321,0.637251973152
58324,0.47639939189
58330,0.661847829819
58332,0.523834466934
58333,0.988823711872
58334,0.844351053238
58336,0.671239614487
58337,0.0509316697717
58339,0.466319054365
58345,0.60043400526
58346,0.704330205917
58350,0.976542234421
58355,0.616187691689
58356,0.776913821697
58360,0.935927510262
58361,0.680832564831
58362,0.807761728764
58363,0.835251331329
58364,0.929274260998
58365,0.63981539011
58367,0.718289554119
58369,0.981323122978
58377,0.429916858673
58379,0.676158428192
58380,0.566681027412
58381,0.864291548729
58382,0.979372322559
58384,0.8166629076
58387,0.41504585743
58390,0.9000685215
58391,0.97600954771
58392,0.925643086433
58394,0.896055221558
58395,0.865072488785
58396,0.322022438049
58397,0.519235551357
58398,0.978396594524
58399,0.896912157536
58400,0.519267618656
58405,0.685239076614
58406,0.60781866312
58407,0.863110423088
58409,0.925551593304
58415,0.708646714687
58416,0.973646819592
58421,0.819659292698
58423,0.956184208393
58427,0.983165621758
58429,0.720053672791
58430,0.710753798485
58432,0.230724915862
58440,0.295747190714
58442,0.829145729542
58443,0.897891879082
58445,0.881580412388
58446,0.587061464787
58449,0.901075541973
58454,0.860849142075
58456,0.97426879406
58460,0.981013834476
58461,0.975933134556
58464,0.721495985985
58469,0.780172407627
58470,0.723264992237
58471,0.646912932396
58472,0.585620701313
58473,0.794745564461
58475,0.784155845642
58478,0.985499024391
58479,0.392085641623
58481,0.856028437614
58482,0.488975316286
58483,0.937363147736
58484,0.2614608109
58485,0.938300132751
58487,0.858043372631
58488,0.511306762695
58491,0.944308400154
58492,0.714755892754
58494,0.599316716194
58495,0.946141004562
58496,0.883906543255
58500,0.80366307497
58504,0.569729268551
58505,0.909237384796
58507,0.920399963856
58508,0.801661550999
58509,0.778847098351
58510,0.522353053093
58513,0.442715078592
58515,0.831811964512
58516,0.964491307735
58517,0.8697219491
58519,0.661499202251
58521,0.944577872753
58522,0.580096006393
58523,0.729837417603
58524,0.87324655056
58527,0.910917460918
58528,0.69248521328
58529,0.365084946156
58531,0.457980155945
58536,0.905648946762
58538,0.649185240269
58539,0.972238063812
58540,0.388496696949
58546,0.759495198727
58547,0.92912375927
58549,0.871841728687
58551,0.835462212563
58552,0.610966801643
58553,0.912135362625
58554,0.550996422768
58557,0.963593542576
58558,0.597628295422
58560,0.599215209484
58561,0.913454890251
58563,0.736023008823
58565,0.97314453125
58566,0.681142687798
58567,0.987550318241
58568,0.898050189018
58569,0.923211812973
58570,0.860454261303
58573,0.76076900959
58574,0.846665620804
58580,0.575073778629
58583,0.983309209347
58585,0.277019619942
58586,0.746090173721
58587,0.867312848568
58588,0.953891515732
58592,0.985171377659
58594,0.787779033184
58596,0.92150503397
58597,0.653542637825
58599,0.950956821442
58601,0.810392260551
58604,0.809724152088
58607,0.856875419617
58612,0.590569555759
58614,0.820484161377
58616,0.835828006268
58618,0.970004975796
58619,0.913500964642
58620,0.496260464191
58621,0.621854186058
58624,0.992285609245
58625,0.75783854723
58627,0.813481390476
58628,0.762404561043
58629,0.895531475544
58630,0.858700633049
58635,0.63910651207
58636,0.964050590992
58638,0.683114290237
58640,0.794811844826
58642,0.817384660244
58645,0.876037359238
58651,0.715041518211
58652,0.359526336193
58653,0.953205227852
58655,0.902061760426
58657,0.25980708003
58658,0.536222457886
58659,0.973285317421
58662,0.360476613045
58663,0.820466935635
58664,0.808620393276
58665,0.622826814651
58666,0.976254820824
58669,0.941279768944
58671,0.920383214951
58673,0.692518830299
58674,0.837406814098
58675,0.893373191357
58676,0.467596262693
58679,0.544637680054
58681,0.624902963638
58684,0.863305568695
58686,0.88565081358
58690,0.911933481693
58691,0.946230530739
58692,0.742570817471
58693,0.897121846676
58698,0.690789341927
58699,0.813852012157
58700,0.587239325047
58701,0.871255099773
58704,0.828184664249
58706,0.796950399876
58707,0.881109952927
58709,0.804797291756
58710,0.583938002586
58711,0.720208585262
58715,0.585386633873
58716,0.601084649563
58717,0.791265070438
58718,0.684350013733
58720,0.952406108379
58721,0.848790109158
58722,0.552928090096
58723,0.971557796001
58724,0.883533120155
58727,0.888705849648
58729,0.705823361874
58732,0.859650433064
58735,0.831823170185
58736,0.958000004292
58738,0.935711860657
58739,0.871039152145
58740,0.966541528702
58741,0.695908844471
58742,0.700140655041
58743,0.840252280235
58745,0.950115084648
58746,0.90087968111
58747,0.633712470531
58748,0.908068597317
58749,0.940652549267
58751,0.814627528191
58759,0.842138051987
58760,0.408305555582
58761,0.818230688572
58763,0.73575168848
58764,0.924417674541
58765,0.657246112823
58767,0.968704819679
58771,0.92856913805
58772,0.773348629475
58774,0.974857151508
58783,0.674248754978
58788,0.877876520157
58789,0.885185658932
58792,0.668692231178
58797,0.946139514446
58798,0.962620258331
58799,0.970623552799
58800,0.823587357998
58801,0.796702265739
58803,0.550407528877
58804,0.92694568634
58805,0.97626209259
58806,0.989283084869
58810,0.802710950375
58811,0.874287366867
58814,0.932583510876
58815,0.740625321865
58817,0.805128097534
58818,0.761324763298
58819,0.965207099915
58820,0.891374409199
58821,0.592370808125
58822,0.952266514301
58823,0.9454408288
58824,0.583242356777
58825,0.932475745678
58828,0.831515848637
58829,0.77910143137
58830,0.930928111076
58831,0.868552863598
58833,0.739657819271
58834,0.584391891956
58836,0.936027348042
58839,0.839545190334
58840,0.605568647385
58841,0.887239098549
58848,0.655754566193
58849,0.754731595516
58852,0.968430280685
58853,0.725788295269
58854,0.935297548771
58858,0.986015677452
58860,0.665317833424
58863,0.792852520943
58864,0.660992503166
58866,0.898368000984
58872,0.820226728916
58876,0.629471957684
58880,0.961010634899
58883,0.791140794754
58885,0.966881632805
58889,0.984818160534
58892,0.782436132431
58894,0.96638661623
58895,0.824186503887
58897,0.927742540836
58900,0.929266929626
58901,0.919487714767
58903,0.870987772942
58905,0.820670485497
58906,0.928780198097
58907,0.87050652504
58909,0.943739593029
58910,0.571419775486
58914,0.787213206291
58915,0.668678998947
58916,0.916412889957
58917,0.615558207035
58918,0.839156031609
58920,0.644548892975
58921,0.852405011654
58922,0.847427845001
58923,0.487478613853
58924,0.882224917412
58927,0.746643543243
58929,0.929680049419
58933,0.65533810854
58935,0.878390491009
58938,0.73171043396
58940,0.8831179142
58941,0.760837316513
58943,0.936700880527
58946,0.804122388363
58949,0.778696238995
58950,0.746161520481
58955,0.624434053898
58956,0.789428293705
58957,0.644841969013
58958,0.659354448318
58960,0.907235145569
58961,0.915110170841
58962,0.443546175957
58963,0.709985256195
58964,0.651061177254
58965,0.966519236565
58966,0.545798420906
58968,0.913296759129
58969,0.735275268555
58971,0.666430532932
58972,0.711420357227
58973,0.79599148035
58974,0.945735991001
58975,0.905914485455
58978,0.781028687954
58979,0.831284046173
58980,0.731090545654
58981,0.983860373497
58987,0.975309431553
58988,0.92178606987
58992,0.735628247261
58997,0.740610539913
59000,0.682922661304
59001,0.752652943134
59002,0.835723817348
59003,0.826836049557
59007,0.646144628525
59009,0.945076525211
59011,0.477676331997
59014,0.936441123486
59015,0.521891236305
59016,0.974826157093
59018,0.945113897324
59019,0.847573697567
59020,0.707722425461
59021,0.7342466712
59022,0.35846760869
59026,0.754893422127
59029,0.662300825119
59035,0.861094594002
59040,0.96661400795
59042,0.933947086334
59044,0.972376644611
59045,0.511944711208
59048,0.507699608803
59050,0.802121520042
59051,0.610565185547
59052,0.944299459457
59056,0.84277099371
59058,0.27288466692
59059,0.747344374657
59062,0.70009714365
59063,0.869471669197
59065,0.890678524971
59066,0.686046659946
59067,0.885471224785
59069,0.936588287354
59071,0.897374629974
59072,0.794197916985
59078,0.472196787596
59080,0.821212053299
59081,0.943184137344
59083,0.943025588989
59089,0.968439996243
59090,0.831254482269
59094,0.752465903759
59095,0.975809276104
59099,0.545310199261
59101,0.721598565578
59102,0.629779338837
59103,0.658731162548
59104,0.563185334206
59107,0.979032874107
59108,0.549887895584
59111,0.930507183075
59112,0.986559867859
59113,0.961997628212
59116,0.7331828475
59117,0.944743514061
59118,0.743107140064
59119,0.620702981949
59120,0.598917067051
59122,0.719844400883
59127,0.982434093952
59130,0.964830100536
59131,0.644971489906
59132,0.5519952178
59133,0.895948469639
59134,0.867739856243
59135,0.805616915226
59137,0.0508458763361
59138,0.978858947754
59140,0.925695359707
59141,0.198416620493
59144,0.965331494808
59147,0.658477842808
59149,0.990732431412
59153,0.820302128792
59158,0.966420948505
59162,0.874455869198
59163,0.921881258488
59164,0.684681594372
59165,0.607195079327
59166,0.858161687851
59168,0.821203768253
59170,0.681968152523
59172,0.960721254349
59178,0.86938804388
59179,0.480237394571
59182,0.944464921951
59186,0.602543234825
59187,0.950859904289
59189,0.829713106155
59191,0.656333088875
59194,0.944835662842
59196,0.981986999512
59197,0.750404477119
59198,0.986352086067
59201,0.852787137032
59202,0.883849263191
59203,0.966146409512
59204,0.479393064976
59205,0.307354480028
59206,0.926434755325
59208,0.946141421795
59209,0.637752234936
59210,0.925741672516
59212,0.754714846611
59214,0.703818023205
59216,0.836261808872
59220,0.960886597633
59221,0.779705762863
59222,0.554868817329
59226,0.927249372005
59229,0.66557598114
59234,0.91092300415
59235,0.578760504723
59237,0.844739675522
59239,0.883013904095
59241,0.799178242683
59242,0.739619791508
59243,0.579245746136
59244,0.951942622662
59245,0.953372478485
59246,0.851291894913
59250,0.940844297409
59251,0.82580780983
59252,0.676485240459
59253,0.787098526955
59254,0.988189101219
59255,0.721767425537
59257,0.825177371502
59258,0.915451586246
59261,0.991664171219
59263,0.98684233427
59264,0.984810709953
59265,0.804979920387
59269,0.762350440025
59270,0.718320667744
59274,0.828057765961
59276,0.721955299377
59278,0.850362300873
59279,0.859763562679
59282,0.57379347086
59287,0.208805933595
59289,0.868263483047
59290,0.680964052677
59291,0.987754881382
59292,0.857526659966
59297,0.569137632847
59303,0.844849348068
59304,0.931982934475
59310,0.81818652153
59312,0.675297498703
59313,0.980443716049
59317,0.7388843894
59319,0.519873321056
59320,0.47305944562
59323,0.894781708717
59324,0.814714431763
59326,0.799573421478
59328,0.83261346817
59329,0.792947351933
59330,0.47394412756
59332,0.950371265411
59333,0.748700082302
59334,0.976554632187
59336,0.968103289604
59338,0.823125839233
59341,0.66515237093
59343,0.671653330326
59345,0.294126212597
59346,0.740294992924
59348,0.938588559628
59352,0.601922333241
59354,0.674764752388
59357,0.963952064514
59358,0.896530866623
59359,0.735372841358
59362,0.444185256958
59363,0.83766502142
59364,0.904804706573
59365,0.80293816328
59366,0.718760073185
59367,0.544543921947
59368,0.955708503723
59371,0.930702447891
59372,0.907921075821
59374,0.849415481091
59375,0.893437027931
59376,0.747865021229
59379,0.972388029099
59381,0.943564653397
59383,0.957952260971
59386,0.848673701286
59387,0.959344685078
59388,0.912371098995
59389,0.826434016228
59390,0.957796633244
59391,0.820276856422
59392,0.496930420399
59393,0.814477145672
59394,0.73318195343
59396,0.814149558544
59397,0.947413742542
59398,0.968219935894
59399,0.611989676952
59400,0.972570478916
59401,0.717971503735
59407,0.814469456673
59413,0.943763434887
59415,0.805798411369
59416,0.892165660858
59420,0.515256643295
59423,0.812848329544
59425,0.91021925211
59426,0.962985157967
59427,0.609966337681
59428,0.891143500805
59430,0.77249777317
59431,0.947136700153
59432,0.961108744144
59437,0.559756040573
59438,0.54149711132
59439,0.810755133629
59441,0.901379287243
59443,0.419053912163
59445,0.788814008236
59447,0.967585682869
59449,0.716565072536
59452,0.827868700027
59453,0.901405036449
59454,0.765265226364
59459,0.903876245022
59462,0.694801211357
59464,0.378168046474
59466,0.963369250298
59469,0.832716464996
59470,0.763001918793
59472,0.745584607124
59473,0.921183168888
59478,0.729493141174
59480,0.771738111973
59482,0.967633008957
59483,0.660837829113
59484,0.953542590141
59485,0.933958947659
59486,0.576068937778
59487,0.83217215538
59490,0.512406408787
59492,0.955649018288
59493,0.637894392014
59494,0.585188806057
59499,0.988926887512
59500,0.639318108559
59501,0.939849317074
59506,0.964273631573
59507,0.796930968761
59508,0.924327850342
59510,0.938154518604
59512,0.726432621479
59514,0.888219773769
59515,0.708795428276
59520,0.834940493107
59522,0.904895246029
59523,0.761182904243
59524,0.964916169643
59525,0.633373916149
59527,0.962768733501
59528,0.773478209972
59529,0.423561215401
59530,0.635822474957
59532,0.95136731863
59534,0.567167699337
59535,0.873547434807
59536,0.801158070564
59540,0.480609446764
59541,0.96483528614
59542,0.830650985241
59552,0.715406656265
59553,0.26259920001
59554,0.720695674419
59558,0.939079165459
59559,0.750165998936
59563,0.723511993885
59564,0.79104155302
59566,0.812759995461
59567,0.635124623775
59568,0.847141265869
59569,0.532276153564
59570,0.805531084538
59571,0.868889272213
59572,0.869630753994
59574,0.397434830666
59580,0.485368490219
59581,0.843579590321
59582,0.973216891289
59583,0.899531304836
59584,0.902779459953
59585,0.625621378422
59593,0.832740426064
59594,0.791920721531
59595,0.406579494476
59596,0.920408725739
59597,0.907248556614
59598,0.619127571583
59600,0.0744482651353
59601,0.777685642242
59604,0.837265253067
59605,0.902626872063
59606,0.633468210697
59608,0.881359517574
59611,0.389434367418
59612,0.92650860548
59613,0.990516602993
59617,0.796014308929
59619,0.458944618702
59620,0.973384618759
59621,0.753202080727
59623,0.971523702145
59624,0.95547413826
59625,0.786194264889
59627,0.688657224178
59628,0.543418765068
59629,0.882729530334
59631,0.912170171738
59632,0.346010833979
59634,0.858726203442
59635,0.817913889885
59638,0.845634520054
59640,0.763935446739
59643,0.961764037609
59645,0.929837822914
59647,0.815075278282
59648,0.699838936329
59651,0.788357377052
59652,0.667785465717
59654,0.520835101604
59655,0.390112519264
59656,0.413314372301
59658,0.782441675663
59659,0.629494547844
59662,0.510027647018
59663,0.328106671572
59665,0.615002512932
59667,0.731239318848
59669,0.553701758385
59670,0.738199353218
59671,0.730574846268
59675,0.819389104843
59676,0.966465651989
59677,0.865583181381
59678,0.708296179771
59680,0.987726032734
59682,0.732923388481
59684,0.709666669369
59689,0.855028092861
59695,0.699145913124
59696,0.918099880219
59697,0.611989974976
59698,0.85633867979
59703,0.990916907787
59710,0.777846515179
59711,0.986150920391
59712,0.883441865444
59716,0.956065535545
59717,0.960522174835
59721,0.918384671211
59722,0.78992408514
59723,0.910251379013
59724,0.970105588436
59726,0.950687646866
59727,0.955011487007
59728,0.727604687214
59730,0.231918469071
59732,0.930800616741
59733,0.801986217499
59734,0.538978993893
59739,0.840088307858
59741,0.942384123802
59744,0.835260510445
59745,0.921558797359
59747,0.693182051182
59748,0.496695905924
59755,0.604671776295
59756,0.659703195095
59762,0.764314949512
59764,0.721538245678
59765,0.917054176331
59767,0.837212979794
59768,0.828265726566
59770,0.96616089344
59771,0.902005195618
59775,0.67211741209
59776,0.739069521427
59777,0.825396537781
59781,0.794351637363
59783,0.78729736805
59784,0.800211906433
59786,0.971548259258
59788,0.484572321177
59791,0.790233790874
59793,0.76440513134
59795,0.92720168829
59796,0.988453328609
59797,0.659172058105
59798,0.821307301521
59799,0.794171512127
59800,0.981351792812
59801,0.940604567528
59802,0.373983353376
59806,0.603924751282
59807,0.919010937214
59809,0.729600667953
59811,0.647137403488
59812,0.734731674194
59815,0.742880165577
59818,0.73403775692
59819,0.813859701157
59827,0.81270891428
59829,0.616805374622
59830,0.501247286797
59832,0.877031683922
59841,0.744338929653
59842,0.886717736721
59846,0.403813749552
59847,0.979754269123
59849,0.984359681606
59851,0.453200757504
59852,0.727866351604
59854,0.964984238148
59855,0.930618405342
59860,0.721880853176
59861,0.928664028645
59865,0.886047780514
59866,0.626171052456
59867,0.802772641182
59868,0.682757675648
59869,0.102819137275
59870,0.960710287094
59872,0.494591027498
59873,0.78649353981
59875,0.230885103345
59877,0.757456421852
59878,0.776883661747
59881,0.524194359779
59882,0.708350002766
59884,0.898734033108
59886,0.808349072933
59887,0.795413315296
59888,0.8562489748
59889,0.799616277218
59890,0.462978929281
59891,0.864537358284
59893,0.927483320236
59894,0.88783878088
59895,0.87455111742
59896,0.986245751381
59899,0.565698742867
59901,0.856604576111
59903,0.922262072563
59904,0.75502127409
59906,0.958708822727
59910,0.958623588085
59912,0.949713885784
59913,0.93524312973
59915,0.765523552895
59919,0.867841243744
59920,0.944069623947
59922,0.835800170898
59925,0.953134894371
59926,0.901046454906
59931,0.685508847237
59933,0.93665510416
59934,0.690450549126
59936,0.977548062801
59938,0.829438209534
59939,0.433132469654
59943,0.484772503376
59944,0.869363129139
59945,0.893465697765
59946,0.68005156517
59948,0.262229084969
59949,0.67304033041
59950,0.594243228436
59951,0.599001228809
59956,0.993032455444
59957,0.646123945713
59959,0.919004797935
59964,0.797700643539
59965,0.943973362446
59966,0.955218851566
59967,0.903370559216
59969,0.918309152126
59972,0.920743346214
59974,0.697682142258
59978,0.810043334961
59979,0.830915987492
59982,0.658666968346
59983,0.972807645798
59984,0.482740283012
59985,0.7389985919
59986,0.578235566616
59987,0.988428175449
59989,0.726558506489
59990,0.879095852375
59991,0.857530355453
59994,0.975696802139
59995,0.656262874603
59996,0.76921582222
59997,0.665583133698
59998,0.982914805412
59999,0.556921422482
60003,0.717477619648
60004,0.810990214348
60006,0.474645763636
60007,0.947319924831
60009,0.826836526394
60011,0.77091884613
60013,0.890944898129
60014,0.587606966496
60018,0.83879160881
60019,0.950393915176
60021,0.933295249939
60022,0.571243524551
60025,0.72982853651
60026,0.912610709667
60027,0.721773743629
60028,0.668109357357
60030,0.674195349216
60032,0.558010041714
60033,0.989840447903
60034,0.904214441776
60035,0.715743660927
60038,0.700968742371
60039,0.576026856899
60041,0.89180123806
60042,0.932533740997
60045,0.777680635452
60046,0.816114723682
60049,0.937062621117
60050,0.643493175507
60051,0.913414001465
60053,0.662263989449
60054,0.618414461613
60056,0.788970172405
60059,0.851221382618
60060,0.610491633415
60062,0.776748716831
60064,0.97488629818
60066,0.59985601902
60072,0.883835315704
60074,0.944783627987
60076,0.988597750664
60078,0.92299592495
60080,0.7669480443
60082,0.866154432297
60085,0.719612956047
60087,0.875021338463
60089,0.496811360121
60090,0.946341216564
60091,0.854150533676
60092,0.542804479599
60094,0.626207888126
60098,0.838190078735
60099,0.187263786793
60100,0.942232370377
60105,0.981427013874
60106,0.662705779076
60108,0.651910483837
60110,0.604126811028
60112,0.768757939339
60114,0.868388235569
60116,0.835013449192
60118,0.918461680412
60119,0.764839231968
60120,0.822938203812
60121,0.818343877792
60122,0.948035001755
60123,0.654584467411
60126,0.980594694614
60127,0.890850186348
60133,0.873141407967
60134,0.7998726964
60136,0.967055976391
60139,0.882331073284
60140,0.57567602396
60141,0.650382518768
60142,0.934326887131
60143,0.82715857029
60144,0.911931574345
60147,0.797903001308
60149,0.817344784737
60152,0.403466105461
60153,0.106212079525
60154,0.938001453876
60155,0.892463088036
60157,0.759930968285
60159,0.962193071842
60161,0.794821858406
60163,0.459253966808
60164,0.967566072941
60165,0.603292524815
60166,0.894889175892
60167,0.471401363611
60168,0.839638113976
60169,0.490222543478
60170,0.972150087357
60173,0.803018808365
60174,0.777303755283
60175,0.33182156086
60176,0.940777361393
60177,0.791811347008
60181,0.844173550606
60182,0.858282327652
60184,0.916998207569
60185,0.728746056557
60188,0.950177609921
60190,0.900559842587
60191,0.632250905037
60192,0.716646969318
60193,0.986391186714
60196,0.978100538254
60197,0.570944368839
60199,0.976892590523
60201,0.714669764042
60202,0.917939126492
60203,0.986122429371
60205,0.469010680914
60206,0.721533238888
60207,0.688823461533
60209,0.96929371357
60210,0.867385089397
60211,0.701533377171
60212,0.805229723454
60213,0.857579886913
60215,0.914814174175
60218,0.915304839611
60220,0.770914852619
60222,0.571056723595
60225,0.985679090023
60226,0.576792180538
60228,0.766793608665
60229,0.77101701498
60231,0.735187530518
60235,0.809955358505
60236,0.946479916573
60237,0.77484869957
60239,0.970273673534
60243,0.884761810303
60244,0.767128348351
60245,0.859029233456
60252,0.566501557827
60253,0.782426536083
60254,0.764178752899
60255,0.991416990757
60256,0.924249947071
60262,0.738387405872
60265,0.904233515263
60267,0.756393373013
60268,0.474957048893
60269,0.945621132851
60271,0.552110612392
60273,0.910580992699
60275,0.771058797836
60276,0.955765545368
60277,0.875056803226
60279,0.984665215015
60280,0.711471498013
60286,0.865725636482
60287,0.852501749992
60291,0.944098412991
60294,0.792588293552
60296,0.942629277706
60299,0.782027721405
60300,0.90058016777
60302,0.873342752457
60303,0.751699566841
60305,0.979085087776
60306,0.97094720602
60308,0.657545685768
60309,0.785297513008
60314,0.947106778622
60315,0.618901848793
60316,0.819712340832
60317,0.924738407135
60318,0.927513241768
60321,0.963986873627
60323,0.929019927979
60324,0.961693286896
60327,0.96213555336
60328,0.779349207878
60329,0.804373681545
60330,0.774202764034
60333,0.87296128273
60334,0.746300280094
60335,0.940237164497
60336,0.70408654213
60337,0.877584576607
60338,0.918629944324
60341,0.802379012108
60342,0.906120479107
60343,0.640402197838
60344,0.770211875439
60347,0.869983971119
60348,0.848986506462
60350,0.759526669979
60354,0.967443406582
60358,0.887239694595
60364,0.588894605637
60366,0.791496694088
60368,0.581577718258
60370,0.737071156502
60372,0.655159592628
60375,0.921172440052
60376,0.719681978226
60377,0.610841333866
60380,0.534253537655
60381,0.846147418022
60384,0.864306211472
60387,0.852239668369
60388,0.14426574111
60395,0.98600590229
60396,0.527448296547
60397,0.854016065598
60401,0.896245777607
60402,0.435693174601
60405,0.757329285145
60407,0.688650012016
60411,0.979924321175
60414,0.889066755772
60417,0.92814296484
60420,0.922695338726
60422,0.821098446846
60429,0.843476891518
60430,0.866288006306
60432,0.889085948467
60433,0.986397564411
60434,0.573118507862
60438,0.0763358026743
60439,0.925665557384
60441,0.726135373116
60445,0.862904250622
60449,0.969592928886
60451,0.920425117016
60453,0.181278988719
60454,0.896712660789
60456,0.918900847435
60458,0.950737297535
60460,0.784772276878
60461,0.521563529968
60463,0.870775520802
60464,0.904537141323
60465,0.653240919113
60466,0.402104020119
60468,0.975491225719
60477,0.796282827854
60478,0.692375719547
60480,0.381596267223
60482,0.697414278984
60484,0.808200597763
60487,0.636538267136
60488,0.872317314148
60489,0.542042315006
60490,0.877584278584
60491,0.406316637993
60499,0.828516125679
60502,0.865184307098
60503,0.893761217594
60507,0.975786149502
60510,0.633175492287
60512,0.836355507374
60515,0.732953548431
60525,0.963613152504
60526,0.975497603416
60528,0.632020890713
60529,0.968098223209
60535,0.903643429279
60536,0.745366513729
60538,0.602410554886
60540,0.903374552727
60542,0.57245349884
60543,0.952381968498
60544,0.692322432995
60545,0.957400798798
60547,0.976723432541
60551,0.44170203805
60552,0.965265929699
60553,0.879265069962
60554,0.964497923851
60555,0.87930727005
60557,0.367570281029
60558,0.993521034718
60561,0.818156182766
60562,0.870285570621
60563,0.722483217716
60567,0.347370177507
60569,0.951378524303
60571,0.992697298527
60573,0.693456530571
60576,0.669486999512
60578,0.61960285902
60579,0.429394572973
60580,0.887505233288
60581,0.798047244549
60583,0.606150984764
60584,0.637530148029
60585,0.91417992115
60586,0.477299958467
60588,0.893825829029
60590,0.855386614799
60592,0.70931828022
60594,0.848360836506
60595,0.831946074963
60598,0.770910203457
60599,0.793003559113
60600,0.833069562912
60602,0.66961401701
60603,0.862591922283
60604,0.98472648859
60605,0.974693953991
60606,0.934763431549
60607,0.987891197205
60609,0.836761534214
60614,0.872196674347
60617,0.844387769699
60621,0.971724748611
60622,0.955203950405
60623,0.961491525173
60625,0.916157364845
60626,0.536061108112
60627,0.813093483448
60628,0.507309377193
60629,0.563324093819
60635,0.364389628172
60639,0.761366903782
60643,0.971843242645
60646,0.799848675728
60647,0.915270388126
60649,0.509942471981
60652,0.854418575764
60653,0.594533741474
60658,0.535470306873
60662,0.854311943054
60664,0.646821439266
60665,0.243600860238
60667,0.49523165822
60668,0.894043028355
60671,0.800140082836
60673,0.444198846817
60674,0.604254841805
60676,0.813209474087
60677,0.780412375927
60679,0.663060545921
60680,0.944451928139
60685,0.767547011375
60686,0.791913926601
60689,0.950475394726
60690,0.445458978415
60692,0.531906604767
60693,0.936527192593
60695,0.834500610828
60697,0.873078763485
60700,0.73741132021
60701,0.586990892887
60703,0.821333527565
60704,0.710135221481
60705,0.989416539669
60706,0.800755739212
60708,0.896312475204
60711,0.704850435257
60714,0.675507843494
60715,0.916991591454
60716,0.801071703434
60717,0.768037974834
60719,0.852877914906
60720,0.940806508064
60721,0.992761671543
60723,0.8752835989
60726,0.958974599838
60729,0.922599554062
60730,0.916043221951
60731,0.930350959301
60732,0.603623211384
60733,0.992441058159
60738,0.849611103535
60739,0.939694523811
60741,0.658608078957
60744,0.731271266937
60745,0.842800617218
60746,0.717278182507
60747,0.847555935383
60748,0.980083227158
60749,0.908214211464
60750,0.98768812418
60751,0.960348546505
60754,0.980105817318
60758,0.939400911331
60762,0.949354052544
60765,0.623308062553
60766,0.938623130322
60768,0.428737431765
60771,0.550149381161
60777,0.913376450539
60778,0.891964793205
60779,0.895895600319
60781,0.698015451431
60783,0.117127500474
60784,0.957910597324
60785,0.898713707924
60787,0.884801447392
60789,0.859353780746
60791,0.801487803459
60793,0.826647281647
60794,0.952301859856
60797,0.858508110046
60798,0.623220026493
60799,0.749985694885
60802,0.130480632186
60807,0.960625588894
60811,0.489878892899
60814,0.976458787918
60819,0.784624695778
60821,0.824943602085
60822,0.628764092922
60823,0.721870660782
60826,0.789870977402
60828,0.708266019821
60833,0.736044406891
60834,0.660579323769
60835,0.414794743061
60840,0.942035734653
60844,0.712170779705
60846,0.870585978031
60847,0.575083553791
60848,0.827819406986
60849,0.852091491222
60852,0.622569680214
60853,0.809931755066
60854,0.565243661404
60855,0.553391575813
60857,0.436330348253
60859,0.826803922653
60860,0.856375813484
60862,0.92810189724
60863,0.899806082249
60864,0.876717090607
60866,0.982423782349
60867,0.95292443037
60870,0.871912658215
60871,0.462701052427
60873,0.801484584808
60874,0.970598459244
60875,0.910762667656
60876,0.64517480135
60878,0.874301493168
60881,0.951441347599
60882,0.543808698654
60884,0.850858390331
60887,0.880473315716
60888,0.822966754436
60894,0.947370231152
60895,0.890461504459
60896,0.693195402622
60900,0.955028235912
60904,0.695021986961
60910,0.977049946785
60916,0.817493498325
60918,0.189279943705
60924,0.981173992157
60927,0.796923816204
60929,0.978261590004
60931,0.99091231823
60932,0.930430293083
60935,0.982479333878
60943,0.898765861988
60944,0.688950419426
60945,0.871113598347
60948,0.757147073746
60951,0.771182537079
60953,0.72929084301
60955,0.631587743759
60956,0.682992100716
60957,0.945325136185
60958,0.88498032093
60959,0.928911209106
60962,0.732364654541
60963,0.892516493797
60964,0.569135308266
60966,0.542242348194
60968,0.81042098999
60972,0.994589209557
60973,0.425143480301
60974,0.955926835537
60976,0.738009989262
60977,0.817839801311
60978,0.706653356552
60979,0.750867247581
60982,0.87885850668
60984,0.760664224625
60985,0.622415304184
60986,0.956825613976
60988,0.789267480373
60989,0.648511707783
60990,0.841802299023
60991,0.841582119465
60993,0.830490231514
60994,0.976748585701
60995,0.946815252304
60998,0.655814170837
61002,0.962165176868
61004,0.855754673481
61007,0.677720963955
61008,0.933592736721
61009,0.780966639519
61010,0.783529162407
61011,0.916514992714
61012,0.617780804634
61013,0.496457576752
61014,0.85881793499
61017,0.883817136288
61018,0.50478631258
61019,0.690696656704
61022,0.613763272762
61023,0.871823132038
61024,0.699930846691
61026,0.590889513493
61027,0.901681125164
61028,0.536720454693
61032,0.905391216278
61034,0.961739122868
61035,0.818379938602
61036,0.247448384762
61037,0.449409902096
61038,0.69983112812
61045,0.797395884991
61046,0.667103409767
61047,0.780448615551
61049,0.976955533028
61051,0.689723312855
61052,0.889430463314
61053,0.657048523426
61055,0.890492796898
61057,0.649859964848
61059,0.244365558028
61060,0.838959991932
61064,0.922386109829
61065,0.767226219177
61066,0.901111781597
61068,0.681977987289
61070,0.716393768787
61071,0.442450672388
61072,0.820056319237
61074,0.44200566411
61077,0.932659089565
61078,0.931367993355
61079,0.955730140209
61080,0.923468947411
61082,0.547477602959
61087,0.510296106339
61088,0.822076201439
61089,0.833138227463
61091,0.132808163762
61092,0.956649184227
61093,0.453843444586
61094,0.64842826128
61096,0.399923086166
61098,0.969094753265
61099,0.814348399639
61100,0.989797711372
61103,0.911573946476
61105,0.760999679565
61107,0.75196313858
61110,0.6151060462
61112,0.708994030952
61113,0.852087914944
61114,0.720849871635
61115,0.938450813293
61117,0.878312766552
61119,0.858698546886
61120,0.543054878712
61121,0.84155857563
61122,0.907889068127
61125,0.774969816208
61127,0.619287848473
61128,0.793252706528
61129,0.956164479256
61133,0.983926355839
61137,0.768786966801
61138,0.580331981182
61143,0.885021209717
61145,0.877977848053
61149,0.7370672822
61150,0.72784614563
61153,0.960846066475
61162,0.320277810097
61163,0.559514641762
61165,0.902205526829
61166,0.525201499462
61167,0.697956085205
61168,0.843204975128
61169,0.751647651196
61173,0.743777275085
61174,0.704338312149
61176,0.592889726162
61177,0.648286163807
61179,0.384059399366
61181,0.609969377518
61182,0.964667618275
61184,0.884156286716
61186,0.935701906681
61188,0.619566679001
61190,0.825636744499
61191,0.38040420413
61192,0.631202697754
61195,0.844895064831
61198,0.882209599018
61199,0.880879282951
61200,0.971280395985
61201,0.66677904129
61203,0.987033843994
61204,0.9064193964
61207,0.384666919708
61209,0.695898473263
61215,0.736922442913
61218,0.593280792236
61221,0.851178228855
61222,0.922939896584
61223,0.943402349949
61225,0.944599568844
61226,0.70214164257
61228,0.931006014347
61229,0.942023396492
61232,0.867657840252
61235,0.599756419659
61237,0.377694219351
61238,0.218796387315
61239,0.577386319637
61243,0.987897932529
61244,0.940313994884
61246,0.708648979664
61248,0.821980416775
61250,0.891045808792
61251,0.293582975864
61252,0.83093893528
61254,0.327193319798
61255,0.859878897667
61258,0.87828618288
61259,0.944874048233
61260,0.913747549057
61266,0.947540342808
61269,0.874149501324
61271,0.866118311882
61272,0.981921136379
61273,0.667671024799
61275,0.0556369386613
61277,0.936443269253
61281,0.611339867115
61282,0.55273860693
61283,0.779579102993
61284,0.590696513653
61286,0.736521959305
61288,0.878883004189
61289,0.569033682346
61291,0.972969830036
61295,0.774003326893
61297,0.877724349499
61298,0.82445204258
61299,0.238447725773
61300,0.476737827063
61302,0.736453652382
61307,0.89564794302
61308,0.62603354454
61310,0.452943205833
61312,0.742199003696
61313,0.823188662529
61316,0.400367498398
61318,0.647801160812
61319,0.876513898373
61320,0.901785373688
61321,0.974889457226
61324,0.288458704948
61325,0.937678217888
61326,0.111010022461
61327,0.667268455029
61328,0.761932432652
61333,0.771210193634
61334,0.926226139069
61339,0.769888341427
61343,0.930116176605
61347,0.712556660175
61351,0.894419074059
61352,0.822365522385
61353,0.65358632803
61356,0.879392802715
61359,0.120947919786
61361,0.629372060299
61367,0.948065936565
61368,0.904017090797
61370,0.705334424973
61371,0.439153313637
61372,0.965464353561
61375,0.533912181854
61378,0.802594900131
61380,0.567606210709
61383,0.0845710784197
61385,0.876196205616
61389,0.928683817387
61393,0.779812335968
61396,0.81325429678
61401,0.666942954063
61402,0.649882495403
61403,0.878371059895
61405,0.9607822299
61406,0.806746482849
61408,0.823600530624
61409,0.827793717384
61411,0.686633825302
61412,0.904080808163
61415,0.981794714928
61418,0.852033078671
61419,0.954832136631
61422,0.560807049274
61423,0.868486702442
61424,0.739098966122
61427,0.459838122129
61430,0.979005634785
61431,0.943485081196
61432,0.878367304802
61433,0.945687890053
61434,0.874112904072
61436,0.760766863823
61437,0.817274451256
61440,0.497314602137
61441,0.975391983986
61445,0.526782929897
61446,0.770500659943
61450,0.827840447426
61451,0.965460121632
61453,0.61645847559
61456,0.718932032585
61457,0.926095604897
61459,0.94842427969
61463,0.972452878952
61464,0.776044785976
61465,0.950760543346
61466,0.873556613922
61467,0.911016106606
61468,0.913924455643
61470,0.758650481701
61471,0.943641424179
61474,0.235954791307
61475,0.724326431751
61478,0.969617605209
61480,0.959944009781
61483,0.123661056161
61488,0.892166018486
61489,0.80142891407
61491,0.846796572208
61493,0.877284884453
61494,0.824934601784
61496,0.940368056297
61499,0.843837916851
61502,0.412518650293
61503,0.854153931141
61505,0.739949405193
61506,0.685654819012
61507,0.499913066626
61508,0.647974312305
61510,0.588801980019
61511,0.77258336544
61514,0.549333930016
61515,0.81417131424
61518,0.721394002438
61519,0.888001680374
61520,0.774974942207
61521,0.748196601868
61522,0.988234519958
61524,0.615102767944
61525,0.648798525333
61527,0.7146961689
61528,0.934818804264
61529,0.896402418613
61530,0.264225155115
61532,0.133341670036
61541,0.88198786974
61544,0.598165273666
61545,0.670305490494
61546,0.809571921825
61547,0.891808450222
61550,0.965721666813
61551,0.745012104511
61553,0.902416646481
61554,0.985477507114
61555,0.981838583946
61556,0.949490904808
61557,0.414611548185
61558,0.856299340725
61559,0.34921759367
61560,0.860074162483
61561,0.910426437855
61564,0.864221394062
61568,0.823423445225
61571,0.440473020077
61573,0.865894198418
61575,0.826871812344
61582,0.962746322155
61583,0.713214933872
61586,0.603086948395
61589,0.561519920826
61590,0.919082760811
61592,0.572410345078
61593,0.872373998165
61596,0.941128969193
61597,0.892623901367
61598,0.352735280991
61605,0.756278336048
61606,0.935134589672
61608,0.890082001686
61611,0.813589274883
61612,0.688004612923
61614,0.683074295521
61615,0.972446680069
61616,0.901736736298
61617,0.979665696621
61618,0.558825492859
61621,0.97531747818
61623,0.645548164845
61624,0.898278295994
61625,0.757879555225
61626,0.952514111996
61627,0.918970704079
61631,0.88165396452
61632,0.872448682785
61637,0.497332692146
61638,0.882261753082
61639,0.699876666069
61648,0.945527374744
61649,0.673841118813
61650,0.946780085564
61654,0.468830913305
61656,0.952768683434
61661,0.941058635712
61663,0.351745545864
61664,0.98038059473
61666,0.745055556297
61670,0.885718226433
61671,0.82403677702
61672,0.695345818996
61674,0.835854172707
61675,0.521620869637
61676,0.948207497597
61677,0.492148965597
61678,0.729959249496
61679,0.632456660271
61680,0.959245860577
61684,0.650316596031
61686,0.980760574341
61688,0.251180976629
61689,0.736035585403
61690,0.900386869907
61693,0.854092419147
61696,0.55965846777
61701,0.755738019943
61702,0.7966106534
61704,0.683580577374
61705,0.911209881306
61706,0.863504528999
61709,0.775636434555
61714,0.949767529964
61716,0.926885724068
61717,0.861480534077
61720,0.952345311642
61721,0.937988758087
61724,0.97224098444
61725,0.731372833252
61726,0.994595587254
61728,0.400964260101
61730,0.65217089653
61731,0.883156776428
61733,0.813233196735
61734,0.813256859779
61735,0.540402173996
61736,0.686855912209
61737,0.618812561035
61738,0.735733807087
61744,0.959526181221
61745,0.325410604477
61746,0.670392155647
61747,0.923746645451
61750,0.982709288597
61751,0.799109280109
61754,0.896142780781
61755,0.832390964031
61757,0.740879774094
61759,0.819196879864
61760,0.985430717468
61762,0.983111143112
61763,0.653756022453
61765,0.965589046478
61768,0.817097783089
61769,0.754764199257
61770,0.886793017387
61775,0.785941302776
61778,0.88769453764
61779,0.959434151649
61781,0.890899300575
61782,0.895034432411
61785,0.398164272308
61786,0.764252781868
61791,0.744367778301
61793,0.399359822273
61794,0.721960365772
61795,0.97841745615
61797,0.282706141472
61799,0.186900109053
61800,0.99332010746
61804,0.515356659889
61806,0.732800245285
61807,0.813325703144
61808,0.269419312477
61810,0.651211977005
61811,0.830779969692
61813,0.718781113625
61816,0.869056224823
61818,0.972307562828
61819,0.555114209652
61823,0.966163694859
61825,0.689709067345
61826,0.790386795998
61829,0.65584564209
61831,0.915725946426
61832,0.656353116035
61836,0.710693895817
61837,0.921302318573
61838,0.869175553322
61840,0.896229624748
61841,0.781082332134
61842,0.773268342018
61844,0.967012465
61846,0.901287019253
61848,0.764356076717
61849,0.974085509777
61853,0.8183349967
61854,0.58224350214
61855,0.982193589211
61856,0.821614801884
61857,0.671327352524
61858,0.650205910206
61861,0.369946628809
61863,0.824047386646
61865,0.807869315147
61873,0.672013640404
61874,0.741998255253
61878,0.429647684097
61880,0.746132612228
61883,0.495977312326
61884,0.680727183819
61885,0.993503987789
61887,0.957583427429
61888,0.77181994915
61889,0.791376769543
61890,0.940479636192
61896,0.728774011135
61897,0.964977025986
61899,0.725430727005
61900,0.989097833633
61902,0.626239657402
61905,0.0476574972272
61909,0.347825437784
61911,0.888897955418
61912,0.795527517796
61913,0.830281317234
61916,0.814917325974
61919,0.629520058632
61920,0.667882442474
61921,0.61740064621
61923,0.924668073654
61924,0.891593575478
61925,0.927454888821
61926,0.768110990524
61927,0.846447527409
61928,0.378984957933
61931,0.97792506218
61933,0.974717080593
61934,0.672446548939
61935,0.933772921562
61936,0.972635090351
61938,0.918113172054
61941,0.228414744139
61942,0.841249763966
61945,0.411658763885
61949,0.891876935959
61954,0.70531386137
61955,0.791340887547
61956,0.899631083012
61958,0.807779788971
61963,0.854587078094
61965,0.956934690475
61966,0.979427695274
61967,0.870662868023
61971,0.665846288204
61976,0.920317530632
61979,0.971632301807
61980,0.926916658878
61982,0.862343370914
61987,0.779151439667
61988,0.91552644968
61992,0.69066464901
61993,0.775035560131
61994,0.991992354393
61995,0.889168441296
61996,0.802732288837
62000,0.985100448132
62001,0.684121370316
62002,0.864630937576
62003,0.480871647596
62006,0.933588564396
62007,0.553275287151
62008,0.734863698483
62010,0.881536781788
62011,0.984631001949
62014,0.947243988514
62015,0.988431870937
62018,0.904964864254
62020,0.1187100932
62024,0.555464506149
62027,0.642138779163
62028,0.98314756155
62030,0.585368514061
62031,0.604285597801
62033,0.871755421162
62036,0.837510883808
62038,0.902624726295
62040,0.982321858406
62048,0.87165915966
62049,0.626874685287
62052,0.833029687405
62053,0.988471627235
62055,0.715735316277
62058,0.533241987228
62062,0.812571108341
62063,0.809999704361
62064,0.869420588017
62065,0.421632558107
62070,0.53297752142
62071,0.817219614983
62072,0.609744429588
62074,0.782331287861
62075,0.813937008381
62077,0.752940118313
62078,0.806061923504
62080,0.349987030029
62081,0.645574808121
62083,0.755270540714
62084,0.96691685915
62087,0.83351868391
62089,0.692677795887
62094,0.980053126812
62096,0.948998510838
62102,0.564536035061
62104,0.569738447666
62107,0.657737731934
62108,0.107624985278
62109,0.985680341721
62110,0.930383741856
62116,0.935774564743
62117,0.768150806427
62118,0.451792091131
62119,0.826472043991
62120,0.629227042198
62123,0.340785890818
62126,0.905529916286
62130,0.970492601395
62131,0.978868246078
62132,0.849522650242
62134,0.733406245708
62135,0.669524669647
62136,0.786723732948
62138,0.988494455814
62139,0.920327067375
62140,0.89912956953
62143,0.885838031769
62144,0.578998446465
62145,0.843147218227
62146,0.909393131733
62148,0.872154891491
62151,0.52569013834
62154,0.661981284618
62156,0.798959612846
62159,0.949566185474
62160,0.944413781166
62161,0.797185480595
62162,0.721244931221
62163,0.308951199055
62164,0.836823642254
62168,0.838364839554
62170,0.162460491061
62174,0.950353622437
62177,0.569941043854
62178,0.977383613586
62179,0.709655761719
62180,0.823905050755
62182,0.585414588451
62186,0.806662678719
62187,0.653427481651
62188,0.759594798088
62189,0.993570566177
62190,0.501434147358
62192,0.669432520866
62194,0.945761203766
62195,0.92046880722
62197,0.963298976421
62198,0.748049676418
62199,0.7992374897
62203,0.928844034672
62204,0.668833553791
62208,0.967759728432
62211,0.825336039066
62213,0.929709911346
62214,0.84259390831
62217,0.859307348728
62220,0.614816308022
62221,0.824389278889
62222,0.882848024368
62224,0.907535672188
62225,0.981580555439
62226,0.851347267628
62228,0.963071286678
62231,0.916155040264
62232,0.594255328178
62233,0.712783038616
62234,0.628596067429
62235,0.702220261097
62239,0.595153212547
62241,0.887026071548
62242,0.578208744526
62243,0.848848760128
62246,0.868220925331
62248,0.236463099718
62249,0.333416998386
62251,0.799890100956
62252,0.741032540798
62253,0.966791391373
62257,0.90473908186
62261,0.856968700886
62263,0.95849519968
62264,0.826377630234
62265,0.986596882343
62266,0.972459971905
62267,0.537198483944
62268,0.798459291458
62270,0.806523084641
62271,0.944698691368
62272,0.789281964302
62274,0.978264451027
62276,0.829175293446
62278,0.621965944767
62279,0.557889461517
62286,0.657083153725
62288,0.985571622849
62290,0.970654308796
62293,0.716525673866
62294,0.282452136278
62296,0.961579859257
62298,0.621826469898
62299,0.76866787672
62301,0.661385655403
62302,0.781269907951
62303,0.731638431549
62304,0.561072707176
62305,0.983958244324
62306,0.259701371193
62307,0.84327685833
62312,0.690418124199
62315,0.958243906498
62316,0.718206822872
62317,0.983225882053
62318,0.73534566164
62319,0.93351405859
62320,0.674565076828
62322,0.652006268501
62323,0.913022696972
62326,0.832593977451
62327,0.64126342535
62328,0.973261475563
62331,0.967634558678
62332,0.857715904713
62334,0.864858269691
62338,0.944135904312
62342,0.984660685062
62343,0.588376700878
62346,0.926955997944
62347,0.945203900337
62349,0.987758696079
62351,0.821732997894
62353,0.724945187569
62354,0.895670711994
62355,0.763756930828
62356,0.799077451229
62357,0.863489210606
62358,0.861019849777
62359,0.964843809605
62360,0.817091286182
62361,0.505084693432
62362,0.937663435936
62365,0.950440108776
62366,0.707254827023
62369,0.987237691879
62370,0.18670809269
62373,0.410617977381
62376,0.921110033989
62377,0.889113128185
62379,0.827293157578
62380,0.704340398312
62381,0.929035067558
62383,0.542900800705
62384,0.811844408512
62387,0.441213011742
62388,0.866737484932
62389,0.869479238987
62395,0.415912598372
62396,0.670378148556
62398,0.689508080482
62399,0.810307264328
62400,0.742964804173
62402,0.748497188091
62403,0.740733623505
62404,0.679394006729
62407,0.895181000233
62408,0.945999503136
62409,0.982369482517
62413,0.778785288334
62414,0.856775999069
62416,0.850505828857
62419,0.698628306389
62420,0.577880978584
62421,0.969456791878
62423,0.524477601051
62424,0.932108700275
62425,0.848983287811
62426,0.899357020855
62427,0.42220556736
62428,0.940649330616
62432,0.944782733917
62433,0.518012225628
62434,0.799254238605
62436,0.810968756676
62438,0.84902715683
62439,0.835078954697
62441,0.290040701628
62442,0.981141984463
62444,0.396839231253
62445,0.961335837841
62448,0.757587134838
62449,0.641722857952
62451,0.687623977661
62452,0.48399874568
62453,0.518561303616
62454,0.814148366451
62459,0.773544311523
62460,0.458899617195
62461,0.879993259907
62462,0.976594269276
62463,0.508508861065
62464,0.929584741592
62466,0.818478941917
62468,0.663998365402
62469,0.793634712696
62471,0.74642598629
62472,0.745280385017
62474,0.964330434799
62475,0.804464161396
62476,0.847968220711
62479,0.911759853363
62480,0.667514741421
62483,0.649294912815
62484,0.934866726398
62487,0.523785054684
62489,0.87666118145
62490,0.829819977283
62492,0.95356720686
62495,0.977477133274
62496,0.597605109215
62498,0.923374116421
62500,0.901323020458
62501,0.973687291145
62502,0.674580812454
62504,0.945951044559
62506,0.670626699924
62508,0.977810025215
62509,0.841441988945
62513,0.799329936504
62515,0.871177315712
62519,0.627303063869
62520,0.164917185903
62523,0.804310202599
62524,0.775277495384
62527,0.9736764431
62528,0.81153434515
62529,0.902354717255
62532,0.84905230999
62537,0.897795498371
62539,0.708938896656
62540,0.96483039856
62541,0.801527261734
62546,0.676078915596
62548,0.956082999706
62549,0.587698817253
62550,0.482687234879
62551,0.914593160152
62554,0.784965693951
62557,0.90394538641
62558,0.905551612377
62559,0.500492870808
62560,0.772935986519
62563,0.779989957809
62564,0.340680748224
62566,0.725252091885
62567,0.743801295757
62568,0.972709536552
62570,0.843381464481
62572,0.940934598446
62573,0.781084835529
62576,0.963188946247
62579,0.503492832184
62582,0.892299354076
62583,0.960276424885
62587,0.855492949486
62588,0.80431497097
62592,0.518130481243
62593,0.809095919132
62594,0.766091763973
62595,0.738839387894
62596,0.767567574978
62597,0.864937722683
62598,0.970002532005
62599,0.820674598217
62602,0.967926442623
62603,0.90542191267
62604,0.818433046341
62605,0.829878509045
62606,0.956171989441
62608,0.700946927071
62610,0.932000875473
62611,0.938735365868
62613,0.93410795927
62617,0.96163880825
62620,0.975275397301
62621,0.857736051083
62622,0.845461845398
62623,0.983846068382
62627,0.733219444752
62630,0.97872787714
62632,0.966057300568
62634,0.0512710846961
62635,0.89042276144
62636,0.965699017048
62637,0.667095959187
62639,0.743616759777
62640,0.888334929943
62641,0.656512618065
62643,0.978315591812
62644,0.821913361549
62645,0.809442281723
62647,0.600074052811
62651,0.807225227356
62652,0.943213403225
62653,0.811592102051
62654,0.917605400085
62655,0.833287298679
62660,0.958194196224
62664,0.456944942474
62665,0.981711506844
62668,0.81766885519
62669,0.729363739491
62670,0.655058085918
62672,0.850826740265
62675,0.76444709301
62677,0.963655233383
62678,0.805720150471
62680,0.613297104836
62685,0.977687001228
62686,0.595926821232
62688,0.664230406284
62692,0.828872203827
62695,0.845463633537
62696,0.966493189335
62699,0.892113447189
62700,0.952065289021
62702,0.792801320553
62704,0.985585391521
62705,0.888485193253
62707,0.731778860092
62708,0.453095376492
62710,0.851836740971
62711,0.868304133415
62712,0.857537090778
62713,0.708146154881
62716,0.921030461788
62717,0.847551107407
62718,0.45306327939
62719,0.734578728676
62720,0.828926384449
62721,0.946425974369
62726,0.774601042271
62727,0.539899170399
62729,0.941930532455
62735,0.767981767654
62737,0.857128977776
62738,0.478153139353
62739,0.930916309357
62740,0.981132030487
62742,0.971340835094
62745,0.889292955399
62746,0.687260627747
62747,0.911776900291
62748,0.679343938828
62750,0.92488694191
62751,0.785567045212
62752,0.967014729977
62754,0.524511098862
62755,0.69931012392
62756,0.42237919569
62757,0.651051580906
62759,0.969468891621
62760,0.752405762672
62761,0.97346919775
62762,0.660506367683
62764,0.892272770405
62768,0.659570813179
62769,0.635301351547
62770,0.974822759628
62771,0.549404263496
62774,0.981486141682
62780,0.832480013371
62782,0.60277068615
62784,0.877010583878
62785,0.784568071365
62787,0.898200035095
62788,0.883191525936
62791,0.371786206961
62793,0.935325622559
62794,0.850360810757
62796,0.968083620071
62797,0.843396186829
62800,0.927998363972
62801,0.579725265503
62805,0.798878550529
62806,0.978468120098
62808,0.97386521101
62809,0.637918412685
62811,0.702068150043
62812,0.797206163406
62815,0.922070860863
62817,0.654767930508
62818,0.800893425941
62821,0.423350512981
62823,0.934250712395
62826,0.985721588135
62832,0.778838098049
62833,0.402655929327
62836,0.87493377924
62839,0.837363660336
62840,0.698959648609
62841,0.830633759499
62842,0.707832694054
62847,0.973994195461
62849,0.859712541103
62852,0.4222458601
62855,0.946575820446
62859,0.893037438393
62860,0.977020263672
62862,0.9778008461
62863,0.829945445061
62868,0.804430365562
62873,0.909539580345
62874,0.627022504807
62876,0.710379123688
62877,0.710027575493
62878,0.914902687073
62879,0.958809196949
62880,0.915025830269
62884,0.606583058834
62885,0.945043087006
62886,0.973782122135
62887,0.795844316483
62893,0.77831196785
62894,0.818319201469
62896,0.921933352947
62899,0.94003289938
62900,0.847382009029
62903,0.139125585556
62907,0.530457675457
62908,0.548190951347
62910,0.874454259872
62911,0.821659445763
62915,0.62572658062
62916,0.629954218864
62918,0.859830081463
62920,0.731419742107
62924,0.985138058662
62925,0.932627260685
62928,0.345956116915
62931,0.66685885191
62932,0.839790701866
62934,0.970673084259
62936,0.858897387981
62937,0.698471605778
62938,0.717860877514
62939,0.907164871693
62941,0.856031835079
62942,0.590296506882
62944,0.911189675331
62945,0.811113655567
62950,0.724887788296
62952,0.89466547966
62954,0.547340929508
62955,0.664891302586
62962,0.670211613178
62964,0.541635453701
62966,0.696668148041
62968,0.696574747562
62969,0.806242346764
62971,0.669958770275
62972,0.828506052494
62973,0.961333453655
62974,0.896187126637
62975,0.745709598064
62976,0.932497739792
62978,0.662516593933
62981,0.34160605073
62984,0.836009681225
62986,0.92797088623
62989,0.903054118156
62992,0.822975993156
62993,0.700819373131
62996,0.858360350132
62997,0.837186336517
63003,0.822254896164
63004,0.452850580215
63006,0.865651071072
63008,0.596836566925
63009,0.90092664957
63011,0.839249014854
63012,0.0394498296082
63020,0.864338755608
63021,0.938200354576
63023,0.835658311844
63024,0.612282693386
63025,0.602264821529
63026,0.957493245602
63027,0.724716663361
63029,0.96385204792
63030,0.713802814484
63036,0.7171869874
63037,0.82557696104
63038,0.796721994877
63039,0.581316351891
63042,0.354947149754
63043,0.966962218285
63044,0.806796133518
63045,0.960700273514
63049,0.883358955383
63050,0.817350745201
63051,0.812020778656
63054,0.761476576328
63055,0.892390191555
63056,0.736845016479
63057,0.791114032269
63059,0.972467303276
63060,0.862260460854
63061,0.683572113514
63063,0.941181659698
63065,0.83986890316
63066,0.887328088284
63067,0.297600388527
63068,0.983258247375
63069,0.877526164055
63070,0.94735878706
63071,0.886324167252
63072,0.341851770878
63074,0.713893949986
63077,0.938751459122
63080,0.855150640011
63083,0.938080847263
63084,0.779148221016
63085,0.879808783531
63086,0.381285876036
63088,0.525754094124
63090,0.937486112118
63092,0.0701323449612
63093,0.424520224333
63095,0.911587715149
63098,0.723202466965
63099,0.881199002266
63100,0.846705079079
63102,0.850327789783
63103,0.943275332451
63104,0.968903660774
63105,0.829740047455
63109,0.750777184963
63110,0.979426503181
63111,0.523735284805
63112,0.976301848888
63113,0.941666066647
63114,0.960176646709
63115,0.774713158607
63116,0.943338274956
63117,0.980310916901
63118,0.701479256153
63121,0.959910094738
63123,0.971934139729
63125,0.911934196949
63126,0.93799507618
63131,0.874658584595
63132,0.697166740894
63136,0.901443004608
63137,0.803870201111
63139,0.529589056969
63140,0.957292199135
63142,0.630656182766
63147,0.699178516865
63151,0.532396674156
63155,0.888098418713
63157,0.970934510231
63158,0.771211385727
63160,0.866492629051
63163,0.846527814865
63164,0.809440612793
63166,0.797086596489
63167,0.748933553696
63168,0.80175358057
63169,0.664666354656
63170,0.985877633095
63171,0.89026504755
63172,0.540697693825
63174,0.913443744183
63176,0.839193105698
63178,0.921634972095
63182,0.90980386734
63183,0.700884699821
63184,0.979287862778
63185,0.960226297379
63186,0.752195596695
63189,0.538111746311
63190,0.971145689487
63191,0.819842875004
63192,0.701090037823
63194,0.225211173296
63195,0.94638466835
63196,0.637860774994
63198,0.62163567543
63203,0.820188820362
63204,0.92118448019
63206,0.47240421176
63207,0.988963723183
63209,0.471303641796
63210,0.906177580357
63212,0.962718904018
63214,0.926221430302
63215,0.615578055382
63218,0.978250980377
63219,0.29389154911
63220,0.880737662315
63224,0.87474578619
63225,0.761635780334
63227,0.993111371994
63232,0.892402231693
63234,0.675616621971
63235,0.97251534462
63237,0.949298381805
63240,0.991934418678
63241,0.641493916512
63242,0.695811808109
63243,0.968210756779
63244,0.93687415123
63245,0.652421414852
63249,0.664590001106
63250,0.743999302387
63251,0.934323310852
63252,0.588064134121
63254,0.912291288376
63255,0.598662734032
63256,0.976026117802
63258,0.898976027966
63259,0.822076380253
63260,0.73409229517
63262,0.440644711256
63263,0.956381618977
63266,0.953165471554
63267,0.803087294102
63269,0.725651323795
63270,0.776427924633
63272,0.821716487408
63273,0.747644722462
63275,0.805313467979
63276,0.721668601036
63277,0.579688370228
63279,0.985191702843
63282,0.992969810963
63284,0.778680920601
63285,0.986064434052
63286,0.806301772594
63287,0.783032774925
63289,0.883103847504
63294,0.93649917841
63295,0.771961987019
63297,0.861789822578
63298,0.514523565769
63299,0.573905587196
63300,0.756675004959
63301,0.961245417595
63302,0.881606936455
63303,0.812449455261
63304,0.976748228073
63305,0.900719702244
63307,0.833774447441
63315,0.69722276926
63316,0.80716830492
63318,0.905858755112
63321,0.940883100033
63325,0.874051511288
63326,0.92149412632
63329,0.943453669548
63334,0.984193265438
63336,0.737877964973
63338,0.949492871761
63339,0.56041187048
63341,0.978960394859
63342,0.624103248119
63343,0.689628362656
63345,0.927190959454
63347,0.8723346591
63348,0.846924543381
63349,0.984332561493
63353,0.959130585194
63355,0.779800772667
63356,0.860679268837
63357,0.44961643219
63359,0.773233234882
63360,0.886713564396
63362,0.807582080364
63364,0.748077690601
63366,0.839714884758
63368,0.68280762434
63369,0.78555482626
63370,0.935596287251
63371,0.965609252453
63372,0.64182972908
63373,0.760846614838
63375,0.967861354351
63376,0.678575217724
63377,0.981126010418
63378,0.896660506725
63380,0.546027600765
63384,0.670422315598
63387,0.694042503834
63389,0.967163205147
63392,0.796178758144
63393,0.861060738564
63397,0.601083159447
63400,0.96339058876
63403,0.717690289021
63405,0.888901889324
63407,0.652034461498
63408,0.947479128838
63409,0.561177909374
63410,0.558403432369
63414,0.66730684042
63421,0.0889613702893
63422,0.747973144054
63423,0.609638512135
63425,0.847226977348
63426,0.761858165264
63428,0.156580790877
63431,0.0666844025254
63434,0.807466804981
63437,0.904329001904
63438,0.609516739845
63439,0.649157166481
63440,0.915570318699
63444,0.688607692719
63446,0.863943517208
63447,0.923150420189
63448,0.582250475883
63451,0.796444535255
63452,0.802106142044
63454,0.976667165756
63456,0.727563202381
63460,0.968115210533
63461,0.926875591278
63466,0.938395142555
63467,0.781921863556
63470,0.951595127583
63471,0.907543599606
63473,0.341532796621
63476,0.799406409264
63481,0.935630738735
63483,0.837726771832
63484,0.873998761177
63485,0.648268938065
63486,0.936424136162
63487,0.929359734058
63489,0.678491950035
63491,0.454022467136
63494,0.710485994816
63495,0.911649227142
63497,0.866242647171
63498,0.924500405788
63499,0.695317327976
63500,0.930274903774
63503,0.775264203548
63506,0.884427964687
63507,0.947489500046
63511,0.454686075449
63516,0.32541552186
63517,0.714776158333
63518,0.803939580917
63519,0.653714060783
63521,0.981863439083
63522,0.855635344982
63531,0.755928039551
63532,0.893784463406
63533,0.828812420368
63541,0.631107032299
63542,0.726007938385
63543,0.857497632504
63544,0.678084313869
63545,0.68914014101
63547,0.66935300827
63548,0.441271662712
63549,0.663350939751
63551,0.968402564526
63552,0.799923479557
63554,0.956271231174
63556,0.80273360014
63557,0.815660774708
63560,0.849735736847
63561,0.798039913177
63563,0.670135557652
63566,0.767679393291
63567,0.882070541382
63568,0.813469827175
63571,0.846862792969
63572,0.965598523617
63573,0.632090568542
63574,0.465316474438
63575,0.704745709896
63576,0.943609237671
63577,0.86860281229
63578,0.891426444054
63580,0.788965940475
63581,0.623207628727
63583,0.921009838581
63585,0.977335095406
63590,0.095038190484
63592,0.770676374435
63593,0.884469091892
63595,0.948037147522
63598,0.936190545559
63599,0.484538137913
63600,0.976735770702
63603,0.905581712723
63604,0.548934459686
63606,0.572936594486
63607,0.986755609512
63608,0.916518688202
63611,0.976169228554
63612,0.990400016308
63613,0.168789029121
63614,0.270857095718
63618,0.959344625473
63619,0.590628862381
63621,0.741136550903
63625,0.972268819809
63627,0.649166226387
63629,0.969498515129
63630,0.857115924358
63631,0.952826440334
63636,0.921174645424
63638,0.746780514717
63639,0.985129714012
63640,0.668159008026
63644,0.742028057575
63648,0.945628583431
63651,0.776069104671
63652,0.61769837141
63654,0.946104466915
63655,0.812425076962
63658,0.985044538975
63659,0.986156821251
63661,0.889424145222
63665,0.885282993317
63668,0.236876606941
63671,0.965166330338
63674,0.703131318092
63677,0.803957104683
63681,0.987066209316
63686,0.724878549576
63688,0.983163177967
63690,0.685310959816
63692,0.622964441776
63693,0.876549005508
63695,0.884370863438
63698,0.917507946491
63700,0.619418263435
63707,0.896096646786
63710,0.797461390495
63713,0.962769329548
63717,0.89299505949
63718,0.93539005518
63720,0.924615442753
63723,0.81335324049
63725,0.519128382206
63726,0.794366002083
63731,0.952128827572
63732,0.768299818039
63737,0.958832979202
63741,0.726892530918
63744,0.966523468494
63748,0.865524590015
63750,0.463209539652
63752,0.972012758255
63753,0.815727710724
63755,0.685528755188
63758,0.569171667099
63760,0.808459877968
63761,0.909258902073
63763,0.568075060844
63764,0.818705022335
63766,0.969329357147
63767,0.986918389797
63768,0.905195832253
63771,0.992161691189
63772,0.731915652752
63774,0.743064820766
63777,0.928264379501
63778,0.524248659611
63779,0.678193986416
63780,0.907921373844
63781,0.866177976131
63782,0.987432003021
63784,0.789572000504
63786,0.544490337372
63788,0.870182156563
63790,0.903451263905
63791,0.520336449146
63792,0.729045331478
63794,0.609628975391
63797,0.986606180668
63799,0.808006346226
63801,0.559631109238
63802,0.340253204107
63803,0.964437484741
63804,0.846224844456
63806,0.822918474674
63807,0.491777807474
63808,0.699165225029
63809,0.484433919191
63813,0.678654074669
63816,0.731012821198
63818,0.869424521923
63819,0.967075824738
63821,0.94719928503
63822,0.990068972111
63823,0.796837806702
63825,0.92175334692
63826,0.860697448254
63828,0.960359096527
63829,0.570344388485
63830,0.336286097765
63833,0.424291282892
63835,0.766130626202
63836,0.553224682808
63837,0.871942400932
63839,0.964523434639
63840,0.943601429462
63846,0.941451311111
63852,0.817890644073
63854,0.73250323534
63855,0.237425908446
63862,0.207370176911
63863,0.843895375729
63868,0.713166236877
63871,0.708143472672
63872,0.581681251526
63874,0.821048736572
63875,0.532742202282
63877,0.673331022263
63878,0.944707214832
63884,0.601727724075
63885,0.793765127659
63886,0.791356742382
63894,0.978528439999
63897,0.981512188911
63902,0.831069350243
63903,0.95530807972
63906,0.875640511513
63909,0.601992487907
63913,0.931794345379
63914,0.739010214806
63915,0.764673829079
63918,0.847511351109
63919,0.979610443115
63922,0.962071657181
63923,0.737723886967
63924,0.977176427841
63925,0.610505521297
63926,0.965339362621
63927,0.901262581348
63928,0.569710493088
63931,0.854530990124
63934,0.457223296165
63935,0.827075302601
63938,0.948887884617
63940,0.804387509823
63941,0.739326238632
63944,0.744145035744
63945,0.466062575579
63946,0.939027547836
63948,0.602552890778
63950,0.883467257023
63952,0.859021365643
63953,0.695498526096
63954,0.838888287544
63955,0.955734431744
63957,0.910562694073
63958,0.690840423107
63960,0.918146491051
63962,0.544800579548
63964,0.875308632851
63966,0.471933990717
63968,0.732290685177
63969,0.478473216295
63971,0.911719083786
63973,0.967560350895
63975,0.974206864834
63976,0.139314383268
63977,0.771980643272
63979,0.918156445026
63981,0.324477553368
63982,0.908683180809
63987,0.818662166595
63988,0.738772809505
63990,0.688191950321
63994,0.641719758511
63996,0.918424248695
63999,0.688203334808
64000,0.989749133587
64005,0.646172165871
64007,0.942300856113
64008,0.793607831001
64010,0.967155635357
64011,0.644016206264
64012,0.790391027927
64016,0.573801398277
64017,0.933443367481
64020,0.814872741699
64021,0.860432684422
64027,0.450403660536
64029,0.859226107597
64030,0.932521998882
64031,0.719146311283
64036,0.986346423626
64037,0.96129155159
64038,0.822086453438
64039,0.981053173542
64041,0.933966815472
64042,0.747561395168
64043,0.522013187408
64045,0.635207533836
64047,0.78350943327
64048,0.422642409801
64049,0.540080368519
64050,0.759730219841
64052,0.924848377705
64053,0.903855025768
64054,0.596820473671
64055,0.874880492687
64056,0.84836012125
64057,0.87299901247
64059,0.573967278004
64061,0.694313526154
64063,0.720588624477
64064,0.944538831711
64065,0.980266869068
64068,0.936474680901
64069,0.690863490105
64070,0.879950523376
64071,0.974981129169
64074,0.944832265377
64077,0.834042310715
64080,0.930694758892
64081,0.73614013195
64083,0.823700726032
64084,0.837658762932
64085,0.761242091656
64087,0.882127940655
64089,0.428269773722
64091,0.979276657104
64095,0.896342813969
64096,0.975426197052
64097,0.895513176918
64099,0.7281203866
64100,0.75904083252
64103,0.364408761263
64105,0.785191118717
64107,0.956947863102
64108,0.437701135874
64109,0.874448239803
64115,0.734002053738
64116,0.570773482323
64123,0.873519539833
64125,0.473355859518
64126,0.783830285072
64127,0.712967276573
64129,0.837417900562
64131,0.727272748947
64133,0.835802257061
64134,0.542514145374
64137,0.790754616261
64140,0.875152528286
64141,0.966983377934
64145,0.757275402546
64146,0.789357125759
64148,0.945279181004
64150,0.8972209692
64151,0.82266408205
64158,0.501097738743
64163,0.648345410824
64164,0.904662132263
64165,0.548286378384
64167,0.772174358368
64169,0.963124036789
64170,0.876084566116
64171,0.915865302086
64173,0.673823177814
64174,0.489340633154
64178,0.906976044178
64182,0.900784194469
64185,0.826785862446
64188,0.778860270977
64190,0.51512157917
64191,0.940016329288
64192,0.801972270012
64193,0.933333694935
64194,0.970095038414
64196,0.942294061184
64197,0.426405876875
64198,0.905505239964
64203,0.974320352077
64208,0.616437554359
64209,0.907205283642
64210,0.985080301762
64211,0.773047268391
64212,0.957773983479
64215,0.874764978886
64216,0.829247236252
64217,0.374032407999
64218,0.487488925457
64220,0.778831005096
64221,0.856624424458
64222,0.981007277966
64223,0.979448616505
64225,0.879230678082
64226,0.981605350971
64227,0.959613502026
64228,0.915617644787
64232,0.896013557911
64235,0.931304514408
64239,0.692013561726
64241,0.606008052826
64242,0.792551219463
64243,0.745355546474
64249,0.962490916252
64250,0.94226706028
64254,0.934945821762
64256,0.906897723675
64259,0.91481345892
64262,0.849542617798
64264,0.705045759678
64265,0.888190090656
64268,0.816547036171
64269,0.476759701967
64271,0.772881686687
64273,0.974031329155
64276,0.859458684921
64286,0.933980226517
64290,0.0721030980349
64291,0.62179595232
64292,0.400495827198
64298,0.946218550205
64304,0.856454074383
64305,0.75365293026
64306,0.816047906876
64307,0.571018278599
64308,0.491361260414
64309,0.904777169228
64312,0.641670882702
64313,0.780369400978
64314,0.967952430248
64315,0.628305196762
64320,0.909335792065
64321,0.814094007015
64327,0.784945070744
64331,0.716331064701
64340,0.880860507488
64342,0.811887145042
64343,0.449710190296
64344,0.887314200401
64349,0.931744337082
64351,0.388251900673
64352,0.774224936962
64354,0.663248717785
64355,0.549945652485
64357,0.879889965057
64358,0.892650783062
64359,0.796618521214
64360,0.536066055298
64366,0.50217539072
64370,0.499306678772
64372,0.662195086479
64373,0.769624054432
64374,0.865235805511
64375,0.899429678917
64379,0.949091076851
64380,0.922192633152
64381,0.987070381641
64382,0.697192966938
64383,0.962017536163
64387,0.923072040081
64388,0.87680131197
64389,0.752670824528
64392,0.960787296295
64393,0.601574420929
64394,0.915802001953
64397,0.804261863232
64399,0.837514638901
64400,0.86794501543
64401,0.867878675461
64402,0.969950020313
64405,0.862594664097
64408,0.387637704611
64409,0.848042905331
64410,0.864339351654
64411,0.837589979172
64416,0.961901545525
64417,0.6783670187
64418,0.644180595875
64419,0.774730265141
64420,0.846444368362
64423,0.987335979939
64424,0.797116875648
64425,0.436607956886
64426,0.974380671978
64428,0.591113805771
64429,0.771921038628
64432,0.0789685696363
64435,0.955613911152
64436,0.921053171158
64437,0.777967870235
64438,0.930483341217
64439,0.876756310463
64440,0.917868256569
64441,0.967545628548
64443,0.90990293026
64444,0.850655317307
64445,0.566137075424
64446,0.958565294743
64447,0.9749096632
64448,0.613712072372
64452,0.527092337608
64455,0.767668008804
64459,0.930961549282
64460,0.747244656086
64461,0.969315886497
64462,0.953631699085
64463,0.959313869476
64470,0.575262367725
64472,0.694513618946
64475,0.495545655489
64477,0.734497010708
64478,0.899321675301
64480,0.894521772861
64481,0.936414837837
64482,0.851424217224
64485,0.929821014404
64486,0.833792090416
64490,0.31192535162
64491,0.865789890289
64492,0.808301925659
64493,0.720398485661
64494,0.857683420181
64495,0.966366052628
64502,0.325382590294
64511,0.809168815613
64515,0.560206711292
64516,0.81726795435
64517,0.975865483284
64522,0.649581491947
64525,0.876557052135
64526,0.734851002693
64529,0.704218327999
64531,0.932362914085
64532,0.556268930435
64533,0.83841574192
64536,0.935696303844
64538,0.981730818748
64539,0.823783040047
64542,0.893275499344
64543,0.764037370682
64547,0.910968720913
64554,0.834582865238
64555,0.971886396408
64556,0.517127692699
64557,0.657041430473
64559,0.404109448195
64560,0.380511730909
64561,0.582544386387
64569,0.799116134644
64570,0.644627273083
64572,0.87481456995
64575,0.790187478065
64576,0.62581974268
64577,0.988542079926
64578,0.822293221951
64580,0.358067363501
64581,0.868024349213
64582,0.481327593327
64583,0.670677304268
64584,0.845887601376
64585,0.926314651966
64586,0.753816008568
64589,0.697657883167
64590,0.938009738922
64592,0.823485970497
64593,0.708855509758
64596,0.75110578537
64597,0.637629210949
64598,0.879218161106
64599,0.917324841022
64600,0.794132113457
64601,0.851543605328
64602,0.794746637344
64606,0.89505636692
64607,0.978355050087
64608,0.939128756523
64609,0.919981360435
64610,0.803929269314
64611,0.933689177036
64612,0.888603687286
64616,0.746980071068
64617,0.232208848
64620,0.990232825279
64624,0.575611233711
64625,0.983299195766
64626,0.754320204258
64627,0.760168254375
64630,0.891537964344
64632,0.977468788624
64633,0.637515604496
64634,0.195332109928
64636,0.751671433449
64638,0.983043372631
64639,0.960191369057
64642,0.946004748344
64643,0.26104208827
64644,0.951186180115
64646,0.713684618473
64650,0.95762771368
64651,0.764973282814
64655,0.921802043915
64656,0.90790784359
64657,0.889333665371
64658,0.930721819401
64659,0.829363584518
64663,0.737504780293
64665,0.930502533913
64666,0.798127114773
64667,0.981171488762
64668,0.898628771305
64669,0.920750498772
64675,0.477399230003
64676,0.980875492096
64679,0.95410245657
64681,0.792631804943
64683,0.755320012569
64684,0.644472837448
64686,0.336231321096
64689,0.954361140728
64692,0.977344691753
64695,0.458076566458
64696,0.631353199482
64697,0.699802577496
64699,0.677004873753
64704,0.877655565739
64706,0.820888340473
64707,0.487852364779
64708,0.70825958252
64710,0.812336683273
64711,0.910683512688
64714,0.781495153904
64717,0.951318621635
64719,0.904098749161
64721,0.981462597847
64724,0.385924994946
64726,0.83036673069
64727,0.701473295689
64728,0.18740388751
64730,0.63981705904
64736,0.776848435402
64738,0.959258139133
64740,0.382633805275
64741,0.75549441576
64742,0.45867022872
64745,0.595892190933
64747,0.948217689991
64749,0.909998893738
64750,0.917208850384
64753,0.991392254829
64754,0.832920849323
64756,0.893898308277
64757,0.796006441116
64760,0.877911627293
64761,0.689863979816
64762,0.92824947834
64765,0.498972147703
64767,0.892526268959
64770,0.719761550426
64772,0.87878715992
64774,0.837241172791
64776,0.52243077755
64777,0.769964337349
64780,0.96714091301
64782,0.773896813393
64783,0.959509313107
64784,0.871297836304
64786,0.732579708099
64787,0.98358130455
64788,0.944278001785
64793,0.959014713764
64794,0.275869756937
64795,0.88142812252
64797,0.95847928524
64799,0.90342772007
64801,0.905917942524
64811,0.931125342846
64813,0.979488313198
64814,0.631780922413
64815,0.748639523983
64816,0.927150845528
64826,0.564176142216
64828,0.969757080078
64829,0.575382173061
64831,0.881150305271
64841,0.271256178617
64842,0.959539711475
64843,0.629837155342
64845,0.689163386822
64846,0.75457406044
64847,0.855373799801
64848,0.514528572559
64850,0.605953633785
64851,0.493883192539
64852,0.549679994583
64853,0.806200802326
64858,0.958840727806
64860,0.571890234947
64861,0.930948853493
64862,0.927797198296
64863,0.36821487546
64864,0.75686699152
64865,0.853072881699
64868,0.932161509991
64875,0.594553887844
64876,0.173459663987
64877,0.950159430504
64878,0.749046683311
64879,0.772859692574
64880,0.914141833782
64881,0.724764227867
64882,0.82846057415
64885,0.707815289497
64886,0.852429747581
64887,0.713957607746
64893,0.977256000042
64895,0.853983581066
64897,0.913746833801
64899,0.436255186796
64900,0.787651777267
64901,0.903158843517
64902,0.969341874123
64904,0.964155375957
64906,0.851541638374
64907,0.950010836124
64909,0.856818258762
64911,0.41934838891
64913,0.952176570892
64915,0.851776659489
64918,0.850593090057
64921,0.96406596899
64924,0.538812458515
64928,0.856992602348
64929,0.961524367332
64931,0.448965519667
64932,0.753361582756
64934,0.696386575699
64935,0.352022022009
64939,0.936048567295
64943,0.514192461967
64944,0.327158004045
64945,0.982836544514
64946,0.71350467205
64947,0.826555371284
64948,0.988421440125
64950,0.708561360836
64952,0.83232486248
64953,0.97275608778
64957,0.853724837303
64958,0.798759877682
64959,0.431270867586
64960,0.74176388979
64963,0.699580609798
64967,0.932556033134
64968,0.540350973606
64973,0.645623803139
64974,0.757645010948
64975,0.904095172882
64976,0.272401154041
64977,0.822004795074
64978,0.77910733223
64983,0.804554998875
64984,0.827256798744
64986,0.927091956139
64987,0.811545193195
64990,0.854104876518
64993,0.812294244766
64995,0.717028856277
64998,0.699535906315
64999,0.705515086651
65004,0.938411295414
65006,0.721181452274
65008,0.925379097462
65009,0.655068099499
65011,0.961436033249
65013,0.847004830837
65014,0.922176420689
65015,0.856020390987
65017,0.511389195919
65018,0.938976466656
65019,0.715847671032
65020,0.893516182899
65022,0.0748574212193
65024,0.431373655796
65025,0.958886444569
65029,0.963280200958
65030,0.727781057358
65032,0.7121129632
65039,0.910509943962
65041,0.903652489185
65044,0.920967817307
65046,0.960777938366
65047,0.812882602215
65049,0.88482517004
65050,0.986909687519
65053,0.871112704277
65054,0.851623594761
65056,0.734858989716
65057,0.171780124307
65058,0.168148800731
65062,0.840808033943
65063,0.965291261673
65068,0.974223732948
65070,0.935698151588
65071,0.884591042995
65072,0.779476821423
65073,0.839059412479
65074,0.860605299473
65078,0.951820909977
65079,0.878386616707
65082,0.864649772644
65092,0.811104953289
65093,0.899141132832
65094,0.90228831768
65095,0.916444897652
65096,0.901641190052
65097,0.930147111416
65099,0.512827336788
65102,0.730859100819
65104,0.863774120808
65106,0.72416561842
65107,0.982384622097
65108,0.890922009945
65111,0.698191106319
65112,0.534918785095
65114,0.937581658363
65115,0.714578509331
65118,0.801528096199
65122,0.916654407978
65126,0.632719755173
65128,0.805150449276
65129,0.969961106777
65130,0.91594171524
65131,0.720036149025
65132,0.932929813862
65133,0.606099009514
65134,0.98211055994
65136,0.977982401848
65137,0.405664592981
65138,0.989518821239
65140,0.685510635376
65141,0.949844121933
65145,0.903375566006
65147,0.851681649685
65148,0.0580352023244
65153,0.876453995705
65156,0.934559583664
65158,0.984479010105
65160,0.897357583046
65162,0.986427366734
65163,0.839842319489
65164,0.95406293869
65165,0.55652230978
65166,0.988259315491
65167,0.785423696041
65169,0.924055397511
65170,0.957618713379
65171,0.744653046131
65172,0.532157063484
65175,0.864518225193
65177,0.657151997089
65178,0.651050031185
65179,0.528884112835
65181,0.620568573475
65182,0.992329537868
65183,0.982609272003
65186,0.990074694157
65187,0.941004574299
65191,0.956938028336
65192,0.77571862936
65194,0.695453107357
65195,0.989078462124
65196,0.597283601761
65197,0.257464855909
65201,0.871874034405
65202,0.854119062424
65204,0.969205260277
65205,0.806020617485
65206,0.775091946125
65209,0.602704942226
65211,0.306508660316
65212,0.658345401287
65220,0.402918875217
65224,0.720149219036
65226,0.895540177822
65228,0.933636248112
65230,0.826988697052
65231,0.549929559231
65232,0.990363776684
65233,0.688397228718
65235,0.409239828587
65237,0.755346119404
65238,0.979210317135
65242,0.91992264986
65243,0.828121781349
65244,0.803759038448
65245,0.955053269863
65246,0.831434249878
65249,0.885427117348
65251,0.93184286356
65252,0.714474976063
65256,0.97866153717
65260,0.205499738455
65261,0.715865671635
65265,0.86368894577
65269,0.959236443043
65270,0.965144693851
65271,0.621658980846
65275,0.97748875618
65278,0.940202176571
65279,0.922655642033
65281,0.808566808701
65282,0.801956653595
65283,0.918616056442
65284,0.888097524643
65286,0.154129564762
65290,0.474677562714
65293,0.213570833206
65297,0.477666556835
65298,0.38709589839
65299,0.89838218689
65302,0.817867696285
65303,0.851710021496
65306,0.771023690701
65307,0.970372021198
65309,0.931825876236
65310,0.882041752338
65311,0.827219724655
65312,0.912421405315
65314,0.974516093731
65317,0.987505078316
65319,0.790274202824
65322,0.958347141743
65323,0.506178557873
65324,0.803453624249
65325,0.949087321758
65327,0.779566347599
65328,0.782553792
65329,0.62103921175
65330,0.905289888382
65331,0.430351376534
65336,0.862985193729
65340,0.880744993687
65341,0.926081597805
65343,0.171113088727
65344,0.648109853268
65346,0.938532710075
65347,0.956299424171
65348,0.918264210224
65349,0.975525140762
65350,0.746332466602
65351,0.978027999401
65353,0.576576709747
65354,0.8538839221
65356,0.942722856998
65359,0.677769899368
65360,0.827067375183
65361,0.981940209866
65363,0.95541447401
65365,0.641409277916
65366,0.961193084717
65367,0.813520669937
65368,0.605308532715
65370,0.949109852314
65371,0.602364897728
65372,0.617396473885
65377,0.867395341396
65378,0.898337602615
65379,0.565241336823
65380,0.946017324924
65382,0.95236748457
65385,0.751404285431
65386,0.707024991512
65387,0.938160777092
65390,0.972009956837
65391,0.863149225712
65393,0.556184411049
65394,0.746297359467
65395,0.795008301735
65399,0.886329889297
65403,0.946359574795
65404,0.715837538242
65405,0.798422992229
65406,0.813767135143
65408,0.773533046246
65412,0.901628375053
65415,0.872007548809
65418,0.89534497261
65422,0.538224637508
65423,0.942050874233
65424,0.753715693951
65428,0.909246683121
65429,0.838971793652
65431,0.470357716084
65433,0.812520682812
65437,0.964867711067
65439,0.824599742889
65441,0.852479994297
65447,0.948284685612
65448,0.816573262215
65453,0.55159920454
65457,0.762946367264
65458,0.859765648842
65460,0.92822676897
65462,0.641859292984
65464,0.65172046423
65465,0.74643021822
65466,0.938171505928
65468,0.761458814144
65471,0.346970081329
65475,0.972317516804
65477,0.867029190063
65478,0.863298118114
65482,0.975909292698
65488,0.960992455482
65489,0.914503574371
65490,0.80037009716
65492,0.658479332924
65494,0.816420078278
65495,0.745917260647
65496,0.721413195133
65497,0.941864728928
65499,0.772627294064
65500,0.928458631039
65506,0.707950651646
65507,0.984575152397
65509,0.44972166419
65510,0.733771502972
65511,0.663464009762
65512,0.989848196507
65513,0.830521523952
65514,0.904617071152
65516,0.818762183189
65518,0.804998874664
65519,0.78741568327
65520,0.658621907234
65521,0.841548621655
65523,0.895762324333
65524,0.679745137691
65525,0.923904359341
65526,0.810333132744
65532,0.959007322788
65534,0.500880002975
65535,0.771411955357
65538,0.967965304852
65543,0.903832733631
65545,0.831125259399
65546,0.652911663055
65547,0.912521660328
65550,0.814968347549
65554,0.569746613503
65558,0.817740678787
65560,0.808772861958
65561,0.560220599174
65562,0.961038708687
65570,0.920169174671
65572,0.711955666542
65573,0.991574704647
65574,0.635604977608
65576,0.263500601053
65578,0.557509362698
65579,0.990409135818
65581,0.609140872955
65582,0.724699735641
65583,0.760374128819
65585,0.966784596443
65589,0.96094161272
65590,0.879843175411
65592,0.86979162693
65593,0.606108725071
65595,0.784258544445
65599,0.667049407959
65602,0.933596789837
65608,0.892768085003
65609,0.985999286175
65610,0.799765646458
65611,0.744969666004
65614,0.660035192966
65615,0.876399338245
65616,0.722284138203
65617,0.855192124844
65620,0.833535313606
65621,0.824870586395
65622,0.972751677036
65626,0.605690181255
65632,0.974350214005
65636,0.633683383465
65637,0.978735983372
65641,0.918394505978
65642,0.718578159809
65644,0.33588719368
65646,0.262053251266
65648,0.595534026623
65649,0.670443356037
65650,0.930624961853
65651,0.746062397957
65656,0.740121603012
65657,0.35992911458
65660,0.905886650085
65662,0.953310370445
65668,0.60152733326
65669,0.899227976799
65671,0.258153170347
65672,0.765702784061
65673,0.904023706913
65675,0.359673678875
65678,0.92735260725
65680,0.477143526077
65681,0.649938285351
65683,0.800966143608
65685,0.919371366501
65686,0.848035335541
65687,0.641553163528
65688,0.977685153484
65689,0.588225066662
65691,0.848891377449
65692,0.389234870672
65693,0.858310818672
65695,0.762156486511
65697,0.702571213245
65699,0.493738025427
65701,0.881563842297
65703,0.993442893028
65704,0.687867105007
65705,0.687488615513
65709,0.986163198948
65713,0.721580207348
65715,0.959767282009
65716,0.930035412312
65717,0.698237419128
65718,0.909644126892
65719,0.976205706596
65720,0.90938526392
65721,0.84537678957
65724,0.817175507545
65725,0.574242353439
65727,0.917285501957
65730,0.639954090118
65732,0.734355330467
65733,0.715544104576
65735,0.595386624336
65736,0.527411937714
65737,0.792558968067
65738,0.697511255741
65739,0.892850756645
65741,0.803259134293
65745,0.733951985836
65746,0.72927904129
65747,0.97892588377
65748,0.97796690464
65749,0.972205162048
65752,0.755067408085
65753,0.891422271729
65754,0.981575846672
65755,0.630963981152
65756,0.764985561371
65757,0.914138138294
65758,0.741091370583
65759,0.211468577385
65760,0.741285204887
65761,0.837383151054
65762,0.956235766411
65763,0.501062393188
65765,0.899158000946
65766,0.873446464539
65767,0.865232765675
65768,0.782644808292
65771,0.977404594421
65772,0.906054258347
65776,0.655355393887
65777,0.94735211134
65778,0.928124904633
65780,0.959983229637
65782,0.933314561844
65783,0.827601373196
65786,0.454233497381
65787,0.668474555016
65788,0.57896822691
65789,0.940258562565
65790,0.756258070469
65792,0.986950218678
65796,0.342972993851
65797,0.514247059822
65799,0.983844697475
65800,0.990557789803
65801,0.780626237392
65803,0.962513923645
65804,0.803846299648
65806,0.978799819946
65809,0.914156496525
65812,0.84101587534
65814,0.627936244011
65816,0.845941483974
65819,0.961520671844
65821,0.690321683884
65822,0.894611179829
65824,0.911365389824
65825,0.920495688915
65832,0.296453148127
65835,0.52722209692
65838,0.511026263237
65842,0.637421190739
65843,0.463980257511
65844,0.930072367191
65845,0.93988096714
65847,0.545402288437
65850,0.975590348244
65852,0.84372317791
65856,0.872845649719
65857,0.571920216084
65859,0.968694627285
65861,0.782091856003
65863,0.907219231129
65868,0.863878369331
65869,0.919057667255
65873,0.715795993805
65876,0.957296252251
65877,0.881231307983
65878,0.785264670849
65880,0.848974704742
65881,0.899469196796
65882,0.786202430725
65884,0.746321737766
65890,0.245239466429
65891,0.852225542068
65892,0.7134937644
65893,0.99352234602
65894,0.415500760078
65895,0.946000576019
65896,0.877858221531
65901,0.525842487812
65902,0.762805879116
65903,0.541416823864
65904,0.978527367115
65907,0.785637915134
65908,0.948317825794
65909,0.874414205551
65912,0.868181347847
65913,0.952391266823
65917,0.950735807419
65920,0.625898301601
65921,0.933717727661
65922,0.649329602718
65925,0.913899064064
65926,0.913170933723
65927,0.972521901131
65928,0.566047728062
65930,0.809397578239
65931,0.768540143967
65932,0.966570913792
65934,0.873809337616
65936,0.502122759819
65937,0.763863801956
65938,0.480683892965
65939,0.967336297035
65942,0.256889432669
65945,0.966354131699
65949,0.553404986858
65950,0.70726275444
65952,0.924565732479
65954,0.682751953602
65955,0.549378097057
65963,0.855079233646
65965,0.470790952444
65966,0.719955921173
65968,0.657715439796
65970,0.930338859558
65974,0.735673010349
65975,0.993028461933
65977,0.987962424755
65979,0.949193298817
65980,0.927049934864
65985,0.89656239748
65990,0.561497151852
65991,0.882560610771
65993,0.961782574654
65996,0.56477868557
65999,0.527929902077
66003,0.673537552357
66004,0.981068313122
66005,0.389091521502
66007,0.871617376804
66008,0.458688437939
66009,0.526680648327
66019,0.733818054199
66020,0.978589355946
66021,0.953763961792
66022,0.885144770145
66028,0.787811458111
66030,0.969803035259
66031,0.432900696993
66032,0.639490127563
66037,0.769205749035
66039,0.810338258743
66040,0.788930177689
66042,0.8352470994
66044,0.907494544983
66045,0.747874855995
66048,0.985515773296
66049,0.945363581181
66050,0.80523878336
66051,0.85436296463
66055,0.136511638761
66056,0.584992825985
66057,0.511373579502
66061,0.957949101925
66062,0.893291950226
66063,0.785739243031
66064,0.679721951485
66067,0.992253482342
66071,0.793335735798
66073,0.69292396307
66075,0.652682960033
66076,0.607008397579
66077,0.719996333122
66079,0.128178298473
66082,0.905043065548
66087,0.725383937359
66088,0.438318789005
66089,0.876308560371
66091,0.592744529247
66094,0.801604866982
66099,0.808313131332
66102,0.899286568165
66103,0.553076922894
66104,0.920985758305
66105,0.925822377205
66107,0.749393939972
66109,0.73153012991
66110,0.814511597157
66111,0.879833579063
66115,0.951583564281
66117,0.597081422806
66120,0.989733278751
66121,0.566619515419
66123,0.797827780247
66126,0.743979036808
66127,0.892203629017
66128,0.511314809322
66131,0.989047348499
66133,0.894526779652
66136,0.985408127308
66138,0.862247288227
66143,0.914312601089
66144,0.838515818119
66145,0.861454665661
66147,0.906366527081
66148,0.712088882923
66149,0.646237432957
66151,0.862389743328
66153,0.974905073643
66156,0.954616308212
66157,0.964116811752
66159,0.560026466846
66162,0.980935573578
66163,0.531089603901
66164,0.677607476711
66166,0.863015413284
66168,0.906638681889
66169,0.413274019957
66171,0.982406497002
66172,0.743346393108
66175,0.833953142166
66177,0.304341554642
66179,0.875701725483
66180,0.981740117073
66181,0.759611785412
66183,0.936224520206
66185,0.829706549644
66187,0.670530259609
66189,0.938960552216
66190,0.900620698929
66191,0.924800276756
66192,0.873850226402
66193,0.947937846184
66196,0.610176324844
66201,0.960829138756
66202,0.929422736168
66204,0.87469547987
66205,0.960452437401
66213,0.850231647491
66214,0.639831602573
66215,0.327766239643
66217,0.91269338131
66220,0.83147841692
66223,0.860489368439
66224,0.963870346546
66225,0.562989294529
66226,0.912093043327
66227,0.465090066195
66228,0.948873817921
66229,0.888309538364
66230,0.477727919817
66231,0.243529975414
66232,0.844252645969
66234,0.805837631226
66235,0.834882080555
66237,0.895276844501
66238,0.806312978268
66241,0.733153223991
66242,0.657833218575
66252,0.737297952175
66253,0.934204995632
66255,0.754975795746
66256,0.65420871973
66260,0.934490919113
66261,0.697287261486
66262,0.931454956532
66263,0.876199424267
66265,0.671356081963
66269,0.470663905144
66276,0.522036492825
66277,0.709883153439
66281,0.983759760857
66282,0.572282552719
66287,0.731901049614
66291,0.772760391235
66292,0.690714597702
66295,0.870099127293
66296,0.962589979172
66298,0.931273400784
66299,0.692964732647
66300,0.852761685848
66301,0.269929081202
66304,0.810115933418
66310,0.888437211514
66311,0.908955037594
66315,0.966454565525
66317,0.911288559437
66321,0.961241900921
66322,0.726478874683
66324,0.907769560814
66326,0.910217702389
66327,0.930853903294
66337,0.855985760689
66338,0.75787872076
66352,0.900540649891
66355,0.91770106554
66359,0.513709127903
66360,0.413706034422
66370,0.971712470055
66371,0.420802891254
66376,0.93187135458
66377,0.469929605722
66378,0.961081445217
66379,0.793071866035
66380,0.840214133263
66382,0.618251383305
66385,0.906624436378
66387,0.950305044651
66388,0.791944205761
66389,0.988016426563
66390,0.883255541325
66391,0.490289658308
66393,0.769098997116
66394,0.832241296768
66396,0.674538850784
66399,0.831474900246
66403,0.692707717419
66404,0.206015497446
66405,0.634241998196
66406,0.71568185091
66407,0.62669891119
66408,0.98332798481
66410,0.962207615376
66414,0.649682283401
66418,0.935191690922
66421,0.797867357731
66423,0.618767797947
66425,0.983065724373
66428,0.899223506451
66434,0.782911598682
66437,0.977791011333
66439,0.881212770939
66441,0.692040920258
66442,0.756125688553
66445,0.618895530701
66447,0.805505633354
66449,0.885015487671
66456,0.97710698843
66458,0.925143480301
66462,0.791533410549
66465,0.935964584351
66466,0.742777109146
66468,0.871548473835
66471,0.775158584118
66474,0.724155426025
66475,0.539222300053
66476,0.756995260715
66478,0.872147738934
66479,0.875109434128
66480,0.94083237648
66483,0.347112089396
66484,0.96634376049
66485,0.815902769566
66488,0.815259814262
66493,0.915764987469
66494,0.844193935394
66498,0.865064203739
66499,0.874276340008
66502,0.876841545105
66503,0.776847243309
66504,0.972457706928
66505,0.747347354889
66510,0.736638367176
66511,0.598877131939
66513,0.580078184605
66514,0.737948298454
66516,0.739117205143
66517,0.645980775356
66518,0.971986174583
66519,0.777203023434
66520,0.981709122658
66521,0.711426973343
66522,0.801816880703
66527,0.851033806801
66528,0.977384090424
66529,0.489983409643
66532,0.547438204288
66533,0.962441325188
66534,0.82890099287
66536,0.801422417164
66537,0.754692435265
66538,0.937449455261
66540,0.583410620689
66547,0.588125050068
66549,0.944385886192
66550,0.798259079456
66552,0.879676580429
66553,0.806250691414
66554,0.95946264267
66555,0.786813318729
66557,0.707054436207
66558,0.865637719631
66562,0.931939661503
66563,0.967663943768
66564,0.698467135429
66565,0.658167004585
66568,0.8159263134
66570,0.878106296062
66574,0.865862369537
66575,0.287460923195
66576,0.989375472069
66577,0.916546463966
66580,0.696339488029
66585,0.726752758026
66587,0.888719201088
66590,0.777636349201
66592,0.739272177219
66593,0.94808280468
66594,0.872146904469
66595,0.654523670673
66597,0.941872537136
66598,0.811526477337
66599,0.826136410236
66600,0.932876229286
66603,0.804967582226
66607,0.811160564423
66608,0.987874448299
66612,0.979006707668
66613,0.839837193489
66615,0.504275202751
66619,0.979790210724
66621,0.715080916882
66623,0.816740512848
66624,0.905454814434
66629,0.949740231037
66630,0.982294082642
66631,0.889992535114
66632,0.908750355244
66634,0.899685382843
66635,0.601034998894
66638,0.407821685076
66639,0.754482388496
66640,0.92377525568
66642,0.794557213783
66646,0.800556063652
66647,0.821146845818
66648,0.989502429962
66649,0.986128091812
66651,0.772391140461
66654,0.770073950291
66655,0.836317718029
66656,0.892845094204
66660,0.760450720787
66665,0.94639980793
66672,0.564516723156
66676,0.962253987789
66677,0.880124270916
66681,0.564467549324
66683,0.92951375246
66684,0.966963768005
66686,0.604047238827
66687,0.589376866817
66691,0.747406482697
66692,0.872754871845
66693,0.146466672421
66696,0.953191578388
66697,0.820627391338
66700,0.812820851803
66705,0.510819792747
66706,0.621457993984
66710,0.694668114185
66712,0.376143097878
66713,0.44106695056
66716,0.726840257645
66717,0.800014674664
66718,0.757169485092
66719,0.905731022358
66720,0.333256393671
66722,0.783736228943
66725,0.519928693771
66727,0.51531457901
66728,0.875285089016
66729,0.359995633364
66730,0.86252450943
66731,0.896185576916
66733,0.789701759815
66734,0.946208655834
66736,0.858205497265
66739,0.551506519318
66740,0.886197865009
66743,0.908517360687
66744,0.852401733398
66745,0.97462451458
66746,0.804524958134
66747,0.593784570694
66748,0.828251063824
66750,0.582586228848
66751,0.842428088188
66754,0.870426356792
66756,0.945138633251
66757,0.210931390524
66759,0.681385159492
66764,0.993582427502
66770,0.853213906288
66771,0.980542421341
66773,0.655117809772
66775,0.831060051918
66776,0.733265638351
66778,0.976316034794
66780,0.959289610386
66781,0.969505131245
66786,0.838238298893
66787,0.532847940922
66788,0.757621765137
66789,0.921335637569
66790,0.892465472221
66791,0.741860330105
66792,0.883477032185
66793,0.840700447559
66795,0.944867551327
66797,0.921048223972
66799,0.743514418602
66801,0.71412217617
66803,0.905294001102
66806,0.634722232819
66807,0.529898941517
66809,0.872627258301
66812,0.813588321209
66813,0.360846400261
66816,0.350676715374
66821,0.963475823402
66823,0.862159192562
66825,0.799016356468
66826,0.587512493134
66828,0.912958145142
66830,0.874011516571
66832,0.740092933178
66837,0.9571647048
66840,0.986071646214
66845,0.98836004734
66847,0.86009657383
66850,0.956839084625
66852,0.80446857214
66853,0.338868647814
66854,0.926559984684
66856,0.898418962955
66858,0.922401309013
66865,0.433380931616
66867,0.498894870281
66869,0.978993058205
66872,0.899671554565
66873,0.68817782402
66877,0.669522702694
66878,0.704987049103
66879,0.853751182556
66880,0.939785897732
66881,0.914029181004
66883,0.864242017269
66886,0.156793236732
66888,0.707539319992
66889,0.912044525146
66890,0.933747768402
66891,0.956322014332
66894,0.983482480049
66895,0.946623146534
66896,0.807919442654
66898,0.866012096405
66901,0.386047899723
66902,0.788036882877
66904,0.746201395988
66905,0.984018802643
66906,0.724384069443
66912,0.764881074429
66916,0.919132292271
66919,0.866078436375
66921,0.823213815689
66924,0.926752090454
66925,0.928787589073
66926,0.690690100193
66929,0.719163715839
66930,0.852420330048
66933,0.938967168331
66936,0.61582249403
66937,0.877918124199
66941,0.941925764084
66942,0.939236938953
66945,0.865647733212
66947,0.862384915352
66948,0.559952437878
66952,0.841307401657
66953,0.852921485901
66955,0.815408587456
66956,0.65756303072
66960,0.743506669998
66962,0.98077249527
66963,0.96064645052
66966,0.867481470108
66967,0.831544041634
66970,0.762656748295
66971,0.87158292532
66972,0.945677101612
66973,0.793108463287
66976,0.624809265137
66977,0.843549013138
66978,0.869117558002
66979,0.928734719753
66980,0.765945076942
66981,0.929942846298
66983,0.885823249817
66984,0.886273503304
66987,0.54115819931
66988,0.830333769321
66989,0.735461652279
66991,0.443503499031
66992,0.860924422741
66996,0.860709905624
66997,0.823723971844
66998,0.968108415604
67000,0.469333708286
67004,0.499936342239
67005,0.759236574173
67008,0.803289592266
67009,0.659266233444
67010,0.706503808498
67011,0.903599917889
67013,0.530152380466
67014,0.805914819241
67017,0.985096156597
67020,0.730436325073
67023,0.104211010039
67024,0.752962291241
67026,0.668422222137
67028,0.390630692244
67031,0.766757249832
67032,0.992946207523
67035,0.578500449657
67036,0.963370323181
67039,0.890606105328
67040,0.75530821085
67043,0.481720030308
67044,0.491338640451
67046,0.279711514711
67048,0.879811823368
67049,0.816077232361
67050,0.969292163849
67051,0.950751066208
67053,0.58103454113
67054,0.875082492828
67056,0.818128228188
67057,0.583147704601
67061,0.899342954159
67062,0.667669117451
67063,0.529280483723
67064,0.788076221943
67073,0.862993121147
67074,0.76304101944
67075,0.920420765877
67078,0.879302740097
67081,0.905073523521
67082,0.739867806435
67084,0.900713145733
67085,0.291373133659
67087,0.881202876568
67089,0.801159143448
67090,0.564758419991
67091,0.650682806969
67093,0.9347178936
67094,0.788310706615
67099,0.961396694183
67102,0.854040086269
67103,0.871733903885
67105,0.535505354404
67107,0.642119467258
67108,0.827794373035
67113,0.726325690746
67114,0.976488888264
67115,0.867517232895
67117,0.86800122261
67120,0.723474860191
67123,0.711239755154
67125,0.878374576569
67126,0.958443939686
67128,0.615175962448
67129,0.685841679573
67130,0.902581334114
67137,0.851244628429
67138,0.68858730793
67140,0.934024631977
67141,0.813264608383
67142,0.553161740303
67143,0.945522546768
67147,0.917776763439
67149,0.846117198467
67151,0.984266281128
67154,0.896865665913
67158,0.931724667549
67159,0.84808498621
67161,0.678676843643
67162,0.937369823456
67163,0.923726320267
67169,0.569107949734
67172,0.962940692902
67173,0.76620143652
67178,0.854175031185
67180,0.819295942783
67181,0.843977749348
67182,0.863504290581
67184,0.931484162807
67185,0.840191304684
67186,0.979689180851
67188,0.916734874249
67189,0.932576537132
67191,0.796534597874
67193,0.298635452986
67196,0.465578377247
67199,0.892481267452
67200,0.631778299809
67201,0.217819750309
67202,0.899569809437
67203,0.840772271156
67204,0.816142261028
67206,0.822548925877
67207,0.80905097723
67208,0.927117645741
67210,0.95502859354
67212,0.753642737865
67213,0.491312563419
67215,0.98002576828
67216,0.828125238419
67217,0.836194992065
67220,0.628256738186
67221,0.767566978931
67223,0.912075281143
67224,0.668504178524
67226,0.669739305973
67229,0.898529648781
67230,0.865519404411
67235,0.836908102036
67236,0.829995691776
67237,0.946737885475
67238,0.953641593456
67239,0.954226076603
67242,0.914829909801
67244,0.919157266617
67245,0.895227730274
67246,0.644965291023
67248,0.94041121006
67249,0.886412024498
67256,0.856961011887
67260,0.764077842236
67264,0.928455352783
67265,0.916091024876
67268,0.785245001316
67270,0.889391303062
67278,0.606520652771
67283,0.252235800028
67284,0.87493956089
67286,0.862858176231
67287,0.797625005245
67289,0.939837634563
67290,0.863289237022
67294,0.97583937645
67295,0.952427268028
67297,0.683762609959
67299,0.685705721378
67300,0.635413348675
67301,0.604473471642
67303,0.878059387207
67309,0.87026900053
67312,0.90263068676
67313,0.841371893883
67314,0.96089977026
67316,0.775272071362
67317,0.829710185528
67320,0.926519155502
67322,0.723761498928
67323,0.377833515406
67325,0.71070754528
67332,0.470160365105
67334,0.721417188644
67335,0.976972341537
67337,0.805244982243
67339,0.662887513638
67341,0.873440027237
67344,0.688734292984
67346,0.563836216927
67351,0.906175911427
67352,0.939876556396
67356,0.759064495564
67357,0.823931157589
67358,0.951006650925
67359,0.837279319763
67361,0.942690193653
67363,0.680001854897
67366,0.604539692402
67367,0.780344069004
67368,0.753568708897
67369,0.888706743717
67371,0.82158780098
67372,0.952514767647
67374,0.964608609676
67376,0.684613287449
67377,0.779705643654
67379,0.774252533913
67380,0.888813376427
67382,0.929082334042
67383,0.933083176613
67385,0.911685585976
67388,0.917132973671
67389,0.622902870178
67390,0.307314068079
67394,0.597010970116
67397,0.846019327641
67398,0.641783475876
67399,0.658349215984
67403,0.89310002327
67405,0.977845489979
67406,0.80563634634
67407,0.74854183197
67410,0.0666209459305
67412,0.971371650696
67413,0.951678276062
67414,0.952538788319
67415,0.751883506775
67417,0.691358149052
67419,0.337231189013
67422,0.786680757999
67423,0.44945499301
67424,0.834924221039
67426,0.914547085762
67429,0.824709296227
67431,0.58037173748
67432,0.981756448746
67433,0.502827882767
67434,0.0654391944408
67438,0.850989639759
67443,0.770102977753
67446,0.902956664562
67447,0.489244401455
67448,0.967675864697
67449,0.88128721714
67450,0.591172814369
67451,0.648913860321
67452,0.914423048496
67456,0.525015354156
67458,0.447328865528
67459,0.92792057991
67460,0.87282538414
67465,0.639151334763
67466,0.922816812992
67467,0.743003129959
67470,0.90446215868
67471,0.848620772362
67474,0.855657279491
67475,0.953757286072
67476,0.544847249985
67479,0.405496090651
67480,0.681589126587
67483,0.914509057999
67484,0.764726758003
67486,0.860521674156
67487,0.942016482353
67489,0.887496590614
67491,0.804277658463
67492,0.578011631966
67497,0.765206456184
67498,0.479371547699
67501,0.947602033615
67502,0.516241729259
67506,0.913950443268
67507,0.823605954647
67508,0.836211204529
67510,0.796144604683
67512,0.893684983253
67513,0.917066216469
67514,0.992886006832
67516,0.361367404461
67524,0.982933282852
67526,0.938138544559
67527,0.643022239208
67530,0.977266669273
67533,0.410999953747
67534,0.845233619213
67535,0.67715638876
67536,0.441722095013
67538,0.966999769211
67539,0.949966847897
67540,0.976469695568
67542,0.492815732956
67546,0.783639013767
67548,0.963343262672
67549,0.811902225018
67550,0.454257458448
67552,0.67499268055
67555,0.536064684391
67557,0.981707930565
67559,0.8631477952
67563,0.675798475742
67564,0.979749143124
67565,0.95853549242
67566,0.912623226643
67569,0.863161742687
67574,0.815897703171
67578,0.943360924721
67579,0.92871683836
67580,0.966690778732
67581,0.888347625732
67582,0.886156380177
67583,0.795517444611
67584,0.727674305439
67585,0.30639103055
67586,0.902763724327
67588,0.819810986519
67589,0.881390810013
67592,0.727135300636
67593,0.650975346565
67594,0.861393928528
67595,0.401836156845
67597,0.69702911377
67599,0.515178918839
67600,0.758098244667
67603,0.972582876682
67604,0.967078268528
67605,0.720638811588
67606,0.810866653919
67607,0.688712716103
67608,0.79623824358
67609,0.893087863922
67612,0.830048322678
67613,0.64857840538
67614,0.962025105953
67616,0.848964571953
67617,0.96150124073
67618,0.968943953514
67620,0.92306214571
67626,0.951044499874
67629,0.867828547955
67633,0.982198894024
67635,0.600350379944
67636,0.883112490177
67641,0.500717639923
67642,0.780804753304
67644,0.993189752102
67646,0.986910521984
67647,0.504441082478
67648,0.642557561398
67650,0.986650705338
67651,0.653611958027
67652,0.871601104736
67655,0.831073582172
67656,0.644184529781
67657,0.61005282402
67658,0.725811302662
67661,0.962630212307
67662,0.705249190331
67663,0.878179550171
67668,0.971220254898
67670,0.399435371161
67672,0.680989921093
67673,0.801792085171
67674,0.556783139706
67677,0.333599209785
67678,0.840604543686
67682,0.797640740871
67683,0.635606646538
67684,0.95934766531
67685,0.558148860931
67686,0.956392765045
67688,0.928246676922
67692,0.939267039299
67693,0.773743331432
67694,0.432766765356
67695,0.76553183794
67697,0.755344629288
67698,0.939591407776
67699,0.842364132404
67701,0.882339477539
67702,0.910305559635
67703,0.737116634846
67705,0.764575541019
67706,0.936877071857
67711,0.355066150427
67715,0.610882043839
67716,0.83393663168
67717,0.916528642178
67718,0.646929323673
67720,0.712667167187
67721,0.959513485432
67722,0.840748608112
67723,0.860658705235
67725,0.892050743103
67727,0.898132801056
67728,0.693178713322
67729,0.74246519804
67731,0.321653723717
67732,0.983225286007
67733,0.907800734043
67735,0.859631717205
67738,0.58775883913
67739,0.850305914879
67741,0.575137495995
67748,0.746719896793
67750,0.86519920826
67753,0.774263501167
67754,0.715341150761
67758,0.83086425066
67761,0.829446673393
67762,0.391285687685
67764,0.970642864704
67768,0.686648964882
67769,0.673411548138
67772,0.928963184357
67774,0.851675987244
67776,0.937427341938
67780,0.708915293217
67781,0.597380042076
67792,0.614917993546
67795,0.734852612019
67799,0.979104280472
67802,0.959870398045
67804,0.34405118227
67805,0.708606123924
67807,0.547626852989
67810,0.877259671688
67816,0.641517877579
67818,0.410716742277
67820,0.717583298683
67822,0.848241388798
67827,0.268821537495
67828,0.260152250528
67832,0.869321405888
67833,0.115891233087
67834,0.799511790276
67835,0.986185133457
67837,0.66118490696
67839,0.912748217583
67842,0.901606976986
67848,0.725644946098
67849,0.383086740971
67850,0.985510110855
67851,0.43510633707
67852,0.795747160912
67856,0.783784329891
67857,0.891999542713
67858,0.838336646557
67860,0.855991065502
67862,0.805968821049
67865,0.965871453285
67868,0.661315500736
67869,0.588851511478
67871,0.685183942318
67872,0.867052316666
67873,0.548406422138
67874,0.642303943634
67877,0.890924274921
67878,0.911179661751
67879,0.426079183817
67882,0.94432747364
67883,0.675667524338
67885,0.482779920101
67886,0.671969592571
67889,0.809057474136
67890,0.8842035532
67891,0.550744235516
67892,0.901493012905
67896,0.926582574844
67897,0.615504741669
67900,0.556879520416
67903,0.312216043472
67904,0.924179971218
67908,0.871212482452
67909,0.958026349545
67910,0.664331674576
67912,0.838252842426
67915,0.778824687004
67917,0.621030390263
67920,0.0550466924906
67922,0.805866122246
67923,0.771556973457
67925,0.687573671341
67929,0.81958001852
67930,0.937560856342
67932,0.951230704784
67935,0.679921925068
67938,0.478043407202
67939,0.493369579315
67941,0.743070185184
67942,0.969526410103
67946,0.802646815777
67947,0.898206353188
67948,0.378738999367
67949,0.906789779663
67950,0.801721513271
67951,0.952936530113
67952,0.860703110695
67953,0.369019955397
67954,0.924606919289
67956,0.98475164175
67957,0.734149634838
67958,0.525498867035
67970,0.531769990921
67971,0.949099361897
67973,0.525418400764
67975,0.247964113951
67979,0.844372808933
67980,0.650543749332
67981,0.886481046677
67983,0.898384928703
67985,0.918501019478
67989,0.664803028107
67990,0.496816009283
67991,0.621845185757
67992,0.912657737732
67995,0.941328465939
67996,0.781367182732
67997,0.733629763126
68001,0.875956296921
68002,0.570465087891
68003,0.914206206799
68004,0.915295898914
68008,0.961667001247
68009,0.363055884838
68011,0.619302392006
68014,0.344240576029
68020,0.922225534916
68021,0.65895575285
68022,0.947313308716
68031,0.816527783871
68032,0.870541453362
68033,0.423177927732
68036,0.445998638868
68037,0.931196153164
68040,0.136687144637
68045,0.929075956345
68046,0.741015315056
68048,0.980192482471
68049,0.740781366825
68050,0.760477364063
68051,0.747445464134
68054,0.92056542635
68055,0.846998095512
68058,0.819976389408
68060,0.812913835049
68062,0.75922369957
68064,0.749047994614
68065,0.735427856445
68066,0.97891664505
68073,0.847499966621
68074,0.842208266258
68075,0.813064873219
68078,0.98175150156
68079,0.947104334831
68081,0.904942333698
68085,0.834423482418
68088,0.935373187065
68089,0.85723811388
68090,0.812515377998
68091,0.487146049738
68092,0.859834313393
68094,0.942624092102
68095,0.986037552357
68099,0.915625452995
68100,0.765897870064
68101,0.841880619526
68103,0.888666272163
68104,0.760380506516
68105,0.92399585247
68106,0.960134983063
68107,0.629348278046
68108,0.834060192108
68113,0.816811084747
68114,0.799387395382
68115,0.850223124027
68116,0.347538024187
68117,0.937849521637
68119,0.975239813328
68121,0.606539428234
68123,0.872697532177
68125,0.658933877945
68126,0.869731783867
68128,0.961889863014
68133,0.756325006485
68136,0.55220335722
68137,0.735357046127
68138,0.979144513607
68141,0.791910052299
68142,0.917615830898
68143,0.664534509182
68145,0.284843295813
68146,0.351943165064
68149,0.783888697624
68152,0.968413293362
68157,0.480432778597
68158,0.903921067715
68162,0.914074599743
68164,0.9756731987
68167,0.771381735802
68168,0.894062817097
68171,0.807587385178
68173,0.971587538719
68174,0.936589956284
68179,0.95349252224
68185,0.698334395885
68186,0.309753268957
68187,0.234088495374
68193,0.754313409328
68194,0.495967745781
68195,0.847425758839
68196,0.902416467667
68199,0.383689463139
68200,0.642568647861
68202,0.607150614262
68204,0.91684037447
68211,0.99199283123
68212,0.833020150661
68214,0.760102391243
68215,0.768492698669
68218,0.884169280529
68220,0.0951954349875
68221,0.965738475323
68222,0.714777827263
68223,0.731751084328
68225,0.991840004921
68229,0.880958914757
68230,0.757599949837
68231,0.734426856041
68232,0.557633638382
68234,0.435062915087
68235,0.944329917431
68236,0.651457965374
68238,0.954608380795
68242,0.889196515083
68243,0.794755101204
68244,0.851886034012
68246,0.373750597239
68250,0.857588648796
68252,0.777388632298
68258,0.238644391298
68259,0.941540718079
68262,0.950937092304
68264,0.939978599548
68265,0.74544519186
68269,0.574543178082
68271,0.43058526516
68272,0.396816015244
68276,0.805141031742
68277,0.792326509953
68280,0.722648084164
68281,0.782441318035
68282,0.726003944874
68283,0.737181127071
68287,0.883943796158
68288,0.790829777718
68290,0.594756484032
68291,0.456351280212
68293,0.883849084377
68294,0.363545835018
68296,0.973311066628
68297,0.944711148739
68298,0.820994496346
68301,0.69999730587
68302,0.964406490326
68303,0.984171330929
68304,0.642784655094
68305,0.776508688927
68306,0.870697259903
68307,0.512230455875
68310,0.78746420145
68311,0.792843282223
68312,0.846969008446
68313,0.825344562531
68314,0.94119232893
68316,0.0911538079381
68318,0.671965241432
68320,0.695547521114
68321,0.888879656792
68322,0.991379499435
68323,0.771471261978
68326,0.883915007114
68327,0.900156974792
68330,0.78630977869
68332,0.961659967899
68339,0.966775894165
68340,0.644591510296
68341,0.908976793289
68343,0.966016054153
68346,0.938647031784
68347,0.902169644833
68348,0.979278445244
68349,0.679919242859
68350,0.744439005852
68354,0.985811471939
68359,0.820737540722
68362,0.696709215641
68363,0.82798409462
68364,0.471550017595
68365,0.0871888101101
68369,0.834642708302
68370,0.920336961746
68371,0.834478795528
68372,0.590912759304
68373,0.941883742809
68375,0.816952168941
68376,0.599263727665
68382,0.970393240452
68387,0.903984189034
68388,0.608755171299
68390,0.817391693592
68394,0.675154924393
68395,0.925212323666
68396,0.743667423725
68397,0.984205842018
68399,0.653695642948
68400,0.690402090549
68404,0.759107530117
68405,0.356394410133
68407,0.94089949131
68408,0.427906990051
68410,0.51812183857
68414,0.194941818714
68415,0.769497573376
68417,0.665058553219
68422,0.831959664822
68423,0.867822647095
68424,0.803127706051
68425,0.460476189852
68430,0.848964989185
68433,0.934667408466
68436,0.494520813227
68438,0.975468635559
68442,0.556894719601
68443,0.334655642509
68445,0.507742226124
68446,0.64612865448
68447,0.786115884781
68448,0.952625870705
68449,0.8003013134
68452,0.891926705837
68454,0.779626190662
68455,0.589102268219
68456,0.981696367264
68457,0.955452442169
68458,0.586879074574
68462,0.694967567921
68463,0.685888230801
68464,0.37621152401
68466,0.799439251423
68467,0.473735451698
68469,0.847305357456
68472,0.868831515312
68475,0.797452151775
68481,0.885154008865
68482,0.418405085802
68483,0.986121237278
68486,0.796190917492
68490,0.59460657835
68491,0.818561851978
68493,0.517699956894
68495,0.819227814674
68496,0.595266520977
68498,0.940112531185
68504,0.952230274677
68505,0.945758342743
68506,0.846995770931
68513,0.934466302395
68515,0.601957857609
68516,0.908743917942
68518,0.559994161129
68520,0.905156075954
68522,0.692976593971
68523,0.551609694958
68526,0.759061574936
68527,0.89709931612
68530,0.821530103683
68531,0.917561948299
68532,0.655751824379
68533,0.910620212555
68534,0.944503843784
68535,0.964055120945
68536,0.961879611015
68537,0.970441818237
68538,0.771524727345
68545,0.364890992641
68546,0.91813737154
68547,0.984852492809
68550,0.581326782703
68553,0.820090591908
68556,0.307846754789
68557,0.84749352932
68559,0.829787492752
68560,0.897052109241
68571,0.655278503895
68575,0.91854351759
68577,0.968596100807
68579,0.614830195904
68585,0.872732877731
68587,0.0764678195119
68588,0.562787294388
68590,0.821977853775
68594,0.789993405342
68596,0.562440752983
68597,0.992929399014
68599,0.979541242123
68603,0.720493376255
68604,0.973988115788
68605,0.860407650471
68606,0.723128795624
68607,0.886586248875
68608,0.935455143452
68610,0.682368338108
68611,0.874681651592
68613,0.959947168827
68614,0.975118041039
68617,0.8264939785
68619,0.74441164732
68622,0.795302867889
68624,0.849702477455
68625,0.849643886089
68629,0.366263180971
68631,0.793570637703
68632,0.870015740395
68633,0.314464598894
68636,0.7095271945
68638,0.868220746517
68641,0.844116806984
68643,0.715815961361
68646,0.855003356934
68647,0.956911325455
68648,0.817906916142
68650,0.859484314919
68652,0.978542566299
68654,0.531552553177
68655,0.938042700291
68657,0.433375298977
68658,0.738500773907
68660,0.981719315052
68664,0.899408340454
68665,0.803017675877
68667,0.857784092426
68668,0.806929409504
68669,0.626877188683
68670,0.563894212246
68675,0.730703651905
68677,0.400562167168
68679,0.59113329649
68680,0.624175786972
68681,0.819987893105
68682,0.752809822559
68683,0.684354603291
68684,0.729314804077
68685,0.495755881071
68688,0.717184662819
68689,0.971979618073
68690,0.37379103899
68691,0.664933681488
68695,0.846376717091
68696,0.984977841377
68697,0.742978930473
68698,0.580444693565
68700,0.965386688709
68703,0.85008263588
68705,0.855549812317
68706,0.733551502228
68708,0.969136595726
68709,0.903897225857
68710,0.87238317728
68714,0.564047932625
68715,0.643187403679
68717,0.783011436462
68721,0.868139505386
68722,0.69750636816
68727,0.98724770546
68730,0.914406120777
68731,0.773594856262
68733,0.973517000675
68735,0.829628109932
68737,0.801127791405
68738,0.856093347073
68744,0.789804339409
68746,0.797899842262
68749,0.712140262127
68753,0.984696507454
68755,0.902338981628
68756,0.819341719151
68757,0.752258002758
68762,0.962886750698
68763,0.858745574951
68765,0.43030282855
68767,0.722468554974
68768,0.663681924343
68770,0.823782384396
68774,0.827004134655
68775,0.630853772163
68776,0.920090734959
68777,0.839615046978
68778,0.915085196495
68781,0.833470523357
68782,0.894204378128
68784,0.88820707798
68785,0.734278142452
68787,0.884218752384
68795,0.790870785713
68796,0.653032362461
68798,0.770629405975
68799,0.747152507305
68806,0.80532759428
68811,0.366436511278
68813,0.572811961174
68814,0.767924666405
68817,0.98154848814
68818,0.724461376667
68825,0.869111001492
68826,0.875065326691
68828,0.790770590305
68831,0.950544774532
68835,0.974794745445
68837,0.975242733955
68848,0.700822770596
68850,0.657974600792
68852,0.968497157097
68853,0.807790100574
68855,0.966377973557
68857,0.400150507689
68862,0.951215386391
68864,0.841984927654
68868,0.932340204716
68871,0.757565140724
68874,0.967897713184
68876,0.354333728552
68879,0.975846171379
68881,0.849477112293
68885,0.922252237797
68887,0.937258601189
68888,0.913652062416
68891,0.871816396713
68894,0.548203587532
68896,0.616079092026
68897,0.72449016571
68899,0.733141303062
68900,0.965227544308
68904,0.974259853363
68905,0.889555573463
68906,0.635712206364
68910,0.721678137779
68913,0.53317630291
68915,0.963472783566
68917,0.950342833996
68919,0.65714609623
68921,0.402855247259
68924,0.948499560356
68926,0.957963764668
68928,0.889201879501
68929,0.928027033806
68930,0.837686002254
68932,0.673788189888
68935,0.878701865673
68937,0.747471392155
68940,0.960506558418
68941,0.944124996662
68942,0.393960893154
68943,0.979332566261
68947,0.775899648666
68948,0.673213064671
68949,0.865885078907
68952,0.904349863529
68955,0.290559709072
68956,0.7911901474
68957,0.323679119349
68959,0.614884197712
68962,0.719729185104
68963,0.947470605373
68965,0.875077068806
68966,0.649241507053
68967,0.907460033894
68968,0.710267007351
68969,0.969134688377
68972,0.880377948284
68973,0.672569811344
68976,0.678028345108
68978,0.506765902042
68979,0.890373706818
68983,0.963345885277
68984,0.870784342289
68990,0.884815096855
68993,0.877057552338
68994,0.954668283463
68996,0.518426418304
68998,0.701464533806
69002,0.933019340038
69006,0.788682460785
69009,0.928463757038
69010,0.637731671333
69012,0.61485761404
69013,0.729632496834
69017,0.879940092564
69019,0.805303156376
69020,0.534624040127
69021,0.687953174114
69024,0.812162876129
69028,0.777482450008
69030,0.891284942627
69031,0.767287015915
69032,0.886058866978
69033,0.784968197346
69035,0.841342151165
69036,0.771602034569
69039,0.768834769726
69042,0.967933595181
69043,0.802205681801
69044,0.970679104328
69045,0.242811381817
69049,0.590397834778
69053,0.756934404373
69055,0.32632881403
69057,0.580864191055
69062,0.925450563431
69063,0.856619179249
69064,0.216625332832
69066,0.860841274261
69068,0.773869752884
69071,0.775006234646
69073,0.830955684185
69078,0.976540029049
69080,0.6351608634
69082,0.928786039352
69084,0.595040440559
69088,0.736366808414
69091,0.955137312412
69098,0.805683016777
69100,0.940837860107
69102,0.880679488182
69106,0.806006371975
69107,0.636277318001
69108,0.706340909004
69109,0.731737077236
69111,0.940739691257
69112,0.650051236153
69113,0.814283847809
69117,0.868244111538
69118,0.822657704353
69120,0.812013030052
69121,0.948407769203
69122,0.873607754707
69124,0.821611166
69126,0.5918405056
69127,0.540785729885
69130,0.322222441435
69132,0.627458512783
69134,0.779833853245
69135,0.354011714458
69141,0.737697184086
69142,0.9163672328
69143,0.801938712597
69144,0.61097574234
69147,0.898326337337
69149,0.471306115389
69150,0.854170680046
69152,0.712212324142
69153,0.795229375362
69154,0.643524289131
69155,0.893695533276
69156,0.520095705986
69158,0.954375982285
69164,0.809388518333
69165,0.809156954288
69166,0.517988324165
69170,0.772449791431
69172,0.746587216854
69174,0.923172175884
69175,0.939196169376
69178,0.587316811085
69180,0.83207398653
69183,0.832549631596
69184,0.843125939369
69185,0.615669071674
69187,0.912840485573
69189,0.75425952673
69190,0.919293761253
69191,0.886450052261
69192,0.889243841171
69196,0.514699518681
69197,0.847007811069
69198,0.817686498165
69199,0.898959875107
69200,0.711254775524
69203,0.757965862751
69209,0.858076632023
69211,0.528730273247
69214,0.75963139534
69215,0.9567014575
69216,0.817265272141
69217,0.957196831703
69218,0.17626029253
69220,0.879245579243
69222,0.872162222862
69225,0.755195438862
69229,0.802372455597
69232,0.875763356686
69234,0.645708858967
69235,0.962516784668
69236,0.553685426712
69239,0.767075538635
69242,0.917286813259
69244,0.312446981668
69245,0.674464821815
69247,0.822995364666
69249,0.960815906525
69250,0.959786295891
69252,0.654048025608
69253,0.989354729652
69256,0.49769821763
69257,0.830082178116
69258,0.823342621326
69261,0.928992807865
69262,0.882731854916
69263,0.698719322681
69264,0.727121174335
69268,0.759645164013
69269,0.897019028664
69270,0.922048270702
69271,0.439333349466
69272,0.937339544296
69274,0.942370474339
69275,0.951051414013
69276,0.698303818703
69278,0.750294864178
69279,0.979728162289
69280,0.0474995486438
69284,0.756208002567
69285,0.96192741394
69287,0.565958321095
69289,0.830457091331
69291,0.970861017704
69292,0.960999846458
69293,0.931264519691
69297,0.661748170853
69298,0.964158833027
69300,0.54240334034
69302,0.441221803427
69303,0.473307520151
69304,0.709075570107
69306,0.55393153429
69308,0.614179611206
69309,0.959338545799
69311,0.656713724136
69313,0.993271172047
69314,0.829403340816
69315,0.851200997829
69316,0.794570922852
69317,0.782563328743
69320,0.526021122932
69322,0.793045699596
69325,0.852201998234
69326,0.903855323792
69327,0.94892346859
69328,0.339648067951
69330,0.549545764923
69331,0.754192709923
69332,0.963738799095
69334,0.892790734768
69335,0.719039440155
69336,0.0921579301357
69337,0.945456385612
69338,0.723083078861
69340,0.897661685944
69341,0.887110829353
69343,0.594016313553
69344,0.769019961357
69345,0.791312932968
69346,0.886446118355
69349,0.781559884548
69354,0.961790502071
69356,0.64515542984
69361,0.856544673443
69364,0.570173501968
69366,0.751213312149
69368,0.776239871979
69369,0.975425422192
69370,0.759395778179
69374,0.951991379261
69375,0.915929198265
69378,0.0421786680818
69379,0.614683628082
69380,0.590176701546
69381,0.905922710896
69389,0.615104854107
69392,0.944600641727
69394,0.977294325829
69398,0.939951479435
69403,0.932724118233
69410,0.781613171101
69412,0.932854473591
69414,0.369703054428
69415,0.842582166195
69417,0.87221044302
69418,0.871366620064
69425,0.651595592499
69426,0.941410005093
69430,0.613055825233
69436,0.913226604462
69437,0.841794312
69438,0.974742412567
69439,0.959108352661
69441,0.985305249691
69443,0.713371694088
69446,0.803571939468
69447,0.961223244667
69448,0.657227575779
69449,0.917622745037
69453,0.897916972637
69455,0.971079826355
69458,0.673939704895
69460,0.957566022873
69461,0.986610591412
69462,0.788966476917
69463,0.742098331451
69466,0.150747686625
69467,0.941930115223
69468,0.83690571785
69469,0.847630381584
69470,0.680325269699
69473,0.721610069275
69474,0.829292178154
69475,0.963102817535
69476,0.960831224918
69477,0.990981996059
69478,0.78797608614
69482,0.703517198563
69483,0.842510581017
69490,0.980669975281
69494,0.959407448769
69495,0.534802377224
69497,0.721732318401
69500,0.620166659355
69502,0.757146239281
69503,0.901804506779
69504,0.956791698933
69505,0.669348180294
69506,0.80965000391
69508,0.937533080578
69509,0.814572155476
69511,0.894737899303
69518,0.566572189331
69519,0.638239145279
69523,0.904311299324
69524,0.707719147205
69526,0.725709974766
69528,0.879246413708
69529,0.678508520126
69531,0.773271262646
69541,0.397623747587
69543,0.735793173313
69544,0.892620384693
69545,0.880257070065
69546,0.778057038784
69547,0.495871454477
69548,0.840727627277
69551,0.884886741638
69553,0.762293100357
69556,0.97091537714
69558,0.827205777168
69561,0.429187893867
69563,0.804393529892
69565,0.883356690407
69568,0.80930942297
69569,0.272834181786
69570,0.699183940887
69571,0.976574599743
69574,0.938243150711
69576,0.97045892477
69577,0.838921010494
69579,0.822493433952
69586,0.848253786564
69587,0.922985255718
69589,0.691513180733
69590,0.486573040485
69594,0.906761944294
69595,0.836665034294
69596,0.960180819035
69597,0.975870847702
69598,0.701579034328
69599,0.577231824398
69600,0.701120138168
69603,0.938380122185
69604,0.985868930817
69605,0.650777935982
69606,0.617682039738
69607,0.942261993885
69609,0.572741270065
69610,0.164977267385
69614,0.970651805401
69616,0.891092717648
69619,0.606324076653
69620,0.879932045937
69621,0.828616380692
69622,0.630797445774
69623,0.560415387154
69625,0.820771276951
69627,0.793623924255
69629,0.895545899868
69630,0.81764370203
69631,0.865559339523
69640,0.82425403595
69642,0.934631764889
69643,0.979128062725
69644,0.896057605743
69646,0.797617614269
69650,0.983269453049
69651,0.985122084618
69653,0.783132553101
69655,0.919327139854
69656,0.833695888519
69657,0.919602572918
69661,0.893394768238
69663,0.845820307732
69665,0.820949137211
69668,0.98985517025
69669,0.868774592876
69672,0.723007142544
69674,0.841779410839
69676,0.961216032505
69677,0.722815275192
69678,0.752844691277
69679,0.988830029964
69680,0.815912127495
69681,0.742085158825
69682,0.95290017128
69684,0.888904988766
69685,0.898651182652
69686,0.844785809517
69688,0.664998531342
69689,0.982697188854
69690,0.803498983383
69694,0.64079272747
69695,0.89388859272
69697,0.887111663818
69700,0.91650557518
69702,0.743617475033
69704,0.740648269653
69708,0.828202426434
69710,0.922835707664
69716,0.617485105991
69717,0.0973825156689
69718,0.818111181259
69724,0.895151436329
69727,0.869264185429
69728,0.512560904026
69731,0.976573348045
69734,0.889887869358
69735,0.850041508675
69736,0.500704348087
69738,0.789217293262
69740,0.887932002544
69744,0.868298351765
69748,0.596269607544
69752,0.864726483822
69753,0.856486976147
69765,0.749740839005
69766,0.773859918118
69767,0.800686299801
69769,0.863099396229
69773,0.830409705639
69774,0.869917750359
69776,0.956842303276
69779,0.883179724216
69780,0.933795690536
69781,0.591269016266
69782,0.827971458435
69784,0.871896147728
69786,0.962385892868
69789,0.336112648249
69791,0.771466016769
69792,0.727315604687
69794,0.57397300005
69795,0.893457472324
69798,0.640678524971
69800,0.972437858582
69803,0.853091359138
69804,0.984065949917
69805,0.987869679928
69807,0.903644323349
69808,0.661118626595
69809,0.844606339931
69811,0.948706626892
69812,0.730619490147
69816,0.889426589012
69817,0.961302340031
69823,0.789065480232
69824,0.89893835783
69826,0.978297114372
69828,0.780769348145
69830,0.890874147415
69831,0.616639196873
69832,0.648696005344
69833,0.778950095177
69834,0.932863295078
69839,0.729815721512
69840,0.799031317234
69841,0.951282322407
69843,0.831952095032
69844,0.280970990658
69849,0.303901165724
69850,0.936243414879
69851,0.985768735409
69856,0.972950935364
69858,0.814875602722
69860,0.726396799088
69861,0.373382776976
69863,0.977277815342
69864,0.850543797016
69866,0.971832334995
69868,0.723705887794
69875,0.566422641277
69876,0.501563072205
69877,0.629653394222
69880,0.555058002472
69881,0.876642167568
69882,0.853080809116
69883,0.786181628704
69886,0.422616809607
69887,0.984468519688
69890,0.991340219975
69891,0.986579358578
69893,0.954419732094
69896,0.984785079956
69897,0.823255717754
69899,0.811676323414
69900,0.705800354481
69901,0.982943296432
69905,0.660494327545
69906,0.38519731164
69907,0.878292620182
69910,0.945575296879
69913,0.42519775033
69918,0.238573312759
69921,0.834566056728
69922,0.763629078865
69924,0.491138190031
69925,0.733334183693
69928,0.931879222393
69930,0.436638146639
69931,0.434173107147
69932,0.874257862568
69933,0.784332573414
69934,0.635126292706
69936,0.720588088036
69937,0.61446762085
69938,0.934991598129
69940,0.613866627216
69943,0.953644633293
69945,0.899504780769
69949,0.571340739727
69951,0.799901843071
69952,0.901103913784
69953,0.952377617359
69955,0.935807168484
69956,0.598647177219
69957,0.472422927618
69958,0.886472046375
69959,0.911583960056
69962,0.632081449032
69963,0.542236149311
69965,0.926119923592
69968,0.917392551899
69970,0.722994923592
69974,0.877808392048
69975,0.225981816649
69977,0.784327208996
69981,0.933121681213
69982,0.78580147028
69984,0.560415267944
69985,0.975711345673
69987,0.909160375595
69988,0.436126232147
69989,0.859593272209
69990,0.789418518543
69991,0.547690570354
69992,0.88911896944
69996,0.849739849567
69997,0.865363776684
69998,0.885320723057
69999,0.530685067177
70003,0.639633238316
70004,0.767343878746
70005,0.977083861828
70006,0.826792299747
70007,0.826305747032
70015,0.743003904819
70016,0.989173531532
70018,0.814283549786
70020,0.583883881569
70025,0.708582639694
70027,0.895492076874
70031,0.302111923695
70034,0.717595219612
70037,0.520827770233
70041,0.813892662525
70045,0.869502067566
70046,0.92895680666
70047,0.811309158802
70048,0.63892531395
70050,0.523600161076
70052,0.114915385842
70053,0.816646695137
70055,0.541555345058
70056,0.695427000523
70057,0.943156659603
70064,0.794120371342
70065,0.965115666389
70066,0.813456535339
70068,0.194291904569
70069,0.827818751335
70071,0.774743974209
70076,0.327043861151
70077,0.885888159275
70078,0.830367982388
70079,0.172078996897
70080,0.831206738949
70081,0.902101635933
70082,0.753514528275
70088,0.987554848194
70089,0.767267405987
70090,0.484952628613
70091,0.726083993912
70094,0.0723664984107
70095,0.71926254034
70096,0.955472588539
70100,0.955361306667
70103,0.96865093708
70106,0.790418446064
70107,0.953231275082
70108,0.976316392422
70109,0.785625874996
70110,0.867001056671
70112,0.819784164429
70114,0.778460800648
70115,0.691520869732
70116,0.690340816975
70119,0.891723513603
70120,0.908766508102
70121,0.976772129536
70123,0.883429467678
70125,0.823923707008
70126,0.151779800653
70129,0.215167701244
70130,0.970165848732
70133,0.737843036652
70134,0.736588120461
70135,0.870341598988
70136,0.459575712681
70139,0.946791827679
70143,0.916366517544
70145,0.979407191277
70151,0.686282038689
70153,0.752489030361
70155,0.927116572857
70157,0.963052153587
70158,0.744251012802
70160,0.741570055485
70162,0.928825736046
70163,0.90084451437
70164,0.364719212055
70165,0.810846447945
70166,0.906367301941
70168,0.920664489269
70170,0.833247065544
70174,0.935755133629
70177,0.969854831696
70180,0.866641700268
70183,0.431966811419
70184,0.304179489613
70186,0.503766357899
70187,0.918782293797
70192,0.645179986954
70197,0.504773736
70199,0.339445710182
70200,0.857013821602
70202,0.766581892967
70204,0.710298776627
70205,0.807459831238
70206,0.853811562061
70216,0.946168005466
70217,0.874066352844
70218,0.337702095509
70221,0.714261412621
70226,0.873948514462
70228,0.77051615715
70229,0.831876635551
70232,0.941344618797
70235,0.772900700569
70236,0.667342960835
70237,0.976635813713
70240,0.973589420319
70241,0.682147681713
70243,0.964064538479
70245,0.776035785675
70247,0.649753510952
70250,0.85276132822
70251,0.510851562023
70252,0.835967421532
70255,0.790914833546
70256,0.94507676363
70258,0.802271187305
70262,0.925420880318
70263,0.924869000912
70266,0.989663660526
70268,0.770294189453
70269,0.867735862732
70270,0.932451605797
70271,0.968456089497
70272,0.582733929157
70275,0.540073215961
70277,0.957654297352
70278,0.676993191242
70279,0.76600331068
70280,0.803738176823
70281,0.61868751049
70282,0.976269125938
70284,0.462548732758
70285,0.444487124681
70286,0.869505047798
70287,0.472374290228
70288,0.871338844299
70289,0.921058654785
70290,0.990654885769
70292,0.708058357239
70293,0.954961717129
70294,0.975205004215
70295,0.947532117367
70296,0.748224794865
70302,0.719173133373
70304,0.899226427078
70308,0.85461384058
70310,0.679271519184
70313,0.756769478321
70317,0.843199372292
70318,0.762083292007
70321,0.527925729752
70322,0.955192148685
70328,0.720538437366
70329,0.937296867371
70330,0.73829549551
70332,0.791757166386
70334,0.640371024609
70335,0.63466489315
70337,0.905674755573
70339,0.819751799107
70342,0.926252841949
70346,0.675152361393
70348,0.950461924076
70349,0.768785893917
70355,0.666015446186
70358,0.584918916225
70360,0.774525702
70361,0.711526930332
70363,0.956390500069
70364,0.572333931923
70365,0.846154630184
70366,0.751042366028
70368,0.814966857433
70369,0.981634795666
70370,0.535724639893
70375,0.895949661732
70378,0.825959861279
70380,0.424371004105
70382,0.979885518551
70384,0.739832282066
70387,0.766663014889
70388,0.638346135616
70389,0.895612180233
70393,0.850486159325
70395,0.855916678905
70397,0.356994926929
70400,0.980645000935
70402,0.186934530735
70406,0.662144303322
70407,0.704193651676
70410,0.756519019604
70411,0.946675360203
70412,0.375755161047
70416,0.443163454533
70417,0.913631856441
70420,0.963012456894
70421,0.691446840763
70423,0.668059289455
70424,0.824143707752
70426,0.190582245588
70428,0.734135866165
70430,0.976510286331
70433,0.807674944401
70434,0.1499684304
70436,0.885285139084
70441,0.874883711338
70442,0.53908187151
70444,0.977750360966
70446,0.830142915249
70447,0.971845984459
70448,0.855816423893
70449,0.969719052315
70450,0.527102291584
70451,0.833541691303
70452,0.657291710377
70453,0.882516026497
70458,0.662795841694
70461,0.501261413097
70464,0.926796674728
70465,0.612407147884
70466,0.876199305058
70467,0.936101198196
70469,0.651677310467
70470,0.930407822132
70472,0.687047958374
70474,0.640230059624
70477,0.119322873652
70481,0.985786437988
70483,0.309279322624
70485,0.988920807838
70488,0.94122505188
70491,0.662614405155
70493,0.737503170967
70494,0.871748924255
70495,0.881105780602
70496,0.914574861526
70497,0.817058324814
70498,0.717027425766
70499,0.964811205864
70505,0.911829471588
70508,0.84767717123
70509,0.588776886463
70512,0.374353379011
70513,0.584949016571
70515,0.66789907217
70516,0.841563045979
70517,0.735061347485
70520,0.953182995319
70521,0.85228151083
70522,0.97164607048
70525,0.941547870636
70532,0.841099619865
70533,0.699409842491
70534,0.52412879467
70535,0.829850018024
70536,0.965599179268
70538,0.637296617031
70539,0.889829814434
70541,0.727309405804
70544,0.947387218475
70547,0.75162088871
70548,0.727603375912
70551,0.26678776741
70553,0.897434055805
70558,0.766693472862
70559,0.958185911179
70560,0.882819116116
70561,0.973792076111
70562,0.955460965633
70564,0.85227304697
70565,0.966231584549
70566,0.846498787403
70570,0.879745543003
70572,0.935272395611
70574,0.737075686455
70575,0.912150859833
70576,0.564518153667
70577,0.861513257027
70579,0.786298394203
70588,0.735321938992
70590,0.913973748684
70592,0.399425327778
70594,0.897771596909
70596,0.927840828896
70599,0.979698061943
70600,0.989060521126
70601,0.79706966877
70602,0.820406973362
70603,0.913342416286
70604,0.581184983253
70608,0.893263578415
70610,0.542732059956
70611,0.599744319916
70612,0.901995062828
70615,0.900982737541
70617,0.915928006172
70618,0.4049705863
70619,0.829577147961
70620,0.685829460621
70622,0.97360432148
70626,0.848967790604
70627,0.574347257614
70629,0.809767782688
70630,0.763869702816
70631,0.908783614635
70634,0.972749471664
70635,0.479509919882
70639,0.86398088932
70641,0.87058365345
70644,0.74445015192
70645,0.440824687481
70646,0.970050871372
70648,0.874608337879
70649,0.988307058811
70651,0.664836287498
70652,0.906694591045
70660,0.641654849052
70661,0.793902337551
70662,0.916185677052
70666,0.662637412548
70668,0.773832678795
70670,0.326901733875
70671,0.52110439539
70672,0.922541201115
70673,0.812934696674
70675,0.928342103958
70676,0.720260977745
70678,0.973020613194
70679,0.762348949909
70683,0.856659948826
70686,0.970279991627
70687,0.841268241405
70688,0.354821264744
70689,0.563298940659
70690,0.938375651836
70691,0.713771760464
70692,0.75211840868
70694,0.974767565727
70695,0.621104598045
70698,0.954724013805
70699,0.660755038261
70701,0.582679629326
70702,0.792423903942
70703,0.899741470814
70705,0.90747576952
70707,0.662802219391
70708,0.352225363255
70711,0.978132605553
70713,0.738363087177
70714,0.539112150669
70717,0.896817147732
70718,0.927676677704
70719,0.934092581272
70720,0.694615781307
70721,0.760152280331
70724,0.845962166786
70725,0.84890037775
70726,0.748015999794
70727,0.80301129818
70728,0.902442932129
70729,0.97514629364
70731,0.73393881321
70733,0.78416967392
70735,0.951221585274
70736,0.460061579943
70737,0.908897340298
70740,0.761531412601
70743,0.851223111153
70744,0.657678306103
70746,0.833623886108
70747,0.941910326481
70749,0.859466612339
70750,0.929641604424
70751,0.894345521927
70753,0.636130571365
70755,0.912587463856
70756,0.955593287945
70760,0.820777893066
70762,0.653445243835
70764,0.472819268703
70765,0.824010789394
70766,0.472452878952
70771,0.605413198471
70774,0.858975172043
70775,0.516549229622
70777,0.843774497509
70780,0.935825824738
70781,0.716503381729
70785,0.668981909752
70787,0.95483237505
70788,0.983741641045
70789,0.720572590828
70790,0.857764303684
70793,0.804847240448
70794,0.936113834381
70795,0.559910953045
70796,0.891986548901
70797,0.707990825176
70800,0.53758174181
70801,0.987634718418
70806,0.943504393101
70809,0.934851884842
70812,0.806292831898
70813,0.283384531736
70816,0.919559776783
70819,0.882715880871
70821,0.946114063263
70823,0.9632127285
70824,0.574372470379
70826,0.783003985882
70830,0.798756837845
70831,0.847332954407
70832,0.978461325169
70833,0.622701525688
70834,0.473336994648
70837,0.83128875494
70838,0.613987863064
70842,0.863007307053
70843,0.424223959446
70844,0.262415736914
70846,0.84119361639
70847,0.714899003506
70850,0.830328404903
70851,0.80720102787
70853,0.886132240295
70854,0.817384123802
70855,0.0637592747808
70859,0.856415688992
70861,0.943828999996
70867,0.990458726883
70869,0.918876647949
70870,0.0989210382104
70871,0.928693890572
70874,0.973365724087
70876,0.792780458927
70878,0.877664923668
70883,0.974824011326
70885,0.893921911716
70886,0.966351807117
70892,0.937300741673
70894,0.711519181728
70895,0.832011818886
70896,0.799902439117
70897,0.960433661938
70905,0.870395421982
70906,0.700352013111
70908,0.920043408871
70909,0.371773958206
70911,0.991282463074
70915,0.883200824261
70921,0.138044148684
70924,0.947466492653
70926,0.895834982395
70927,0.755057275295
70929,0.940758049488
70931,0.765764772892
70933,0.635356783867
70936,0.643193483353
70938,0.674071311951
70939,0.88672721386
70941,0.802266836166
70948,0.857436060905
70949,0.80259013176
70950,0.960995793343
70951,0.377147823572
70953,0.975916683674
70955,0.848269641399
70959,0.808147072792
70960,0.94830173254
70965,0.587865114212
70970,0.9337490201
70972,0.291611015797
70975,0.894879996777
70976,0.828298449516
70977,0.240469157696
70978,0.780455470085
70979,0.985038995743
70980,0.699277818203
70981,0.941033542156
70982,0.500193238258
70983,0.860626578331
70986,0.967346251011
70988,0.814820945263
70990,0.941051900387
70993,0.889334082603
70994,0.836131572723
70996,0.866987586021
71000,0.898917078972
71001,0.917500078678
71003,0.754225313663
71007,0.779834091663
71009,0.980807244778
71011,0.653549075127
71012,0.728674590588
71013,0.988129496574
71014,0.95122641325
71018,0.861593604088
71019,0.943661570549
71020,0.71370524168
71021,0.920961380005
71023,0.60760974884
71025,0.985160946846
71030,0.917720735073
71031,0.879515588284
71032,0.863930583
71034,0.876730561256
71035,0.76507806778
71037,0.934414803982
71039,0.601568698883
71042,0.976470351219
71043,0.925732374191
71045,0.821533560753
71049,0.966606020927
71050,0.941278934479
71051,0.661864697933
71052,0.0986546501517
71053,0.844552338123
71054,0.748650491238
71055,0.792546749115
71056,0.787908494473
71058,0.75870102644
71060,0.92544811964
71061,0.974362134933
71063,0.939929127693
71064,0.814257264137
71066,0.676248967648
71067,0.889176726341
71069,0.934839785099
71072,0.915785610676
71075,0.899816453457
71077,0.529911458492
71078,0.882357954979
71080,0.876052856445
71081,0.875585496426
71082,0.371464401484
71084,0.778892755508
71086,0.711183607578
71087,0.875967025757
71088,0.922047555447
71090,0.89741975069
71091,0.962271094322
71093,0.595590293407
71095,0.739243209362
71096,0.78204870224
71097,0.937297046185
71100,0.991891384125
71102,0.978680729866
71103,0.46603423357
71104,0.71403157711
71105,0.579306721687
71115,0.931616127491
71120,0.841303884983
71122,0.978188514709
71124,0.905219852924
71127,0.777860343456
71131,0.80322009325
71133,0.798607647419
71135,0.632489264011
71137,0.970583438873
71138,0.95577698946
71139,0.879346907139
71140,0.848383069038
71141,0.741435050964
71145,0.692312955856
71146,0.968427360058
71147,0.891657054424
71150,0.780995428562
71151,0.825160264969
71155,0.931123077869
71156,0.947063684464
71158,0.966173827648
71159,0.578045189381
71162,0.990214049816
71163,0.546932578087
71164,0.615136861801
71165,0.802228569984
71167,0.931128978729
71168,0.724415838718
71171,0.932130515575
71177,0.666569411755
71178,0.879974246025
71179,0.289602726698
71180,0.791567802429
71181,0.841248750687
71182,0.826521277428
71183,0.0697916597128
71184,0.79171615839
71185,0.380742579699
71186,0.927739679813
71190,0.786164045334
71192,0.934438347816
71193,0.964649021626
71194,0.763287365437
71197,0.871088922024
71198,0.690017402172
71199,0.52785217762
71202,0.68799841404
71203,0.803539454937
71205,0.884374797344
71207,0.737588226795
71208,0.4955971241
71212,0.55585950613
71214,0.493817478418
71216,0.884799301624
71217,0.928875207901
71222,0.92027759552
71224,0.57773578167
71228,0.562895894051
71231,0.815149307251
71236,0.832294404507
71239,0.934369444847
71241,0.783499479294
71243,0.819994449615
71244,0.886294960976
71245,0.850589156151
71247,0.406797140837
71257,0.803959310055
71259,0.581160306931
71260,0.986068367958
71267,0.949484705925
71269,0.900808095932
71270,0.759510755539
71274,0.650073409081
71280,0.912208855152
71281,0.816198647022
71288,0.924916923046
71289,0.676810622215
71292,0.934121072292
71293,0.878831267357
71294,0.627770960331
71295,0.976231753826
71298,0.643054366112
71303,0.68443518877
71306,0.507350444794
71307,0.344270884991
71309,0.518966913223
71310,0.747497022152
71311,0.762346804142
71312,0.484431058168
71313,0.288702338934
71314,0.835742652416
71318,0.863000273705
71323,0.797869622707
71325,0.599373102188
71326,0.778100609779
71329,0.540410637856
71331,0.652351140976
71334,0.852701067924
71338,0.0959252864122
71340,0.955345511436
71341,0.97734618187
71343,0.793353438377
71344,0.704791665077
71346,0.656004011631
71349,0.531028807163
71350,0.814574182034
71353,0.924843609333
71358,0.884302794933
71359,0.936598598957
71360,0.652771353722
71361,0.915122151375
71362,0.8558806777
71367,0.844025313854
71369,0.432690024376
71370,0.836240172386
71371,0.664756834507
71373,0.217380598187
71375,0.794657945633
71377,0.81449174881
71379,0.751786768436
71380,0.656791567802
71382,0.762287974358
71384,0.75367975235
71385,0.820370316505
71386,0.94120657444
71387,0.858136236668
71390,0.890078127384
71392,0.843692958355
71393,0.706371605396
71396,0.902623772621
71397,0.587617099285
71398,0.961831212044
71399,0.68848991394
71400,0.984358072281
71404,0.876890301704
71405,0.892550587654
71413,0.498906493187
71416,0.851044774055
71417,0.780783951283
71419,0.947566390038
71420,0.55541819334
71424,0.983254373074
71425,0.810631275177
71428,0.483704358339
71429,0.977945148945
71431,0.827641487122
71433,0.955622494221
71434,0.953359901905
71436,0.760261416435
71438,0.895408630371
71445,0.681082308292
71447,0.939139604568
71448,0.683633029461
71449,0.864880442619
71450,0.372597694397
71458,0.8166051507
71461,0.588369309902
71462,0.667838335037
71463,0.628324687481
71466,0.914877295494
71467,0.890334784985
71468,0.982712745667
71472,0.207432284951
71473,0.90800845623
71480,0.90846580267
71482,0.678989112377
71484,0.627171874046
71487,0.696099996567
71491,0.860159039497
71495,0.825326383114
71496,0.87777531147
71506,0.932689130306
71507,0.910257399082
71508,0.403712809086
71509,0.848193466663
71511,0.956096410751
71512,0.79537987709
71514,0.706454217434
71518,0.326126754284
71520,0.618169903755
71521,0.827573180199
71522,0.410716742277
71523,0.292797148228
71524,0.704693973064
71526,0.535837233067
71528,0.699688851833
71530,0.83328974247
71531,0.379985690117
71532,0.556106448174
71534,0.599135041237
71536,0.530769705772
71541,0.715637743473
71543,0.652071177959
71545,0.856078445911
71546,0.754829704762
71547,0.86729991436
71550,0.962016522884
71552,0.579569101334
71553,0.955557823181
71554,0.903431892395
71556,0.167082920671
71560,0.499831795692
71561,0.623479604721
71566,0.931578576565
71567,0.945905923843
71568,0.896123945713
71569,0.666789591312
71570,0.92096298933
71573,0.898765802383
71575,0.12633600831
71576,0.964508593082
71579,0.735097825527
71581,0.860593736172
71582,0.977791011333
71583,0.710021257401
71585,0.46883136034
71587,0.631606459618
71588,0.728482842445
71593,0.985497832298
71594,0.936165452003
71597,0.826517343521
71600,0.798219323158
71602,0.852085053921
71605,0.949241638184
71606,0.514839410782
71610,0.925321936607
71613,0.636606872082
71614,0.813440561295
71615,0.561771810055
71617,0.775989592075
71618,0.958875894547
71619,0.701291203499
71622,0.446980476379
71630,0.74665594101
71631,0.426456540823
71633,0.906199395657
71634,0.763256549835
71635,0.919263243675
71636,0.736823558807
71637,0.575142204762
71638,0.885140657425
71640,0.856987655163
71641,0.732462584972
71642,0.818448841572
71645,0.637880921364
71647,0.991722047329
71648,0.57077974081
71649,0.590265095234
71651,0.936479091644
71652,0.733043730259
71653,0.615417957306
71654,0.660390496254
71655,0.934772074223
71661,0.623364567757
71663,0.587994754314
71664,0.813308894634
71665,0.615346848965
71666,0.971532702446
71667,0.728404760361
71671,0.507092654705
71672,0.869700372219
71673,0.810501754284
71675,0.955001473427
71677,0.882997334003
71679,0.718871891499
71680,0.935036718845
71682,0.80810970068
71684,0.716420948505
71687,0.920614778996
71690,0.654773056507
71691,0.817745864391
71693,0.923670053482
71695,0.35800459981
71697,0.714309036732
71702,0.648734271526
71708,0.924578785896
71710,0.765637934208
71711,0.525423288345
71714,0.918596923351
71715,0.929865121841
71716,0.861504435539
71717,0.618956625462
71721,0.576167821884
71722,0.889995992184
71725,0.784325301647
71726,0.941075861454
71728,0.736455619335
71729,0.450074523687
71730,0.918076097965
71731,0.725030004978
71732,0.646948039532
71733,0.517291903496
71734,0.765298068523
71736,0.658221900463
71737,0.89836025238
71738,0.929537177086
71739,0.9397392869
71740,0.355808258057
71743,0.826845109463
71745,0.963635087013
71746,0.614334642887
71748,0.556052982807
71751,0.811588406563
71752,0.981684982777
71753,0.430914074183
71754,0.61782848835
71755,0.946040689945
71758,0.818967163563
71759,0.942184209824
71761,0.800121307373
71762,0.908442020416
71763,0.787862300873
71764,0.722933650017
71765,0.872148990631
71767,0.61071395874
71770,0.951740145683
71771,0.674929320812
71773,0.841743588448
71774,0.991228342056
71779,0.982340335846
71782,0.820769429207
71783,0.747526049614
71785,0.539852678776
71788,0.787313520908
71790,0.600694954395
71792,0.953564703465
71797,0.848240494728
71799,0.937088489532
71800,0.698128581047
71801,0.27986189723
71803,0.757553339005
71805,0.956753194332
71806,0.917364060879
71807,0.923762023449
71809,0.881046175957
71810,0.8230727911
71812,0.87633651495
71813,0.927323043346
71814,0.549272179604
71815,0.678936064243
71819,0.569783687592
71821,0.869974911213
71822,0.593695640564
71828,0.681090950966
71831,0.920267403126
71832,0.376893699169
71835,0.298459410667
71838,0.487341314554
71839,0.756457924843
71842,0.820965886116
71843,0.724477767944
71846,0.726139247417
71847,0.864015638828
71848,0.985522508621
71849,0.553577423096
71855,0.987529397011
71857,0.757252454758
71860,0.762045681477
71861,0.951213240623
71863,0.810742020607
71864,0.930067718029
71869,0.961262822151
71870,0.993936479092
71871,0.782112896442
71872,0.936786234379
71873,0.96552413702
71874,0.942763745785
71875,0.910208106041
71876,0.631512105465
71879,0.71089220047
71885,0.368677586317
71887,0.841618537903
71889,0.861122906208
71890,0.89466124773
71891,0.958162486553
71893,0.963406980038
71896,0.609164774418
71897,0.909060180187
71901,0.838702023029
71903,0.924947500229
71906,0.888099610806
71908,0.985068619251
71909,0.637289822102
71910,0.972001612186
71911,0.530360460281
71915,0.829982161522
71916,0.968854188919
71917,0.918336510658
71918,0.651206612587
71919,0.95064163208
71920,0.710777819157
71924,0.971442520618
71926,0.983354866505
71928,0.763368606567
71929,0.858780443668
71930,0.549348592758
71932,0.846155762672
71933,0.787439525127
71934,0.659395039082
71937,0.734788477421
71939,0.74289047718
71943,0.622436523438
71944,0.835721969604
71947,0.93462407589
71949,0.780533969402
71951,0.713119447231
71953,0.884459853172
71955,0.972477793694
71958,0.92132127285
71959,0.863112330437
71961,0.836910784245
71963,0.920853197575
71966,0.90787178278
71967,0.951941549778
71968,0.938798308372
71977,0.674867272377
71978,0.733467102051
71979,0.992416858673
71980,0.867423415184
71981,0.77264559269
71982,0.967167794704
71988,0.718688547611
71989,0.565449416637
71992,0.842345178127
71993,0.783035516739
71994,0.822990655899
71996,0.892685174942
71997,0.718798220158
72000,0.923026621342
72001,0.863316118717
72002,0.956429302692
72003,0.732661604881
72004,0.903706729412
72006,0.744654595852
72010,0.73395127058
72012,0.883712291718
72014,0.648748457432
72016,0.78709423542
72020,0.76244533062
72023,0.853380799294
72025,0.900566756725
72028,0.831269919872
72029,0.764595329762
72030,0.985175192356
72032,0.685874640942
72033,0.939173638821
72034,0.9219789505
72036,0.531899452209
72037,0.838620424271
72038,0.927534401417
72040,0.963338911533
72041,0.86019551754
72044,0.73882240057
72045,0.769294857979
72048,0.838281691074
72049,0.771797060966
72050,0.584296107292
72052,0.801321983337
72053,0.961777508259
72055,0.76561653614
72057,0.915168166161
72058,0.936567783356
72062,0.381138473749
72063,0.346059262753
72066,0.746594011784
72067,0.762925326824
72070,0.78754901886
72071,0.865519225597
72072,0.756162047386
72074,0.704245448112
72075,0.960549116135
72076,0.813310623169
72081,0.956089437008
72086,0.818855166435
72087,0.852683663368
72091,0.959857463837
72092,0.671928286552
72097,0.96617180109
72099,0.690331220627
72100,0.893624305725
72101,0.976601779461
72104,0.574118614197
72105,0.945475041866
72107,0.969932854176
72109,0.779588520527
72111,0.765489399433
72112,0.933953225613
72114,0.599193036556
72115,0.703633129597
72116,0.916770517826
72120,0.986359417439
72122,0.827664673328
72123,0.694724857807
72124,0.913527131081
72125,0.52601069212
72128,0.914530336857
72129,0.848712801933
72131,0.710665404797
72134,0.771996676922
72137,0.731833279133
72141,0.613770604134
72142,0.624455273151
72144,0.786242008209
72147,0.950350821018
72149,0.978978693485
72150,0.63052624464
72151,0.917071282864
72153,0.877781152725
72154,0.888392806053
72156,0.906937897205
72158,0.353913456202
72163,0.410446792841
72168,0.870669484138
72169,0.640839636326
72171,0.772806048393
72172,0.947868287563
72173,0.595419347286
72176,0.576673746109
72178,0.967550098896
72179,0.991045176983
72184,0.932470977306
72186,0.769280016422
72187,0.974224090576
72190,0.971851825714
72193,0.588135957718
72195,0.770893990993
72197,0.903761446476
72200,0.658939361572
72201,0.777787864208
72204,0.719618558884
72205,0.753536999226
72206,0.506451427937
72207,0.325534701347
72208,0.704877793789
72210,0.673095583916
72211,0.978899419308
72214,0.859070539474
72215,0.935987591743
72218,0.609227716923
72219,0.961502254009
72221,0.729255199432
72223,0.559594452381
72224,0.713678896427
72230,0.597793579102
72231,0.66401720047
72233,0.8577734828
72235,0.906774580479
72238,0.819529354572
72240,0.135632425547
72241,0.704472720623
72243,0.795574903488
72245,0.932370662689
72246,0.832826197147
72249,0.7924259305
72251,0.710381627083
72252,0.94919526577
72255,0.144488930702
72258,0.728224694729
72260,0.438801825047
72261,0.913161933422
72262,0.984531342983
72263,0.73555970192
72268,0.832906544209
72270,0.935435771942
72271,0.895585596561
72272,0.931798040867
72274,0.843396782875
72275,0.357215493917
72276,0.686812698841
72277,0.966834962368
72279,0.902943491936
72280,0.719340622425
72289,0.371840953827
72291,0.799884200096
72292,0.939183533192
72295,0.910989761353
72296,0.9462698102
72297,0.961117327213
72300,0.882241606712
72301,0.406110584736
72304,0.44125905633
72305,0.317805588245
72308,0.983760654926
72314,0.909590780735
72319,0.270741850138
72321,0.963012158871
72323,0.945062279701
72324,0.296376913786
72327,0.895698964596
72333,0.673785150051
72334,0.577860414982
72335,0.723364651203
72337,0.975092768669
72338,0.839720249176
72339,0.463505864143
72341,0.875902354717
72342,0.564776182175
72344,0.865571856499
72345,0.727764308453
72349,0.916751265526
72351,0.924551665783
72352,0.793711304665
72353,0.196691900492
72355,0.948752522469
72356,0.989614963531
72358,0.908712029457
72359,0.739724934101
72360,0.860778450966
72361,0.766319036484
72363,0.810715198517
72364,0.969519019127
72366,0.958220779896
72368,0.921118319035
72369,0.971731007099
72370,0.791705727577
72372,0.981792032719
72373,0.783785283566
72374,0.966819226742
72375,0.684768259525
72376,0.911940097809
72377,0.975687146187
72378,0.993117451668
72381,0.921944499016
72382,0.963812768459
72383,0.817251682281
72385,0.653290092945
72386,0.973365068436
72387,0.823531925678
72390,0.630251169205
72391,0.904834270477
72393,0.896094441414
72400,0.633823573589
72401,0.740202903748
72404,0.287294089794
72406,0.12540499866
72407,0.737474620342
72408,0.895978987217
72409,0.846769094467
72412,0.906364560127
72414,0.839195668697
72416,0.922922432423
72418,0.473101913929
72420,0.96422046423
72421,0.609441995621
72423,0.575169920921
72424,0.682566821575
72425,0.881236374378
72427,0.925579369068
72430,0.806556761265
72431,0.67433899641
72432,0.850386619568
72440,0.939243912697
72443,0.887931346893
72445,0.723098039627
72446,0.949894845486
72447,0.714760005474
72452,0.944588720798
72454,0.403124839067
72455,0.570519924164
72456,0.445093035698
72457,0.938023269176
72458,0.97563803196
72460,0.904994130135
72463,0.631306171417
72464,0.655881524086
72465,0.852360725403
72470,0.786458730698
72471,0.923239409924
72472,0.656994700432
72476,0.768339395523
72477,0.538852393627
72479,0.926010847092
72481,0.707010626793
72482,0.439728617668
72483,0.975740075111
72486,0.990997433662
72487,0.616715252399
72496,0.896659970284
72497,0.53689044714
72500,0.78201854229
72504,0.9174669981
72505,0.570710361004
72506,0.72646689415
72507,0.160043179989
72508,0.871056139469
72509,0.806883513927
72510,0.682803690434
72513,0.858814239502
72514,0.972237467766
72515,0.756754815578
72516,0.77010434866
72517,0.510755836964
72519,0.614865958691
72521,0.769304633141
72524,0.677304685116
72526,0.68216073513
72527,0.674085438251
72528,0.802708745003
72529,0.617534697056
72532,0.496607929468
72536,0.382680058479
72537,0.960753083229
72538,0.802775800228
72539,0.836292684078
72541,0.669860243797
72543,0.575829803944
72545,0.835545003414
72548,0.963545203209
72549,0.930102944374
72550,0.858938336372
72552,0.78324007988
72554,0.724004626274
72555,0.765393853188
72556,0.540290057659
72557,0.896078467369
72558,0.895538747311
72560,0.974233925343
72564,0.719550251961
72565,0.0613042525947
72569,0.845264256001
72570,0.828388869762
72572,0.973994553089
72573,0.893661558628
72575,0.914400517941
72576,0.941047787666
72577,0.666805803776
72578,0.78114014864
72579,0.852051258087
72587,0.848333120346
72589,0.862617969513
72590,0.398286372423
72593,0.653425633907
72596,0.969990313053
72597,0.540303170681
72599,0.287918716669
72600,0.84375679493
72603,0.928717970848
72605,0.631234109402
72606,0.666451931
72607,0.948543787003
72610,0.965081036091
72611,0.727802276611
72612,0.97872364521
72613,0.950737595558
72617,0.77470356226
72618,0.932657182217
72619,0.735628962517
72620,0.726822078228
72621,0.546624422073
72623,0.898762881756
72624,0.502482891083
72625,0.934217274189
72626,0.80213958025
72629,0.798060894012
72630,0.976966440678
72631,0.961343109608
72632,0.880756437778
72633,0.91503816843
72636,0.937369525433
72639,0.816144406796
72643,0.242382153869
72645,0.657928049564
72647,0.864939391613
72653,0.0705602541566
72654,0.982057213783
72657,0.65791618824
72659,0.897521257401
72660,0.83181810379
72662,0.847587049007
72663,0.932746171951
72665,0.771916568279
72666,0.972353219986
72670,0.670280516148
72674,0.274167776108
72675,0.816745460033
72677,0.898879051208
72678,0.929798007011
72679,0.761628448963
72680,0.962921261787
72682,0.329603344202
72683,0.369257718325
72685,0.991028904915
72688,0.334347099066
72694,0.933032631874
72695,0.960546135902
72696,0.973852872849
72697,0.853712379932
72698,0.624393343925
72699,0.70984685421
72700,0.985441029072
72701,0.531548321247
72703,0.590148985386
72704,0.862680435181
72705,0.822178542614
72706,0.920363426208
72708,0.819644570351
72710,0.827414035797
72712,0.988348960876
72713,0.671914935112
72717,0.948801577091
72718,0.917034983635
72719,0.892729818821
72720,0.951818227768
72721,0.95386070013
72722,0.951384365559
72725,0.393049031496
72726,0.795702397823
72729,0.924393832684
72730,0.93906211853
72731,0.720683634281
72734,0.925502538681
72736,0.782149136066
72737,0.923653185368
72742,0.574310541153
72743,0.754155755043
72747,0.853516876698
72748,0.802656173706
72749,0.960809767246
72750,0.870958387852
72753,0.799073636532
72754,0.844199597836
72757,0.630657374859
72758,0.979432821274
72759,0.475959807634
72760,0.621231675148
72764,0.659240961075
72766,0.931171238422
72767,0.677231311798
72768,0.690060853958
72769,0.914129793644
72770,0.527104973793
72771,0.906220853329
72772,0.852321863174
72774,0.980360329151
72776,0.665842890739
72777,0.929613471031
72778,0.396710246801
72780,0.531086027622
72781,0.971962273121
72782,0.511603653431
72784,0.10467839241
72785,0.986565411091
72788,0.833959758282
72790,0.65343606472
72796,0.578935027122
72798,0.98770904541
72799,0.581078410149
72800,0.973887145519
72802,0.98686927557
72804,0.322225093842
72805,0.863429963589
72806,0.853131830692
72808,0.77343827486
72812,0.747485220432
72815,0.767136693001
72819,0.548848032951
72821,0.766405880451
72822,0.773152768612
72823,0.75091189146
72824,0.315996587276
72827,0.623867034912
72832,0.803904294968
72834,0.885563850403
72839,0.759259641171
72840,0.774692893028
72841,0.849173486233
72844,0.92701613903
72848,0.799547433853
72851,0.833322942257
72852,0.929007589817
72854,0.935520648956
72857,0.645227909088
72858,0.890323162079
72862,0.984891355038
72863,0.822019338608
72864,0.907519578934
72871,0.543335556984
72872,0.908742547035
72874,0.644147753716
72875,0.925683021545
72876,0.956371605396
72879,0.606480538845
72883,0.354793012142
72884,0.957024276257
72887,0.801714241505
72888,0.883116900921
72889,0.927190124989
72890,0.833298504353
72892,0.989158391953
72895,0.916568279266
72896,0.913350343704
72902,0.612901508808
72904,0.974149405956
72906,0.800023019314
72909,0.907014906406
72910,0.902579843998
72912,0.985068261623
72913,0.503031134605
72915,0.823409020901
72916,0.644416868687
72917,0.976191520691
72918,0.67991822958
72921,0.76511824131
72922,0.936050653458
72925,0.744488596916
72926,0.439171046019
72927,0.711577892303
72928,0.636295616627
72929,0.915342092514
72934,0.825061261654
72935,0.790198981762
72937,0.874292194843
72939,0.892186224461
72940,0.644076287746
72943,0.946295022964
72945,0.956547856331
72952,0.819482028484
72953,0.736545503139
72959,0.835946083069
72960,0.871536791325
72961,0.598705112934
72962,0.389062017202
72965,0.990373849869
72966,0.89928406477
72967,0.905117094517
72968,0.308374285698
72970,0.825443685055
72972,0.968352496624
72975,0.916474938393
72976,0.639099478722
72979,0.759200870991
72980,0.547688245773
72983,0.758875072002
72985,0.0935743525624
72987,0.929649949074
72988,0.755819380283
72990,0.995603680611
72992,0.854831159115
72994,0.807858884335
72995,0.986747145653
72998,0.890577912331
73000,0.990631580353
73001,0.581141769886
73004,0.848818778992
73005,0.99356585741
73006,0.987975001335
73008,0.986110568047
73009,0.635367929935
73011,0.966171383858
73014,0.951980769634
73015,0.625230312347
73016,0.979368805885
73017,0.687048137188
73018,0.119715310633
73019,0.256879687309
73020,0.918129622936
73021,0.492078274488
73022,0.841269254684
73026,0.69746696949
73033,0.831777691841
73034,0.881903231144
73035,0.553765952587
73037,0.947635114193
73038,0.722658813
73041,0.803515315056
73043,0.620532870293
73044,0.787837028503
73046,0.728555262089
73047,0.583334445953
73048,0.780633807182
73051,0.489942938089
73052,0.743679761887
73054,0.943978488445
73056,0.822156965733
73058,0.799215197563
73059,0.896895229816
73060,0.930516719818
73065,0.926941156387
73071,0.709310114384
73073,0.56153357029
73077,0.624765336514
73078,0.871749281883
73082,0.926543831825
73083,0.840139329433
73084,0.735313117504
73086,0.684214651585
73087,0.972903251648
73088,0.991176724434
73091,0.721317827702
73092,0.954078793526
73093,0.952117562294
73100,0.835816979408
73101,0.451962083578
73105,0.982387661934
73110,0.575287222862
73112,0.775871753693
73113,0.92851626873
73114,0.788024127483
73117,0.960430443287
73120,0.89347910881
73125,0.819686830044
73129,0.810264289379
73130,0.906123816967
73131,0.920334994793
73134,0.790046751499
73135,0.737179994583
73136,0.821189761162
73137,0.86712706089
73138,0.810253441334
73149,0.920008599758
73150,0.59106528759
73152,0.988771736622
73156,0.445279121399
73157,0.808198690414
73158,0.587090432644
73159,0.843915879726
73160,0.797908186913
73162,0.449927270412
73165,0.755658745766
73166,0.543017566204
73167,0.923399209976
73169,0.834016144276
73173,0.97009408474
73178,0.914918839931
73179,0.968496799469
73180,0.917392551899
73181,0.990690946579
73182,0.697894155979
73185,0.780315876007
73187,0.693765997887
73188,0.974384784698
73189,0.967203676701
73190,0.958238840103
73191,0.982846319675
73192,0.371542483568
73195,0.573139548302
73196,0.73604542017
73197,0.869318783283
73199,0.819836318493
73200,0.879306137562
73202,0.82858300209
73206,0.8188778162
73207,0.86731249094
73209,0.928175330162
73210,0.499069869518
73215,0.985295295715
73216,0.94060754776
73217,0.467948615551
73221,0.912227034569
73223,0.884943902493
73225,0.805999875069
73228,0.774118244648
73229,0.881064414978
73230,0.480826556683
73233,0.899666547775
73235,0.820143580437
73240,0.472833424807
73241,0.403636753559
73243,0.687569320202
73244,0.436752527952
73248,0.985153794289
73249,0.107797764242
73251,0.832478761673
73253,0.60807043314
73254,0.621055901051
73256,0.706317543983
73257,0.471635758877
73258,0.827635169029
73260,0.926414251328
73261,0.773209214211
73263,0.817512452602
73264,0.915183663368
73265,0.864175319672
73266,0.478293389082
73269,0.933907330036
73270,0.678357958794
73271,0.914208889008
73272,0.979484081268
73274,0.750633120537
73275,0.671212673187
73276,0.963295340538
73277,0.861664056778
73278,0.947872698307
73279,0.726274847984
73281,0.595874905586
73285,0.925216734409
73288,0.850234746933
73290,0.598161876202
73292,0.725235164165
73294,0.775810182095
73295,0.93549144268
73298,0.789814651012
73300,0.754125118256
73301,0.211422741413
73302,0.945679545403
73303,0.820569634438
73304,0.610302269459
73305,0.945321917534
73306,0.863299846649
73307,0.980917453766
73309,0.852551043034
73310,0.976076543331
73313,0.515958428383
73314,0.976919651031
73315,0.625082194805
73318,0.679480731487
73319,0.980172097683
73320,0.951886236668
73321,0.630428731441
73323,0.45387133956
73325,0.980539977551
73326,0.926318645477
73327,0.786299645901
73329,0.96581786871
73330,0.824148356915
73335,0.625745236874
73336,0.931195557117
73337,0.900041162968
73340,0.856902480125
73342,0.89492213726
73343,0.952583372593
73345,0.845734536648
73346,0.85701239109
73347,0.72818505764
73349,0.514459252357
73350,0.84847676754
73354,0.948622047901
73355,0.979820549488
73357,0.765693724155
73359,0.931663811207
73360,0.385640203953
73361,0.814958393574
73362,0.704454243183
73363,0.967034697533
73366,0.50232231617
73367,0.582207024097
73369,0.965467810631
73371,0.377773195505
73375,0.770964741707
73376,0.521865844727
73377,0.940900743008
73381,0.741963148117
73386,0.929404318333
73389,0.624985218048
73390,0.640564978123
73391,0.788892626762
73392,0.870458066463
73398,0.790151238441
73402,0.920062959194
73404,0.843440532684
73405,0.795455276966
73409,0.981376826763
73410,0.648079454899
73411,0.332243412733
73414,0.851818323135
73418,0.901356995106
73419,0.771332621574
73421,0.946952581406
73422,0.942962348461
73423,0.913276195526
73425,0.571520388126
73427,0.732958614826
73429,0.701543152332
73430,0.90107446909
73431,0.728110671043
73435,0.919102191925
73436,0.957080543041
73439,0.894822716713
73440,0.807120978832
73444,0.957630634308
73446,0.96885317564
73448,0.973752617836
73451,0.974895477295
73453,0.983680486679
73455,0.643293917179
73456,0.419021606445
73457,0.960095822811
73458,0.658460438251
73463,0.570788264275
73464,0.625552892685
73466,0.884836673737
73467,0.968729317188
73468,0.930493652821
73471,0.868454039097
73472,0.77941685915
73476,0.792018353939
73477,0.956153571606
73479,0.319519162178
73481,0.716471195221
73482,0.858047366142
73484,0.673351705074
73485,0.98961776495
73486,0.800706982613
73489,0.369898945093
73491,0.992009997368
73492,0.859861552715
73493,0.768697500229
73495,0.809413671494
73498,0.647200584412
73499,0.673970937729
73500,0.887486815453
73501,0.861889719963
73503,0.709877848625
73504,0.714596390724
73509,0.671162724495
73513,0.728070318699
73515,0.568470537663
73520,0.783862769604
73523,0.847012102604
73526,0.842186272144
73527,0.732031106949
73528,0.377319037914
73532,0.852827370167
73535,0.903070926666
73536,0.868912637234
73538,0.934577643871
73539,0.952908396721
73544,0.806645095348
73546,0.498413294554
73547,0.833323836327
73548,0.97795855999
73549,0.947726964951
73553,0.863658308983
73556,0.896186351776
73558,0.794917345047
73559,0.721926927567
73560,0.52571362257
73563,0.958152532578
73564,0.656933128834
73567,0.495946764946
73571,0.923214972019
73574,0.848816037178
73579,0.903014183044
73580,0.899290978909
73583,0.857470989227
73584,0.905256450176
73587,0.257129341364
73589,0.700411558151
73592,0.863555371761
73593,0.90329259634
73594,0.515738964081
73595,0.769404768944
73596,0.975773513317
73599,0.96466833353
73601,0.72036921978
73602,0.979737877846
73606,0.896549522877
73607,0.352335572243
73609,0.977024674416
73610,0.969576358795
73611,0.725685179234
73613,0.909296929836
73615,0.393085122108
73616,0.972827732563
73618,0.90113723278
73619,0.984111428261
73620,0.965267956257
73621,0.870466768742
73622,0.975436985493
73628,0.63679766655
73629,0.666479885578
73630,0.647719621658
73631,0.7760155797
73632,0.853215813637
73636,0.951364398003
73641,0.949639379978
73642,0.639715671539
73644,0.716453671455
73645,0.969614565372
73646,0.847880363464
73647,0.899888455868
73650,0.74476993084
73657,0.327651828527
73659,0.829367339611
73662,0.664057254791
73663,0.981306433678
73666,0.807999670506
73668,0.698145627975
73675,0.978124022484
73678,0.0654412060976
73679,0.963236033916
73685,0.578757464886
73686,0.858653604984
73687,0.785673737526
73689,0.379438430071
73690,0.695284307003
73691,0.978564620018
73692,0.927417099476
73695,0.108178280294
73698,0.693843603134
73701,0.940436303616
73704,0.765116214752
73705,0.644783318043
73707,0.958367168903
73708,0.819949030876
73709,0.363514512777
73711,0.974865019321
73714,0.836055338383
73716,0.887281060219
73717,0.96202558279
73722,0.761554896832
73728,0.646905779839
73729,0.613685965538
73730,0.746396481991
73732,0.697328865528
73733,0.611106693745
73734,0.667502999306
73735,0.718613624573
73736,0.942662894726
73738,0.913537561893
73739,0.895654916763
73740,0.830390393734
73742,0.909539401531
73743,0.897936224937
73744,0.831416487694
73745,0.767670691013
73746,0.985521495342
73749,0.818505167961
73752,0.575554609299
73753,0.742045521736
73755,0.779002726078
73758,0.653097808361
73759,0.517110466957
73760,0.562750160694
73761,0.719389498234
73763,0.292778402567
73764,0.82242423296
73768,0.780227005482
73769,0.700892984867
73770,0.958270967007
73773,0.880266427994
73776,0.963258266449
73778,0.614815354347
73780,0.950425326824
73785,0.895350039005
73786,0.713034749031
73787,0.376984357834
73791,0.96411383152
73792,0.97195315361
73796,0.776572823524
73797,0.889515817165
73801,0.925209701061
73803,0.902913272381
73807,0.777548968792
73811,0.982202768326
73812,0.833820343018
73813,0.831946849823
73817,0.816507577896
73818,0.703801810741
73819,0.831494271755
73822,0.906029164791
73823,0.434146612883
73824,0.922426462173
73825,0.574917674065
73827,0.80973482132
73830,0.95022726059
73831,0.725299179554
73833,0.221318393946
73834,0.941602766514
73836,0.948365092278
73837,0.835028290749
73839,0.874858319759
73842,0.79763764143
73844,0.927553892136
73850,0.874939620495
73854,0.405330181122
73855,0.867026865482
73857,0.895671069622
73860,0.873318195343
73862,0.892827868462
73863,0.452017992735
73864,0.92587274313
73865,0.958047330379
73866,0.595919907093
73867,0.711231231689
73868,0.750628888607
73869,0.889130830765
73873,0.738265037537
73877,0.395594626665
73879,0.457153856754
73880,0.910530149937
73881,0.949962317944
73882,0.709723830223
73888,0.153006777167
73891,0.981409311295
73893,0.504009366035
73895,0.564696550369
73896,0.824721336365
73898,0.965192079544
73900,0.913009881973
73901,0.97010910511
73903,0.969188332558
73906,0.744749009609
73909,0.859254598618
73913,0.949047923088
73914,0.52035421133
73918,0.604471027851
73920,0.822215378284
73923,0.36724588275
73925,0.83118134737
73926,0.869633495808
73933,0.917076706886
73939,0.889147400856
73940,0.939771294594
73944,0.717987596989
73945,0.717423021793
73951,0.959210753441
73952,0.976293206215
73953,0.606144607067
73954,0.716046750546
73957,0.509047031403
73958,0.59387242794
73961,0.875580430031
73963,0.461673438549
73965,0.312812894583
73966,0.675997674465
73967,0.903083503246
73968,0.442927151918
73969,0.780969679356
73970,0.321451157331
73971,0.62051653862
73972,0.531815826893
73973,0.935003459454
73975,0.834944248199
73980,0.599223971367
73982,0.916332781315
73983,0.920762360096
73985,0.852900028229
73986,0.615306615829
73987,0.818153679371
73989,0.96197116375
73991,0.714390456676
73992,0.93253237009
73994,0.68033260107
73995,0.628313481808
73996,0.800336241722
73997,0.942236602306
74000,0.855191707611
74002,0.978996753693
74003,0.749167323112
74006,0.648338854313
74007,0.939072430134
74009,0.785398244858
74010,0.842906594276
74012,0.88125962019
74013,0.615221619606
74014,0.530224978924
74020,0.771956264973
74023,0.938035309315
74024,0.691237747669
74026,0.757218956947
74027,0.477537810802
74029,0.79661244154
74030,0.827055096626
74031,0.953406691551
74037,0.893204927444
74039,0.587182819843
74040,0.865810871124
74043,0.810271024704
74044,0.858953714371
74045,0.860471248627
74048,0.744107782841
74049,0.932149350643
74050,0.523698747158
74051,0.781376183033
74053,0.698096573353
74054,0.519454658031
74055,0.335256814957
74057,0.672353863716
74061,0.935173690319
74062,0.949378728867
74064,0.958342552185
74065,0.953720748425
74066,0.960074186325
74067,0.732511222363
74068,0.6486120224
74069,0.734593033791
74072,0.963927268982
74074,0.9437327981
74076,0.762170732021
74078,0.677745938301
74079,0.710182785988
74080,0.843634665012
74084,0.74901843071
74087,0.897832334042
74088,0.779668331146
74089,0.700745403767
74092,0.880514502525
74093,0.685549139977
74095,0.841138124466
74097,0.810460805893
74100,0.709512531757
74102,0.899892568588
74103,0.94314467907
74105,0.948042035103
74106,0.495002359152
74107,0.982251226902
74113,0.787038683891
74114,0.895176887512
74116,0.818253099918
74118,0.87242347002
74123,0.957129478455
74124,0.802093327045
74125,0.807165205479
74126,0.95591455698
74131,0.703584611416
74133,0.925560891628
74134,0.892199635506
74137,0.693231880665
74141,0.687255084515
74142,0.992855608463
74145,0.965414226055
74152,0.908654093742
74153,0.896820902824
74154,0.381284147501
74155,0.65542858839
74156,0.832456886768
74157,0.975433826447
74158,0.872040092945
74162,0.984292805195
74165,0.905283629894
74166,0.615518271923
74168,0.903949201107
74169,0.455786734819
74170,0.732841134071
74171,0.959694385529
74173,0.780185341835
74175,0.797094106674
74176,0.234285995364
74179,0.985757946968
74181,0.370492756367
74183,0.626608073711
74187,0.877215623856
74188,0.939354121685
74190,0.930825948715
74191,0.733970105648
74192,0.871509671211
74193,0.886144936085
74195,0.982710540295
74196,0.974450528622
74197,0.377340614796
74202,0.550587177277
74203,0.951345920563
74204,0.799941897392
74208,0.633609592915
74209,0.929295480251
74210,0.621134638786
74211,0.764191687107
74213,0.753582179546
74214,0.811582148075
74215,0.948560476303
74219,0.671491861343
74221,0.241473734379
74222,0.978527605534
74225,0.868238866329
74226,0.867099642754
74227,0.701573967934
74228,0.845667123795
74230,0.63500982523
74231,0.654220402241
74233,0.849138319492
74234,0.982203960419
74235,0.579008638859
74236,0.982879579067
74237,0.917191147804
74239,0.760511994362
74240,0.236255958676
74241,0.829496204853
74244,0.779788196087
74245,0.489947110415
74246,0.585054337978
74247,0.957850635052
74248,0.893013656139
74249,0.955158829689
74251,0.933693826199
74256,0.687541306019
74257,0.976203918457
74258,0.833433628082
74259,0.962949872017
74263,0.697700679302
74264,0.684041619301
74266,0.634950995445
74267,0.638696312904
74268,0.336872220039
74269,0.725275337696
74274,0.788999855518
74275,0.428625524044
74276,0.978706181049
74277,0.618544816971
74278,0.0695326924324
74282,0.848278284073
74288,0.910521090031
74289,0.904063284397
74291,0.989427089691
74293,0.710829854012
74298,0.889732897282
74300,0.970102131367
74301,0.573968589306
74302,0.832683384418
74304,0.953777134418
74305,0.789200723171
74306,0.854857206345
74307,0.780002593994
74311,0.938751339912
74312,0.835508346558
74315,0.364019751549
74316,0.981650590897
74325,0.623521506786
74328,0.951738834381
74330,0.55869281292
74331,0.907426595688
74333,0.772535383701
74335,0.892845153809
74336,0.981602370739
74338,0.958493411541
74339,0.951933562756
74341,0.780883252621
74343,0.477580010891
74344,0.773893237114
74346,0.670463681221
74347,0.836951136589
74348,0.979693055153
74350,0.954732477665
74351,0.912083923817
74353,0.705966293812
74354,0.681889712811
74355,0.804803371429
74360,0.943994283676
74361,0.941584169865
74366,0.961089015007
74367,0.567506074905
74368,0.928712546825
74370,0.923991024494
74371,0.501332163811
74372,0.923280715942
74375,0.910606086254
74377,0.706973552704
74382,0.749139130116
74385,0.911538600922
74388,0.944564700127
74389,0.711582064629
74390,0.940615355968
74393,0.936032474041
74395,0.898381650448
74398,0.528722941875
74403,0.92302519083
74405,0.955698668957
74408,0.970655322075
74409,0.704365193844
74410,0.942415595055
74415,0.943588674068
74417,0.80145162344
74420,0.983548998833
74421,0.511383593082
74422,0.874887049198
74423,0.922810912132
74425,0.949109792709
74427,0.496616184711
74430,0.844978868961
74434,0.900153338909
74436,0.901249825954
74437,0.915981173515
74438,0.970976293087
74440,0.823041915894
74441,0.544072568417
74442,0.867318749428
74443,0.720965147018
74444,0.735293328762
74445,0.952479481697
74447,0.874397993088
74448,0.436217218637
74449,0.541917979717
74451,0.977446377277
74453,0.910391747952
74454,0.59204107523
74457,0.906632304192
74459,0.712539494038
74460,0.672276854515
74463,0.943637609482
74464,0.7172768116
74469,0.433361232281
74474,0.937683045864
74475,0.831285536289
74476,0.910087108612
74478,0.87925696373
74481,0.812875151634
74482,0.982388913631
74483,0.769992291927
74484,0.240979224443
74488,0.801457881927
74489,0.43052431941
74491,0.564702689648
74492,0.557130634785
74495,0.499065369368
74497,0.847063422203
74500,0.88223618269
74501,0.854461669922
74502,0.952745497227
74503,0.746006309986
74504,0.982611894608
74505,0.763356745243
74507,0.79136288166
74510,0.460845470428
74511,0.858258485794
74513,0.984912574291
74514,0.675623238087
74516,0.86204046011
74518,0.80590903759
74521,0.827669143677
74522,0.824799776077
74524,0.97152775526
74525,0.769098520279
74529,0.338507145643
74531,0.951029479504
74532,0.780084609985
74534,0.718120515347
74539,0.84711420536
74541,0.734085917473
74542,0.471613794565
74543,0.675731897354
74545,0.920913934708
74548,0.862675726414
74552,0.970250606537
74553,0.722299039364
74557,0.582425892353
74558,0.706713318825
74563,0.954775512218
74564,0.869469165802
74565,0.413908988237
74569,0.967132866383
74572,0.633638739586
74575,0.838690042496
74576,0.978666901588
74578,0.889453172684
74582,0.632452368736
74585,0.601752758026
74588,0.663717627525
74593,0.88510030508
74594,0.44321808219
74595,0.955642819405
74597,0.858366131783
74598,0.519792079926
74599,0.977586150169
74601,0.620351314545
74602,0.937007248402
74605,0.786652326584
74608,0.90284204483
74609,0.613212704659
74610,0.579032719135
74611,0.582369208336
74613,0.906347930431
74614,0.907314121723
74618,0.462494462729
74619,0.799887776375
74621,0.966304898262
74622,0.536017000675
74623,0.760220587254
74624,0.981371223927
74626,0.791932523251
74627,0.928518116474
74630,0.977796852589
74631,0.8864133358
74633,0.593532800674
74635,0.47544375062
74637,0.7071377635
74638,0.876886665821
74641,0.898548007011
74642,0.442540198565
74643,0.797732412815
74644,0.961217224598
74645,0.805782258511
74646,0.711110293865
74647,0.910533547401
74653,0.705297112465
74655,0.918049871922
74657,0.790588736534
74658,0.610863745213
74662,0.669632792473
74663,0.986908614635
74664,0.841773688793
74665,0.547593295574
74669,0.95161229372
74670,0.895488321781
74671,0.303832352161
74672,0.967537164688
74673,0.951117932796
74680,0.694544434547
74682,0.417173296213
74683,0.782378137112
74684,0.864567697048
74686,0.647642612457
74687,0.443276464939
74689,0.872540414333
74690,0.939371347427
74691,0.809675216675
74692,0.500485062599
74693,0.940805137157
74695,0.306811362505
74696,0.582015752792
74697,0.972891390324
74698,0.968781113625
74701,0.78828138113
74702,0.848445534706
74704,0.854581177235
74708,0.793253004551
74710,0.749828875065
74712,0.783534705639
74713,0.783515393734
74720,0.915284872055
74721,0.954535603523
74725,0.462740719318
74726,0.623626410961
74727,0.870605587959
74728,0.407504290342
74730,0.574226915836
74734,0.449423491955
74735,0.947453379631
74736,0.743067383766
74740,0.790582895279
74742,0.989980638027
74743,0.521572589874
74744,0.157339170575
74749,0.501327097416
74750,0.86696690321
74752,0.141457214952
74754,0.786212205887
74755,0.911060750484
74757,0.979436218739
74758,0.803063035011
74760,0.905533015728
74761,0.790845274925
74763,0.98289078474
74764,0.644021213055
74766,0.395348250866
74767,0.287522286177
74770,0.937127232552
74775,0.67213755846
74776,0.888211250305
74779,0.851708114147
74780,0.786776781082
74781,0.349329680204
74782,0.480143606663
74784,0.814557790756
74785,0.634967625141
74786,0.68804782629
74789,0.901302278042
74792,0.903386950493
74793,0.347350269556
74794,0.862222015858
74796,0.464984059334
74797,0.521374046803
74798,0.762479305267
74800,0.964518427849
74802,0.963165163994
74803,0.974217176437
74806,0.735460519791
74808,0.861879169941
74809,0.882227122784
74810,0.900899529457
74812,0.854211509228
74813,0.968623518944
74814,0.957923054695
74816,0.467366695404
74818,0.894265472889
74819,0.730090975761
74823,0.928787589073
74824,0.887826919556
74827,0.942156612873
74830,0.885660588741
74833,0.853437066078
74834,0.964287161827
74835,0.950285255909
74839,0.794545710087
74840,0.173569455743
74841,0.908730149269
74842,0.69490557909
74843,0.685135662556
74844,0.775259613991
74845,0.94246929884
74846,0.931722939014
74850,0.711290538311
74851,0.912020623684
74854,0.975234687328
74859,0.386158227921
74860,0.794798970222
74862,0.586072385311
74865,0.846071898937
74867,0.627005517483
74868,0.782982826233
74872,0.847997128963
74873,0.703691363335
74876,0.761779367924
74882,0.580945968628
74884,0.330183058977
74885,0.665230453014
74886,0.915022611618
74887,0.934869468212
74888,0.625625133514
74891,0.541186213493
74900,0.988559544086
74904,0.747594356537
74905,0.990068852901
74908,0.584809720516
74909,0.82774078846
74911,0.979585945606
74912,0.773013830185
74914,0.664822101593
74917,0.932966947556
74919,0.921883225441
74920,0.72032892704
74922,0.788019537926
74925,0.239906638861
74926,0.817196130753
74927,0.975260913372
74929,0.807185828686
74932,0.973213851452
74933,0.927489578724
74934,0.468313992023
74935,0.649190843105
74936,0.472089439631
74938,0.84668046236
74941,0.758615970612
74942,0.257350027561
74948,0.602558612823
74952,0.87991887331
74953,0.990354180336
74955,0.85612732172
74959,0.786309838295
74963,0.516694426537
74965,0.898747205734
74966,0.889551699162
74974,0.580002605915
74975,0.85183173418
74976,0.666236102581
74978,0.878533363342
74980,0.95310997963
74981,0.689160048962
74982,0.92246234417
74984,0.608972370625
74988,0.792369782925
74989,0.820824563503
74990,0.73483902216
74991,0.655395150185
74992,0.848421514034
74994,0.829886674881
74996,0.559247016907
75004,0.7783857584
75006,0.98505461216
75008,0.607219457626
75009,0.686363041401
75010,0.949199676514
75012,0.828685045242
75014,0.752549827099
75015,0.531226158142
75016,0.975440382957
75018,0.988401055336
75021,0.966692745686
75023,0.902811825275
75025,0.811260640621
75027,0.597162842751
75029,0.805097401142
75032,0.778323054314
75034,0.569296300411
75036,0.529322445393
75038,0.763902544975
75044,0.888036549091
75046,0.672152996063
75048,0.843622803688
75049,0.9219815135
75051,0.940179407597
75054,0.610780477524
75057,0.61671847105
75059,0.831174910069
75063,0.936748921871
75064,0.945883333683
75065,0.615132212639
75066,0.708562672138
75074,0.950339972973
75076,0.641554892063
75077,0.897120714188
75080,0.21793282032
75082,0.975718259811
75083,0.827957093716
75086,0.742756545544
75087,0.463821351528
75088,0.542967736721
75089,0.619554400444
75090,0.879705965519
75091,0.83669501543
75092,0.940296947956
75093,0.955697834492
75099,0.972903132439
75106,0.927030205727
75113,0.971069037914
75114,0.929143965244
75115,0.840825796127
75118,0.650786519051
75119,0.643298625946
75120,0.757552564144
75123,0.362530320883
75127,0.735368251801
75131,0.925786018372
75135,0.878432691097
75136,0.493229746819
75138,0.951759696007
75141,0.942583978176
75142,0.947007000446
75143,0.920403063297
75145,0.869095385075
75146,0.837979078293
75147,0.987528800964
75148,0.820027470589
75149,0.753961861134
75151,0.821352660656
75152,0.934345364571
75155,0.898876130581
75156,0.802742540836
75158,0.277438700199
75161,0.721918225288
75163,0.944149315357
75165,0.985038638115
75167,0.799172759056
75168,0.559946238995
75171,0.972296655178
75176,0.985875546932
75177,0.547177433968
75178,0.702205181122
75181,0.759691894054
75182,0.891955971718
75186,0.930986464024
75187,0.863562226295
75188,0.751220583916
75189,0.459820061922
75190,0.695012450218
75191,0.460280269384
75192,0.903782069683
75194,0.761783599854
75198,0.97108310461
75201,0.84910929203
75206,0.831929147243
75207,0.981982469559
75211,0.6376709342
75212,0.602560639381
75214,0.949903011322
75217,0.947822272778
75219,0.942050278187
75220,0.087286144495
75221,0.864654481411
75224,0.124787777662
75226,0.744791448116
75227,0.675945580006
75228,0.607476472855
75230,0.925527274609
75233,0.958087086678
75242,0.74249458313
75248,0.610096633434
75252,0.895046472549
75255,0.742581427097
75256,0.727284312248
75257,0.766804397106
75258,0.852594554424
75259,0.734514415264
75260,0.954002320766
75269,0.228868767619
75270,0.419521272182
75271,0.681196808815
75272,0.729437470436
75273,0.947618186474
75275,0.958136558533
75278,0.947183847427
75279,0.836503684521
75280,0.795274913311
75282,0.964839935303
75285,0.872744679451
75286,0.351824432611
75288,0.528450131416
75290,0.33216291666
75294,0.929068744183
75295,0.928325355053
75300,0.734670817852
75304,0.607201457024
75305,0.668378472328
75306,0.9533239007
75308,0.928998529911
75310,0.956979751587
75313,0.25963678956
75314,0.917195260525
75315,0.537902057171
75316,0.824234127998
75318,0.745682537556
75320,0.692133128643
75322,0.542437493801
75326,0.867744028568
75327,0.635056555271
75336,0.828443348408
75338,0.933880448341
75341,0.953807473183
75346,0.578669905663
75348,0.887381196022
75349,0.664023518562
75351,0.508982896805
75355,0.632900476456
75356,0.942045271397
75361,0.903050124645
75362,0.95082962513
75363,0.881097078323
75364,0.729436576366
75365,0.443686008453
75367,0.689705133438
75373,0.859510779381
75374,0.963328659534
75376,0.720948159695
75378,0.828924715519
75379,0.330668121576
75384,0.805271625519
75385,0.189737856388
75386,0.643859863281
75388,0.956308603287
75389,0.66782283783
75390,0.396768838167
75391,0.900304198265
75394,0.787315547466
75397,0.950618207455
75399,0.365183860064
75402,0.947432279587
75406,0.954877793789
75407,0.913717150688
75408,0.758244514465
75411,0.68487071991
75413,0.960054755211
75414,0.614214003086
75415,0.940675914288
75416,0.633272647858
75417,0.939762115479
75418,0.621739685535
75421,0.746829509735
75422,0.95683401823
75427,0.834342479706
75428,0.647177100182
75433,0.463266730309
75435,0.686436772346
75436,0.826905488968
75440,0.871986091137
75444,0.947568714619
75447,0.799920558929
75448,0.787791371346
75449,0.950192034245
75450,0.82179236412
75451,0.236276298761
75452,0.988971054554
75455,0.734862983227
75457,0.919073879719
75460,0.938702821732
75462,0.764385521412
75464,0.731489121914
75465,0.907308340073
75469,0.80251544714
75470,0.711811423302
75473,0.902025401592
75475,0.974542796612
75477,0.833530306816
75478,0.369062453508
75480,0.556467533112
75481,0.835480868816
75484,0.687308490276
75485,0.754756391048
75486,0.976558804512
75488,0.329899638891
75489,0.918259203434
75491,0.700762629509
75492,0.839639306068
75497,0.920693337917
75498,0.969741463661
75499,0.532449007034
75501,0.942197561264
75502,0.86617910862
75503,0.770279228687
75505,0.88305336237
75506,0.82297295332
75508,0.815933465958
75511,0.92678129673
75512,0.860565364361
75513,0.84477353096
75515,0.718955874443
75517,0.974435269833
75521,0.614184856415
75522,0.915518760681
75523,0.515628933907
75525,0.935674607754
75526,0.672826886177
75527,0.545932710171
75529,0.937818706036
75531,0.944873332977
75532,0.833261311054
75535,0.947907269001
75539,0.907341599464
75540,0.89268219471
75543,0.953388810158
75545,0.956682682037
75547,0.76532304287
75549,0.922360002995
75551,0.943896472454
75552,0.456929802895
75553,0.636079549789
75556,0.840312361717
75561,0.794428646564
75562,0.787592411041
75563,0.959035217762
75564,0.969460189342
75566,0.754743158817
75570,0.718598484993
75572,0.702441573143
75573,0.794691801071
75575,0.957556664944
75577,0.571120619774
75578,0.906941533089
75579,0.977062940598
75582,0.732291042805
75583,0.897387325764
75585,0.65215742588
75587,0.938935041428
75588,0.85473626852
75589,0.785161972046
75590,0.954698562622
75594,0.879982292652
75596,0.902124047279
75599,0.761160969734
75600,0.26900729537
75601,0.987254321575
75603,0.992590665817
75604,0.838845193386
75605,0.707313001156
75610,0.255280613899
75611,0.85723400116
75613,0.764777898788
75614,0.730621159077
75615,0.967706441879
75617,0.978510022163
75618,0.128617689013
75619,0.35762065649
75620,0.439850956202
75621,0.765139818192
75622,0.841365516186
75627,0.762736260891
75628,0.110891386867
75629,0.897436738014
75632,0.476393818855
75634,0.946179926395
75635,0.892439007759
75636,0.97451287508
75637,0.581077218056
75642,0.561444222927
75643,0.762246847153
75646,0.601580560207
75654,0.984210968018
75656,0.605809271336
75658,0.982233285904
75660,0.963674485683
75662,0.86411100626
75663,0.279482960701
75667,0.984082758427
75668,0.869853675365
75670,0.799439609051
75671,0.690430283546
75673,0.9894785285
75674,0.438014626503
75676,0.752284169197
75677,0.939335286617
75678,0.704583644867
75681,0.964519679546
75682,0.806984066963
75684,0.240222111344
75685,0.748217225075
75686,0.989593744278
75688,0.516482055187
75689,0.679855465889
75690,0.455229759216
75691,0.881067752838
75693,0.837863326073
75694,0.729975938797
75695,0.715513944626
75697,0.700036466122
75698,0.812018930912
75702,0.958629667759
75713,0.531220078468
75718,0.986744821072
75719,0.954123198986
75721,0.983199059963
75722,0.582824885845
75723,0.572074830532
75729,0.938267409801
75730,0.862087249756
75733,0.915603280067
75734,0.776875793934
75738,0.856428265572
75742,0.94412112236
75745,0.894122302532
75746,0.982619643211
75748,0.817514359951
75751,0.911492168903
75752,0.69810551405
75753,0.541842997074
75759,0.909573793411
75761,0.982551395893
75763,0.865348875523
75767,0.537023484707
75768,0.0461877025664
75769,0.970807731152
75772,0.989945948124
75782,0.891675949097
75783,0.852216720581
75784,0.75807338953
75785,0.291003406048
75790,0.17630662024
75795,0.856507241726
75802,0.975081443787
75807,0.709611713886
75808,0.925786375999
75809,0.928229033947
75813,0.621590197086
75814,0.87392449379
75816,0.596254050732
75817,0.937342941761
75822,0.488112062216
75823,0.740797698498
75824,0.411220133305
75825,0.869160890579
75826,0.702300429344
75829,0.805701732635
75830,0.916863322258
75831,0.849721372128
75832,0.784067332745
75833,0.815523743629
75834,0.847040832043
75835,0.600977122784
75838,0.593921840191
75840,0.932248830795
75841,0.431117922068
75842,0.803686261177
75846,0.978672504425
75850,0.0850925073028
75851,0.900714874268
75852,0.936075747013
75858,0.695864677429
75859,0.986096918583
75860,0.98369628191
75862,0.782099545002
75863,0.698391437531
75865,0.963304877281
75866,0.895078539848
75867,0.584385454655
75868,0.634701728821
75869,0.731164515018
75870,0.974138319492
75873,0.849368393421
75874,0.965423583984
75876,0.945497691631
75877,0.935304522514
75878,0.787760019302
75881,0.80043309927
75884,0.63481849432
75887,0.442572146654
75888,0.891218841076
75890,0.796630144119
75893,0.795941948891
75896,0.669407725334
75899,0.99311631918
75900,0.934289693832
75901,0.445680171251
75902,0.863571584225
75904,0.926572144032
75906,0.217697575688
75907,0.877485215664
75908,0.88553661108
75910,0.798787593842
75911,0.86620926857
75918,0.727075278759
75920,0.74671703577
75921,0.976118683815
75923,0.903181493282
75924,0.364000797272
75925,0.833405256271
75926,0.658101916313
75927,0.912580788136
75928,0.753965079784
75929,0.379510998726
75930,0.711798787117
75931,0.980430245399
75934,0.947999954224
75935,0.892199397087
75936,0.95206362009
75939,0.828728497028
75941,0.386073410511
75945,0.952529370785
75949,0.892760813236
75950,0.713630378246
75952,0.940618813038
75953,0.881906688213
75959,0.950488746166
75963,0.956176459789
75966,0.739598691463
75969,0.524114131927
75970,0.729298591614
75971,0.844270050526
75973,0.933552622795
75975,0.933261096478
75977,0.860671699047
75982,0.657814383507
75984,0.993685305119
75985,0.915538549423
75986,0.704657614231
75988,0.936808645725
75990,0.190602779388
75991,0.984404981136
75992,0.599848091602
75993,0.624933421612
75994,0.753402888775
75997,0.808737516403
75999,0.583025634289
76002,0.81017690897
76004,0.976782023907
76005,0.935536503792
76006,0.909515440464
76007,0.978844463825
76012,0.882398307323
76015,0.66858792305
76017,0.84754884243
76020,0.784711003304
76021,0.691077888012
76025,0.635474205017
76026,0.747262179852
76029,0.647651314735
76033,0.939081013203
76035,0.909835398197
76036,0.95475924015
76037,0.763052344322
76042,0.947431504726
76044,0.850292980671
76045,0.887592196465
76049,0.925532877445
76051,0.922268748283
76053,0.924060761929
76055,0.701313316822
76057,0.642997205257
76058,0.691048324108
76059,0.978714704514
76061,0.657688498497
76065,0.832952439785
76066,0.512492001057
76069,0.835851371288
76071,0.520888984203
76072,0.755277752876
76080,0.702655017376
76081,0.744822084904
76082,0.538469076157
76083,0.619718134403
76084,0.822442054749
76085,0.120047979057
76087,0.510260283947
76088,0.703967154026
76092,0.776050984859
76094,0.757418990135
76095,0.789133131504
76096,0.860653758049
76098,0.91419672966
76101,0.7642121315
76102,0.640104830265
76104,0.927822351456
76105,0.93423217535
76106,0.915921509266
76107,0.982689261436
76108,0.98875027895
76109,0.634769618511
76110,0.345553934574
76111,0.641463756561
76113,0.769491076469
76114,0.382951974869
76115,0.756230056286
76119,0.949413657188
76120,0.941204249859
76122,0.808171510696
76124,0.666731774807
76127,0.712160348892
76129,0.902153551579
76130,0.754089415073
76135,0.89501529932
76136,0.373505562544
76137,0.373598605394
76139,0.721319258213
76140,0.921853303909
76142,0.52265560627
76143,0.862120211124
76145,0.664430975914
76147,0.587539076805
76148,0.739557564259
76149,0.221237793565
76151,0.67112994194
76156,0.621998250484
76158,0.658558130264
76161,0.888186872005
76163,0.838257908821
76165,0.613218486309
76167,0.834976255894
76168,0.987123012543
76172,0.652029931545
76177,0.829990744591
76181,0.824280917645
76182,0.542788982391
76183,0.899955451488
76187,0.770520865917
76189,0.754635632038
76190,0.975150704384
76192,0.754563391209
76194,0.830477654934
76198,0.736091673374
76204,0.700428664684
76206,0.941815435886
76207,0.942696332932
76208,0.860003829002
76211,0.969182372093
76212,0.359632253647
76214,0.557648003101
76215,0.918861269951
76216,0.757529675961
76218,0.785216987133
76219,0.515716731548
76223,0.813328683376
76224,0.819441020489
76225,0.740886032581
76226,0.780879974365
76227,0.98246461153
76229,0.503220975399
76230,0.376805484295
76232,0.454547077417
76233,0.79671216011
76234,0.980740368366
76236,0.979076743126
76237,0.600901663303
76238,0.492505580187
76239,0.973553359509
76241,0.921974420547
76242,0.882435619831
76243,0.811735391617
76244,0.833983898163
76250,0.695833683014
76252,0.875656485558
76255,0.757427036762
76256,0.864220142365
76257,0.885217785835
76258,0.748907923698
76261,0.858107209206
76262,0.903591096401
76263,0.987900614738
76264,0.890430927277
76265,0.659232378006
76266,0.930107295513
76268,0.896336376667
76271,0.756168544292
76272,0.568719029427
76275,0.506173372269
76277,0.7443754673
76280,0.711467683315
76282,0.699725091457
76283,0.923025369644
76284,0.854456484318
76285,0.7809882164
76292,0.715200126171
76297,0.794880628586
76300,0.72762131691
76302,0.9437327981
76303,0.971351027489
76304,0.778182983398
76306,0.820122659206
76307,0.917336046696
76308,0.783177793026
76309,0.947605967522
76310,0.635565817356
76311,0.847819209099
76313,0.781071186066
76314,0.944410502911
76318,0.970413088799
76319,0.680485963821
76320,0.534485518932
76323,0.741098701954
76326,0.788737118244
76327,0.926802873611
76331,0.940075337887
76334,0.990908265114
76335,0.84254527092
76336,0.956903219223
76337,0.829069018364
76342,0.803385794163
76345,0.831222474575
76346,0.734341979027
76347,0.611032128334
76348,0.937086701393
76350,0.975092291832
76352,0.931618511677
76353,0.810714006424
76355,0.79997831583
76359,0.953746557236
76361,0.698321163654
76362,0.970621526241
76364,0.465124875307
76367,0.985436022282
76372,0.515477120876
76373,0.975758671761
76375,0.916859388351
76376,0.895375549793
76379,0.805372476578
76380,0.871497035027
76382,0.939312279224
76387,0.722833037376
76388,0.866854310036
76389,0.591497659683
76390,0.868525266647
76391,0.698678791523
76392,0.907191872597
76396,0.893388807774
76397,0.914292573929
76398,0.944916307926
76400,0.887919783592
76401,0.992473244667
76402,0.824376761913
76404,0.670005559921
76406,0.845165729523
76408,0.45168235898
76409,0.954366445541
76410,0.602526366711
76412,0.393796861172
76417,0.3937933743
76419,0.343169778585
76420,0.854278028011
76422,0.89313274622
76424,0.540486514568
76427,0.803931593895
76428,0.976628422737
76433,0.767194151878
76436,0.759119451046
76438,0.314438343048
76439,0.795225381851
76440,0.977389454842
76442,0.750923454762
76443,0.897839725018
76444,0.833416581154
76446,0.982160449028
76447,0.828588783741
76448,0.76032269001
76450,0.465632289648
76452,0.722125351429
76453,0.84034705162
76455,0.20765902102
76456,0.963468074799
76457,0.624435782433
76459,0.853323936462
76461,0.677388250828
76462,0.879865169525
76463,0.910662412643
76465,0.806029319763
76468,0.804894387722
76472,0.863373875618
76476,0.803787350655
76477,0.909687697887
76479,0.519923686981
76480,0.961997330189
76481,0.400059372187
76482,0.765942811966
76485,0.854456186295
76486,0.767776787281
76487,0.752474486828
76488,0.92808842659
76490,0.969855964184
76491,0.940644979477
76492,0.660666167736
76494,0.981759309769
76496,0.963412940502
76497,0.870901823044
76498,0.827115774155
76499,0.954051792622
76500,0.923196852207
76501,0.983295977116
76502,0.683729946613
76503,0.705338656902
76504,0.934446334839
76505,0.755876660347
76506,0.768907666206
76508,0.62605369091
76509,0.800467967987
76515,0.948508143425
76516,0.875654280186
76519,0.798551499844
76520,0.650234222412
76521,0.657604277134
76523,0.916976690292
76524,0.788815677166
76525,0.937897503376
76528,0.935391426086
76532,0.953567743301
76535,0.95146304369
76537,0.598389148712
76540,0.873861670494
76542,0.476567298174
76543,0.824803113937
76546,0.380341976881
76548,0.98018091917
76549,0.739363133907
76550,0.63608944416
76551,0.860686957836
76555,0.638577222824
76558,0.730274915695
76563,0.722329378128
76567,0.623816430569
76568,0.764059960842
76571,0.913184821606
76573,0.827144622803
76576,0.909936666489
76577,0.971629619598
76579,0.911237001419
76580,0.410662174225
76582,0.755934119225
76586,0.883493185043
76592,0.920682072639
76593,0.97725713253
76596,0.820366621017
76597,0.334069103003
76599,0.919628143311
76602,0.820488810539
76607,0.549282729626
76611,0.947641968727
76616,0.783316552639
76617,0.740274846554
76618,0.515516281128
76619,0.888125836849
76620,0.779502749443
76621,0.89438867569
76623,0.841813862324
76624,0.635236203671
76625,0.872830867767
76626,0.763365328312
76627,0.0372162610292
76630,0.113697119057
76631,0.0725507363677
76634,0.612390220165
76636,0.682044267654
76638,0.386650621891
76641,0.806940853596
76642,0.609414100647
76643,0.837536394596
76644,0.820579111576
76645,0.790444970131
76648,0.14782692492
76651,0.808677375317
76654,0.725058615208
76655,0.955047488213
76656,0.596208631992
76657,0.316528618336
76659,0.497819542885
76665,0.990979731083
76666,0.424289524555
76671,0.670871734619
76673,0.824420928955
76675,0.602784752846
76677,0.884372293949
76679,0.804816424847
76686,0.933000743389
76687,0.712070584297
76688,0.950692117214
76691,0.32330557704
76693,0.7793379426
76697,0.596641182899
76698,0.91435945034
76701,0.611865103245
76703,0.893128156662
76706,0.944314241409
76708,0.981624305248
76711,0.812063336372
76712,0.958272576332
76713,0.422091990709
76714,0.732383370399
76716,0.508026540279
76718,0.788016676903
76719,0.96958220005
76721,0.593802571297
76722,0.974779129028
76723,0.652631819248
76725,0.905039191246
76726,0.824566781521
76727,0.904850661755
76731,0.906781256199
76737,0.823786795139
76742,0.919518470764
76744,0.606530964375
76747,0.819086015224
76748,0.855702459812
76750,0.895281910896
76753,0.452089041471
76754,0.564805448055
76755,0.880670070648
76758,0.735074996948
76761,0.841709971428
76763,0.786720454693
76765,0.907773315907
76768,0.95921677351
76770,0.717767179012
76775,0.985893964767
76777,0.777009725571
76778,0.927506387234
76780,0.989879369736
76786,0.8991086483
76788,0.764692902565
76789,0.924646675587
76792,0.506045997143
76793,0.913387358189
76794,0.823921144009
76797,0.848714470863
76799,0.704399347305
76800,0.764964878559
76801,0.792484879494
76805,0.994038462639
76806,0.756032347679
76809,0.977626800537
76813,0.955640852451
76814,0.966020703316
76815,0.669425010681
76820,0.975715339184
76821,0.909434139729
76822,0.502571702003
76823,0.774476528168
76827,0.972564816475
76830,0.933671176434
76831,0.736381590366
76839,0.556193768978
76840,0.943215727806
76841,0.536830484867
76843,0.674632370472
76846,0.87918227911
76847,0.963419139385
76850,0.957773327827
76851,0.938752710819
76854,0.677576065063
76858,0.922655522823
76859,0.792873501778
76860,0.927087366581
76861,0.740535736084
76862,0.961764156818
76863,0.9476121068
76866,0.960524499416
76867,0.878923654556
76868,0.802099764347
76870,0.975022137165
76871,0.786307811737
76872,0.732662558556
76873,0.968700945377
76876,0.828053355217
76877,0.944784760475
76879,0.733988642693
76883,0.613405168056
76885,0.703373432159
76887,0.767078518867
76890,0.818086802959
76894,0.833410143852
76895,0.764164805412
76898,0.708525538445
76899,0.72479313612
76900,0.917569935322
76901,0.948655128479
76902,0.833050429821
76903,0.413559168577
76904,0.829680204391
76905,0.83305811882
76906,0.928729057312
76907,0.829926073551
76908,0.318867743015
76912,0.786066353321
76913,0.894778370857
76915,0.755844771862
76916,0.828728437424
76917,0.715678870678
76919,0.968605935574
76920,0.829184412956
76922,0.414273142815
76923,0.884069859982
76925,0.591466367245
76926,0.951347470284
76931,0.654683351517
76933,0.719725012779
76934,0.82724404335
76935,0.766750812531
76940,0.792416930199
76943,0.987428843975
76944,0.874701499939
76945,0.732980787754
76946,0.553970456123
76947,0.953731477261
76952,0.883965313435
76953,0.427900701761
76954,0.941013157368
76955,0.721204280853
76956,0.815355420113
76957,0.472030997276
76961,0.831913232803
76963,0.801462709904
76965,0.865932703018
76966,0.937020778656
76972,0.637706756592
76974,0.930405259132
76976,0.615928292274
76979,0.722648620605
76982,0.359730452299
76983,0.78264182806
76985,0.815560162067
76986,0.823321938515
76988,0.67557823658
76993,0.72627300024
76994,0.800887823105
76999,0.896635770798
77001,0.740315258503
77002,0.825159549713
77004,0.228097259998
77005,0.850587844849
77006,0.988757669926
77008,0.648774325848
77009,0.914404928684
77010,0.659999907017
77011,0.702671229839
77012,0.61284661293
77013,0.360808134079
77016,0.88544934988
77017,0.505649328232
77018,0.817074358463
77021,0.836971282959
77024,0.867854773998
77028,0.944411993027
77030,0.587310552597
77034,0.859521746635
77035,0.824734091759
77036,0.512525856495
77041,0.947357058525
77046,0.726848125458
77047,0.733490109444
77048,0.969949007034
77051,0.926142513752
77054,0.629214465618
77058,0.688718795776
77061,0.887444078922
77062,0.873516261578
77063,0.785350322723
77065,0.849649548531
77070,0.849334776402
77071,0.393766731024
77072,0.473227202892
77074,0.961082398891
77075,0.839782714844
77077,0.936199009418
77078,0.93011111021
77079,0.766750216484
77086,0.908151388168
77087,0.946855545044
77088,0.895425379276
77093,0.80602312088
77097,0.89650118351
77099,0.715500533581
77100,0.425818800926
77102,0.630252838135
77104,0.958868145943
77105,0.922688305378
77108,0.802828788757
77109,0.613115727901
77112,0.221866488457
77122,0.588442742825
77123,0.583118140697
77125,0.941598176956
77127,0.749152779579
77128,0.578911840916
77131,0.941944599152
77132,0.75070899725
77134,0.571823775768
77136,0.771977066994
77138,0.654198050499
77140,0.898347854614
77144,0.976396381855
77147,0.987220704556
77148,0.890034496784
77149,0.750743746758
77150,0.971764445305
77151,0.99146515131
77152,0.455996930599
77153,0.628913581371
77160,0.987856864929
77161,0.850365042686
77162,0.907196938992
77165,0.93025624752
77168,0.382298022509
77171,0.698080480099
77174,0.937788248062
77175,0.716821014881
77176,0.934932172298
77177,0.649165213108
77181,0.459173411131
77182,0.971302449703
77183,0.981379806995
77189,0.720280706882
77190,0.938953518867
77191,0.963689744473
77193,0.329088330269
77194,0.464676618576
77196,0.274905174971
77197,0.675210893154
77198,0.593141973019
77203,0.708671331406
77207,0.943974018097
77208,0.54410302639
77209,0.656019628048
77212,0.929343938828
77214,0.957901716232
77216,0.839794039726
77219,0.876202523708
77221,0.927826583385
77223,0.821571648121
77230,0.973405122757
77232,0.877612411976
77233,0.665770769119
77234,0.458935827017
77235,0.878118753433
77236,0.879276096821
77239,0.933420598507
77240,0.950703561306
77241,0.956041157246
77246,0.649068176746
77249,0.925604045391
77254,0.965959727764
77258,0.8816857934
77259,0.430911123753
77260,0.831892728806
77267,0.973730444908
77268,0.646028518677
77269,0.478887319565
77271,0.198849499226
77272,0.755409419537
77274,0.882239997387
77276,0.670708358288
77280,0.882778584957
77281,0.723548531532
77283,0.796238422394
77284,0.958314538002
77285,0.707920610905
77291,0.891113758087
77292,0.907567858696
77293,0.758330643177
77294,0.726928830147
77296,0.961707055569
77301,0.405261158943
77303,0.534788548946
77304,0.78225260973
77305,0.349691599607
77308,0.867413341999
77310,0.376720935106
77311,0.909390568733
77312,0.91019487381
77315,0.457710802555
77317,0.741640627384
77321,0.693989634514
77323,0.806980729103
77324,0.948069036007
77325,0.918004512787
77326,0.959311246872
77328,0.693704366684
77330,0.766969799995
77331,0.833732485771
77332,0.708672344685
77336,0.880598962307
77338,0.901576459408
77340,0.365709722042
77343,0.606999576092
77347,0.815145671368
77350,0.803602278233
77351,0.786203622818
77352,0.88398206234
77356,0.878071367741
77357,0.899420320988
77358,0.864670336246
77359,0.758501529694
77360,0.977768778801
77361,0.693415164948
77365,0.920748770237
77366,0.759657204151
77368,0.935222089291
77369,0.941141724586
77370,0.924746215343
77371,0.918908655643
77372,0.899207890034
77373,0.976967573166
77374,0.389850139618
77375,0.963152885437
77376,0.806936085224
77377,0.649477481842
77378,0.983656287193
77379,0.769222617149
77381,0.886830151081
77382,0.906787216663
77385,0.970926880836
77388,0.941588699818
77390,0.480039954185
77391,0.604349851608
77392,0.916683495045
77393,0.89322000742
77397,0.474150538445
77398,0.966772854328
77400,0.703524231911
77404,0.70500421524
77407,0.664634585381
77415,0.824721455574
77417,0.862133145332
77418,0.741517782211
77421,0.72655916214
77423,0.90324229002
77424,0.952834665775
77428,0.86176866293
77430,0.855933964252
77432,0.685778677464
77435,0.817552149296
77438,0.735397934914
77442,0.68980962038
77444,0.710935711861
77445,0.94205302
77447,0.763693928719
77448,0.909056186676
77450,0.932767570019
77451,0.69175362587
77453,0.896528184414
77459,0.987026512623
77460,0.95752376318
77461,0.588877916336
77465,0.944185674191
77466,0.926763355732
77468,0.713631212711
77470,0.696840703487
77471,0.715356886387
77472,0.456316262484
77475,0.453090876341
77476,0.735671341419
77477,0.800597369671
77481,0.473165869713
77484,0.846121370792
77485,0.589861154556
77487,0.441157400608
77488,0.969686448574
77489,0.701935172081
77491,0.958064079285
77492,0.607890367508
77496,0.741179049015
77497,0.965498030186
77498,0.560766220093
77499,0.673001289368
77500,0.901649594307
77501,0.856870055199
77505,0.943324029446
77507,0.8746971488
77508,0.599003851414
77511,0.934681653976
77513,0.698761045933
77515,0.736581981182
77516,0.616954982281
77517,0.38469222188
77519,0.250928193331
77522,0.976143836975
77525,0.631823182106
77526,0.731118440628
77528,0.509587049484
77530,0.599751055241
77532,0.908412516117
77533,0.908260166645
77535,0.709689021111
77537,0.548108518124
77541,0.986717104912
77545,0.926699101925
77548,0.928497076035
77549,0.942909955978
77550,0.78287345171
77552,0.943735361099
77554,0.648210823536
77555,0.445783078671
77559,0.224448591471
77560,0.97873622179
77561,0.955665826797
77562,0.671085000038
77565,0.564353108406
77566,0.254921287298
77568,0.739506840706
77569,0.813749730587
77571,0.980071902275
77576,0.102375976741
77578,0.935357928276
77580,0.743231296539
77581,0.814701855183
77582,0.784555077553
77583,0.817451655865
77585,0.591791152954
77590,0.802031695843
77592,0.703704535961
77595,0.683039546013
77604,0.66896957159
77605,0.749970316887
77607,0.861493706703
77608,0.897165358067
77611,0.926764190197
77613,0.968237936497
77615,0.696495890617
77616,0.488863378763
77617,0.841574728489
77620,0.904112696648
77623,0.767532467842
77624,0.963343679905
77625,0.680517315865
77626,0.843544661999
77627,0.810763061047
77629,0.901024639606
77630,0.921916663647
77631,0.977131426334
77632,0.850736856461
77634,0.332984626293
77635,0.636013329029
77636,0.787963628769
77637,0.945792138577
77638,0.768591880798
77639,0.461729317904
77642,0.625363945961
77643,0.470696181059
77646,0.783076882362
77649,0.912233948708
77651,0.949791193008
77652,0.745128214359
77656,0.24174618721
77657,0.859403371811
77661,0.877474784851
77662,0.647169172764
77666,0.912855803967
77667,0.495446920395
77671,0.993332922459
77673,0.562715709209
77675,0.976915359497
77680,0.595965981483
77681,0.512864232063
77682,0.955727338791
77685,0.593736350536
77687,0.900801122189
77690,0.524628281593
77691,0.875203609467
77694,0.853508651257
77695,0.947888314724
77696,0.837752103806
77697,0.819881439209
77699,0.806302726269
77702,0.94028377533
77703,0.46678686142
77704,0.686223566532
77706,0.861755669117
77707,0.860177099705
77713,0.88215559721
77714,0.762356638908
77716,0.884609222412
77717,0.615303337574
77721,0.830198943615
77722,0.897927165031
77725,0.83725976944
77728,0.861629366875
77734,0.932945430279
77736,0.823643624783
77737,0.756562530994
77738,0.619965910912
77739,0.848944485188
77741,0.930242598057
77743,0.892651438713
77744,0.956480026245
77745,0.515254497528
77746,0.934103250504
77747,0.910725235939
77750,0.855860054493
77751,0.868730187416
77752,0.924229681492
77756,0.787167191505
77757,0.987106323242
77759,0.774367392063
77760,0.913751423359
77761,0.934991061687
77762,0.8039752841
77763,0.468666762114
77764,0.744094133377
77767,0.66081815958
77769,0.714449942112
77770,0.875445485115
77771,0.924833834171
77775,0.87761515379
77776,0.377903342247
77778,0.921299934387
77781,0.741694629192
77783,0.857009768486
77784,0.99196177721
77785,0.78326022625
77786,0.92223328352
77787,0.738072574139
77788,0.893667340279
77790,0.684445202351
77792,0.825709223747
77793,0.977847993374
77795,0.716560423374
77796,0.345635712147
77798,0.537570893764
77801,0.648996889591
77803,0.372280806303
77806,0.976615309715
77808,0.97953504324
77810,0.749560713768
77812,0.778335392475
77814,0.316125839949
77815,0.952898025513
77816,0.543802559376
77817,0.751015841961
77820,0.982643902302
77821,0.927524447441
77822,0.770024299622
77823,0.862714350224
77824,0.829277992249
77825,0.964034855366
77826,0.80755084753
77827,0.900197863579
77830,0.212757393718
77831,0.983102619648
77834,0.948738455772
77836,0.676508486271
77837,0.926790833473
77838,0.341653347015
77840,0.10749977082
77846,0.79309117794
77847,0.893428087234
77848,0.985500633717
77850,0.799016773701
77851,0.985480129719
77853,0.769457995892
77854,0.763737797737
77855,0.955787777901
77856,0.857388794422
77857,0.921597003937
77858,0.777094304562
77860,0.832762241364
77861,0.988656640053
77863,0.929147541523
77865,0.830582380295
77869,0.983788132668
77870,0.758033454418
77871,0.914242267609
77874,0.971043169498
77875,0.789538800716
77877,0.814176678658
77878,0.940007686615
77880,0.282808721066
77883,0.709426403046
77885,0.817214608192
77886,0.870088815689
77887,0.891159117222
77890,0.945745766163
77892,0.905882537365
77897,0.797379493713
77898,0.940322518349
77901,0.705830872059
77902,0.888380527496
77904,0.898840427399
77905,0.827167034149
77907,0.554262161255
77908,0.47331482172
77911,0.898346781731
77912,0.97335588932
77913,0.97545671463
77914,0.965297400951
77915,0.913337230682
77917,0.887307703495
77919,0.927483916283
77920,0.802998483181
77921,0.685469686985
77922,0.984716534615
77924,0.970837056637
77927,0.613943994045
77929,0.900842189789
77930,0.902215361595
77931,0.787168860435
77935,0.930774092674
77936,0.727884411812
77937,0.902620971203
77938,0.701506078243
77940,0.933518648148
77941,0.892530322075
77943,0.693042457104
77944,0.645411074162
77946,0.752980649471
77948,0.685425102711
77950,0.793070495129
77951,0.968085289001
77952,0.699035942554
77954,0.900327801704
77959,0.777483046055
77960,0.502638697624
77962,0.553072690964
77965,0.472681671381
77968,0.681304335594
77969,0.749705374241
77970,0.974739909172
77971,0.988441467285
77973,0.92816644907
77974,0.49462813139
77975,0.77151286602
77976,0.740729033947
77977,0.101870410144
77982,0.525519549847
77983,0.437719643116
77984,0.807286739349
77985,0.944317758083
77986,0.514628529549
77992,0.903410375118
77994,0.958604156971
77996,0.0379019342363
77998,0.980182647705
77999,0.882827758789
78002,0.804510176182
78004,0.980739593506
78005,0.917024672031
78007,0.953329861164
78008,0.779949188232
78009,0.699255466461
78010,0.659526348114
78011,0.463487774134
78012,0.533473491669
78015,0.618479371071
78016,0.928939700127
78017,0.944160163403
78019,0.509648621082
78024,0.673909366131
78027,0.93060451746
78030,0.948316752911
78031,0.768234550953
78034,0.827148973942
78036,0.906412363052
78041,0.842424750328
78044,0.97089266777
78045,0.987783610821
78051,0.578222513199
78052,0.955024778843
78053,0.793508768082
78055,0.822790682316
78056,0.853244781494
78057,0.960059344769
78059,0.877018809319
78061,0.902850687504
78063,0.686723411083
78064,0.202103614807
78067,0.70812267065
78068,0.90821480751
78070,0.889262795448
78071,0.862783968449
78073,0.909659326077
78074,0.792545258999
78075,0.872401118279
78077,0.83784365654
78079,0.889659941196
78080,0.955738008022
78081,0.934515058994
78082,0.839915037155
78085,0.9554002285
78090,0.97008395195
78093,0.760871171951
78094,0.817216992378
78098,0.851105809212
78100,0.715942621231
78101,0.842705488205
78102,0.813828825951
78103,0.60014384985
78104,0.973115384579
78107,0.788196921349
78108,0.753759264946
78109,0.843477845192
78112,0.272478967905
78113,0.910956442356
78116,0.910585224628
78118,0.664050161839
78119,0.84580206871
78122,0.940216124058
78123,0.518540203571
78124,0.769006550312
78125,0.953901708126
78127,0.875036120415
78128,0.871849238873
78129,0.653836965561
78134,0.236537113786
78137,0.698439896107
78143,0.940944731236
78144,0.768118560314
78145,0.778436362743
78147,0.923208475113
78148,0.886764526367
78149,0.43708267808
78153,0.61203533411
78158,0.62304520607
78159,0.88854521513
78160,0.956641972065
78161,0.892686009407
78162,0.527293682098
78163,0.353105425835
78164,0.93054485321
78166,0.930621385574
78167,0.357085227966
78168,0.544157624245
78169,0.874564170837
78173,0.843258082867
78174,0.830451071262
78175,0.98994410038
78176,0.67812371254
78178,0.987088978291
78179,0.76184374094
78180,0.756913304329
78183,0.961337268353
78187,0.613716423512
78190,0.52900326252
78192,0.808091282845
78195,0.791462957859
78197,0.919726967812
78198,0.974165558815
78199,0.977161407471
78200,0.927690923214
78201,0.969283759594
78203,0.804894804955
78206,0.507313847542
78207,0.719119131565
78209,0.986222803593
78210,0.972493231297
78212,0.949904322624
78214,0.852361381054
78215,0.868217468262
78216,0.883613884449
78217,0.875687837601
78219,0.772633671761
78221,0.65991550684
78226,0.825479388237
78232,0.62841373682
78233,0.836639106274
78235,0.937833249569
78239,0.976765990257
78240,0.376671761274
78242,0.730248689651
78243,0.528281211853
78245,0.956016182899
78248,0.932943165302
78250,0.567697227001
78253,0.762556493282
78254,0.686478793621
78255,0.615821659565
78256,0.974395394325
78257,0.92574930191
78259,0.728734850883
78262,0.986358702183
78263,0.956928312778
78266,0.65305685997
78267,0.931228518486
78268,0.674249112606
78273,0.674450039864
78274,0.905329525471
78277,0.963365018368
78282,0.827255547047
78286,0.706901609898
78287,0.678967297077
78289,0.594078719616
78292,0.666038572788
78294,0.809534311295
78300,0.990607261658
78301,0.619336843491
78303,0.63987249136
78304,0.949414491653
78305,0.864740431309
78306,0.740451514721
78308,0.97859954834
78310,0.927988409996
78311,0.985232889652
78312,0.826085627079
78313,0.827366054058
78316,0.868452727795
78318,0.877016067505
78321,0.885880887508
78322,0.690405845642
78324,0.88427567482
78325,0.503548443317
78328,0.907449841499
78329,0.796193420887
78330,0.968129992485
78332,0.979662716389
78333,0.430067658424
78335,0.660433888435
78339,0.595288693905
78340,0.922436475754
78341,0.917239785194
78343,0.92186152935
78344,0.949271976948
78346,0.904679000378
78348,0.952567577362
78349,0.971265554428
78351,0.979585707188
78352,0.968602836132
78359,0.655663907528
78360,0.792792797089
78361,0.622523188591
78362,0.961762070656
78363,0.716378986835
78364,0.410911053419
78366,0.118041291833
78368,0.88532269001
78370,0.842851281166
78372,0.799062669277
78373,0.735196053982
78374,0.916093826294
78375,0.85000950098
78377,0.687223255634
78381,0.626799345016
78382,0.885986864567
78383,0.315523862839
78386,0.842531442642
78387,0.688681900501
78389,0.957565486431
78391,0.857315301895
78392,0.911877393723
78396,0.917676150799
78398,0.894348621368
78401,0.666038870811
78402,0.943286716938
78406,0.696268200874
78408,0.928796947002
78409,0.880671083927
78411,0.964161276817
78412,0.976674437523
78413,0.551001966
78414,0.99040132761
78416,0.949662566185
78420,0.856202065945
78422,0.804871857166
78423,0.629082083702
78424,0.442731767893
78427,0.746417701244
78430,0.593766450882
78434,0.822874963284
78437,0.800779700279
78439,0.802717685699
78441,0.903461277485
78446,0.774743020535
78447,0.880643248558
78453,0.979906618595
78463,0.074760183692
78466,0.928084552288
78467,0.927976429462
78468,0.898124337196
78469,0.675276815891
78473,0.653582215309
78474,0.957500040531
78475,0.661077618599
78476,0.891089320183
78477,0.902937710285
78480,0.937601268291
78481,0.981610536575
78482,0.105888657272
78484,0.640232384205
78487,0.707898914814
78489,0.939550578594
78491,0.908875107765
78492,0.947632193565
78494,0.808918893337
78501,0.858895480633
78503,0.934450924397
78504,0.903966426849
78508,0.954179406166
78509,0.473315894604
78510,0.744708716869
78511,0.964482665062
78512,0.934076845646
78513,0.567431211472
78516,0.685691773891
78517,0.634260118008
78518,0.0583330690861
78521,0.90882229805
78522,0.934679985046
78523,0.843712985516
78525,0.848121583462
78526,0.618454396725
78528,0.708737313747
78529,0.917129874229
78530,0.967062115669
78531,0.483455628157
78533,0.977637887001
78536,0.592632889748
78537,0.558268904686
78540,0.740482568741
78543,0.85064893961
78545,0.989527881145
78547,0.939612984657
78550,0.922531843185
78552,0.860130012035
78559,0.679448127747
78560,0.733116209507
78561,0.758740365505
78562,0.612025976181
78564,0.991619586945
78565,0.842970132828
78566,0.503966450691
78572,0.886052191257
78580,0.9754550457
78582,0.975356221199
78591,0.936360061169
78596,0.986979961395
78597,0.608454585075
78598,0.764227390289
78599,0.553849339485
78603,0.925007581711
78604,0.170327097178
78606,0.729351818562
78607,0.526719748974
78608,0.856507062912
78610,0.870474815369
78614,0.977632284164
78615,0.970239043236
78616,0.925583839417
78617,0.92012989521
78619,0.822266817093
78620,0.866850018501
78621,0.904926717281
78626,0.652284145355
78628,0.880835592747
78629,0.952166199684
78631,0.843918204308
78634,0.866099715233
78639,0.97503143549
78640,0.954439520836
78641,0.582730412483
78643,0.866940200329
78644,0.726569533348
78645,0.234953641891
78647,0.69440728426
78648,0.828498184681
78652,0.8465539217
78653,0.875438570976
78655,0.682580649853
78656,0.838095784187
78657,0.971298992634
78658,0.849126636982
78659,0.620394766331
78660,0.219458684325
78661,0.968927025795
78662,0.646510660648
78663,0.711420238018
78665,0.977861702442
78670,0.856977045536
78675,0.915095090866
78677,0.861480176449
78678,0.803988575935
78680,0.523015201092
78686,0.847726821899
78687,0.863968789577
78688,0.356735318899
78689,0.75906085968
78694,0.03555906564
78695,0.342544287443
78696,0.838750779629
78698,0.811848700047
78700,0.766458451748
78701,0.949156165123
78702,0.733380615711
78704,0.972820162773
78706,0.888680398464
78707,0.958721518517
78709,0.870242238045
78711,0.912109315395
78712,0.706383883953
78717,0.581212460995
78719,0.976193904877
78720,0.762190461159
78723,0.986855208874
78724,0.814546108246
78725,0.70576685667
78728,0.557454228401
78729,0.635335683823
78731,0.864409923553
78735,0.967019200325
78741,0.847480416298
78745,0.761666357517
78746,0.892283201218
78747,0.768865823746
78750,0.388558775187
78752,0.770237445831
78753,0.638121187687
78754,0.759951531887
78757,0.950719594955
78760,0.719394922256
78761,0.830020010471
78762,0.953201651573
78764,0.793141126633
78765,0.930297613144
78766,0.752053141594
78767,0.49092617631
78771,0.9439483881
78772,0.718442499638
78774,0.976658165455
78778,0.684540748596
78782,0.859506309032
78783,0.578942239285
78784,0.394316107035
78785,0.718544721603
78786,0.941436707973
78791,0.856038153172
78793,0.859664618969
78794,0.987814188004
78795,0.887590050697
78796,0.704717159271
78797,0.971608459949
78799,0.885473370552
78800,0.955399572849
78806,0.357395291328
78807,0.955409169197
78808,0.416732192039
78809,0.736018180847
78811,0.914157509804
78812,0.922039866447
78815,0.815192162991
78816,0.904135882854
78818,0.608865618706
78821,0.8582508564
78823,0.815908491611
78825,0.970475852489
78826,0.756666243076
78827,0.732350885868
78829,0.860464215279
78830,0.719501674175
78831,0.924856245518
78832,0.942177653313
78835,0.595351696014
78837,0.799678683281
78839,0.525214374065
78840,0.20611089468
78842,0.717450380325
78843,0.639846026897
78844,0.892409920692
78848,0.910448074341
78849,0.797745049
78850,0.650524139404
78852,0.0549051426351
78854,0.688819944859
78855,0.899365127087
78858,0.790921747684
78861,0.658563911915
78862,0.570226430893
78863,0.342809200287
78865,0.774416804314
78866,0.769489645958
78867,0.966046512127
78868,0.943451225758
78869,0.772048413754
78876,0.840180873871
78877,0.694784283638
78882,0.834999620914
78886,0.838704645634
78887,0.535006165504
78889,0.828300237656
78891,0.910909354687
78893,0.32666555047
78896,0.981435060501
78898,0.84924185276
78899,0.499704062939
78900,0.97531825304
78901,0.921522855759
78902,0.976249456406
78903,0.85933560133
78906,0.660855293274
78907,0.957761764526
78910,0.486449301243
78912,0.933467328548
78914,0.619174361229
78915,0.495336443186
78916,0.883602619171
78917,0.721578240395
78918,0.820719361305
78920,0.929080069065
78921,0.692870020866
78922,0.75398850441
78923,0.969576478004
78924,0.843677282333
78929,0.885221600533
78930,0.7729601264
78931,0.749583482742
78932,0.975072383881
78933,0.959109783173
78935,0.224088937044
78937,0.86627137661
78938,0.521920502186
78941,0.854726850986
78942,0.545947432518
78947,0.895046472549
78948,0.492257297039
78950,0.971700429916
78952,0.802284121513
78954,0.773941338062
78955,0.93718868494
78957,0.593297064304
78962,0.964221775532
78963,0.665514171124
78967,0.646503090858
78971,0.897446274757
78974,0.929559290409
78981,0.650009214878
78983,0.632899284363
78984,0.774353027344
78985,0.973783910275
78987,0.862731695175
78994,0.940044641495
78997,0.976087927818
78998,0.749698340893
79002,0.864816606045
79003,0.742882192135
79004,0.741922318935
79007,0.935097396374
79016,0.658277273178
79017,0.883840203285
79021,0.613433539867
79024,0.77957880497
79027,0.882218122482
79030,0.716743946075
79031,0.975370883942
79034,0.172110006213
79035,0.943750798702
79036,0.791391432285
79037,0.905896604061
79038,0.74410790205
79039,0.645437300205
79041,0.790243804455
79042,0.863253414631
79043,0.604664385319
79044,0.757529675961
79047,0.596595168114
79048,0.961999297142
79050,0.674076259136
79051,0.923344314098
79053,0.888917505741
79054,0.801211476326
79055,0.940643906593
79059,0.729032337666
79064,0.95404624939
79065,0.137435853481
79066,0.300608187914
79068,0.991167008877
79070,0.878205835819
79072,0.805937230587
79076,0.577010750771
79080,0.717002391815
79082,0.922458410263
79085,0.784579575062
79086,0.565768420696
79088,0.940785527229
79089,0.884922146797
79091,0.956194996834
79094,0.968422234058
79099,0.63292658329
79102,0.972067058086
79103,0.833119928837
79104,0.959826052189
79105,0.601347088814
79107,0.952856004238
79110,0.896822988987
79111,0.781487584114
79112,0.658882677555
79115,0.716539382935
79117,0.640478551388
79118,0.854842483997
79119,0.570629179478
79120,0.8779053092
79121,0.942841529846
79122,0.867812335491
79126,0.824761331081
79127,0.951319277287
79128,0.415939986706
79129,0.774244785309
79130,0.827768206596
79131,0.762799263
79134,0.877386510372
79136,0.938422858715
79138,0.706252217293
79139,0.810501277447
79140,0.835616767406
79142,0.657514095306
79143,0.272372812033
79144,0.680268347263
79146,0.908899903297
79147,0.615121781826
79148,0.949484288692
79149,0.921422064304
79151,0.93039047718
79156,0.61541980505
79160,0.831894874573
79161,0.652766287327
79162,0.806683719158
79163,0.833735346794
79164,0.98367702961
79167,0.925800383091
79168,0.902802824974
79169,0.987476944923
79174,0.757170975208
79175,0.357287108898
79176,0.855020701885
79179,0.934588968754
79181,0.757901489735
79185,0.861926972866
79188,0.893972098827
79190,0.907039582729
79196,0.873064696789
79197,0.893303155899
79198,0.72852897644
79199,0.896368682384
79202,0.647748291492
79203,0.93841612339
79205,0.494985818863
79207,0.975332081318
79209,0.911496698856
79212,0.787918925285
79213,0.825224637985
79214,0.393998205662
79215,0.708014011383
79216,0.802928447723
79218,0.840902745724
79219,0.936026513577
79220,0.624382913113
79224,0.875247180462
79225,0.303992629051
79226,0.168538942933
79227,0.778409600258
79231,0.201795220375
79232,0.963635623455
79233,0.984037518501
79234,0.985977649689
79235,0.333381474018
79237,0.916026711464
79240,0.679043531418
79241,0.958301246166
79243,0.846357345581
79244,0.962407886982
79245,0.733378946781
79247,0.986399888992
79248,0.79243761301
79250,0.674374520779
79251,0.696343183517
79255,0.724737107754
79257,0.968734502792
79258,0.534464418888
79259,0.693925201893
79261,0.72143226862
79264,0.226628437638
79266,0.761044621468
79267,0.73089492321
79269,0.981162548065
79270,0.931333482265
79271,0.852091729641
79272,0.942631602287
79274,0.723213255405
79275,0.771346390247
79276,0.674460113049
79277,0.717512786388
79279,0.950480461121
79280,0.42683032155
79281,0.862902462482
79282,0.722635269165
79285,0.653053879738
79287,0.812546849251
79288,0.781513988972
79290,0.729829132557
79291,0.991429150105
79292,0.556497216225
79296,0.666067123413
79297,0.880028009415
79298,0.977397143841
79302,0.601304590702
79304,0.67659497261
79305,0.963566422462
79307,0.779690921307
79309,0.690933167934
79311,0.30610114336
79313,0.738365709782
79319,0.847408115864
79320,0.533168673515
79321,0.88493090868
79322,0.984192788601
79324,0.688100337982
79325,0.703257441521
79330,0.973774194717
79331,0.835335373878
79333,0.799748241901
79336,0.87858247757
79339,0.509265422821
79340,0.697733342648
79341,0.875385761261
79342,0.601522445679
79343,0.969593167305
79345,0.657051682472
79346,0.976259708405
79350,0.978576719761
79352,0.742644250393
79354,0.876648306847
79356,0.778999149799
79358,0.957363963127
79359,0.382985800505
79360,0.735417068005
79361,0.444463461637
79362,0.974536120892
79363,0.93214738369
79366,0.943727433681
79367,0.752311706543
79370,0.993014335632
79371,0.875349760056
79373,0.434767574072
79374,0.879917562008
79375,0.674437463284
79376,0.65250068903
79379,0.623801410198
79380,0.617736399174
79382,0.665031611919
79383,0.791634440422
79384,0.70958429575
79386,0.489593327045
79389,0.931126713753
79391,0.94563126564
79392,0.559273481369
79393,0.899905323982
79394,0.859100699425
79396,0.752366483212
79402,0.869742751122
79406,0.835991442204
79412,0.992927849293
79415,0.851320981979
79416,0.96657127142
79419,0.837952435017
79423,0.886873483658
79427,0.87293112278
79429,0.756513893604
79430,0.769828855991
79431,0.494537591934
79432,0.686342477798
79433,0.887669086456
79436,0.855323135853
79437,0.250419616699
79439,0.743287444115
79440,0.7045981884
79444,0.603685379028
79446,0.977934062481
79447,0.926845610142
79451,0.966440200806
79452,0.814241230488
79453,0.679309785366
79454,0.810526669025
79456,0.959631800652
79457,0.92432641983
79459,0.696411252022
79460,0.903965771198
79465,0.290196329355
79466,0.966693341732
79467,0.92711019516
79468,0.895534455776
79469,0.755600631237
79470,0.851238667965
79471,0.915155291557
79472,0.846308231354
79473,0.500770628452
79477,0.757106006145
79478,0.829759001732
79480,0.666755199432
79481,0.77214384079
79482,0.389418542385
79483,0.811031699181
79484,0.739010214806
79489,0.932081758976
79492,0.550821363926
79497,0.749742925167
79498,0.780937790871
79504,0.778878867626
79506,0.728773057461
79507,0.690412819386
79508,0.387431293726
79509,0.713831067085
79510,0.744126617908
79517,0.747718989849
79519,0.844939053059
79525,0.849382281303
79527,0.881440460682
79529,0.932830631733
79531,0.929751336575
79533,0.739051222801
79535,0.967005133629
79536,0.942508161068
79539,0.988770365715
79541,0.977308034897
79542,0.846135616302
79544,0.819057226181
79548,0.850049495697
79551,0.955005407333
79553,0.818780720234
79555,0.845826148987
79558,0.507178723812
79560,0.889975070953
79562,0.481517016888
79563,0.762823998928
79564,0.863813996315
79567,0.885877490044
79568,0.918642818928
79569,0.930256426334
79572,0.795200169086
79574,0.949922919273
79576,0.867600500584
79579,0.733622431755
79580,0.352428734303
79581,0.588364243507
79585,0.304411232471
79587,0.936062157154
79588,0.95690715313
79589,0.888460040092
79590,0.682327151299
79598,0.822007834911
79599,0.992615818977
79600,0.837569832802
79603,0.863152325153
79604,0.174497246742
79605,0.639782607555
79608,0.59087395668
79610,0.535687029362
79611,0.845542788506
79614,0.699528157711
79615,0.89158976078
79617,0.835765898228
79619,0.859194219112
79621,0.925619482994
79625,0.77393835783
79626,0.091731749475
79627,0.935196638107
79628,0.988595664501
79630,0.922887384892
79631,0.650366127491
79632,0.742083609104
79634,0.322007209063
79636,0.970495402813
79638,0.931485712528
79639,0.867083072662
79640,0.625041782856
79642,0.772417008877
79644,0.596079409122
79646,0.923329889774
79648,0.163456484675
79650,0.989679574966
79652,0.969409227371
79654,0.641086339951
79655,0.976376950741
79657,0.883080542088
79658,0.815474450588
79661,0.918601155281
79662,0.871639072895
79663,0.68404430151
79664,0.85463654995
79665,0.385827243328
79666,0.404731214046
79669,0.856358170509
79670,0.972889661789
79672,0.345605105162
79676,0.800545811653
79679,0.75596255064
79685,0.531306445599
79686,0.988077282906
79688,0.856247067451
79689,0.859692811966
79690,0.905460298061
79691,0.735569596291
79692,0.842104613781
79694,0.808278441429
79695,0.933348834515
79697,0.972906589508
79698,0.423005461693
79699,0.915020644665
79701,0.32809305191
79703,0.875471413136
79704,0.767583787441
79710,0.909892082214
79712,0.933155834675
79714,0.710750877857
79717,0.841928958893
79718,0.633943378925
79719,0.972892820835
79720,0.495763331652
79722,0.949701845646
79724,0.932688117027
79725,0.340274304152
79727,0.460250675678
79728,0.580467045307
79729,0.460547536612
79730,0.930999994278
79731,0.689662754536
79732,0.870333433151
79734,0.848356902599
79738,0.782196760178
79741,0.585920810699
79742,0.941691458225
79744,0.718188464642
79747,0.651672840118
79748,0.797095477581
79751,0.61606824398
79752,0.931295514107
79753,0.237826555967
79754,0.964642763138
79755,0.896711409092
79756,0.834882318974
79758,0.751254439354
79759,0.601183056831
79760,0.640555977821
79762,0.971700429916
79763,0.889810442924
79765,0.352713108063
79769,0.934911668301
79770,0.1018846035
79771,0.922105133533
79772,0.751106739044
79773,0.975244998932
79776,0.900790333748
79777,0.789227187634
79778,0.900901377201
79780,0.773112356663
79785,0.837595462799
79786,0.795759141445
79788,0.797484457493
79789,0.196847900748
79790,0.56567466259
79791,0.911363422871
79793,0.93424808979
79794,0.871318101883
79795,0.541829168797
79796,0.886382520199
79798,0.894034028053
79799,0.815738081932
79803,0.532874941826
79804,0.978732526302
79806,0.848052918911
79808,0.912641346455
79809,0.97461014986
79810,0.827889680862
79811,0.722966790199
79814,0.664453148842
79816,0.947743952274
79820,0.889931023121
79821,0.47108104825
79822,0.812467157841
79824,0.87780892849
79825,0.710734903812
79827,0.897821426392
79830,0.871577560902
79832,0.67828220129
79833,0.934649288654
79836,0.719321846962
79838,0.973047316074
79840,0.865094959736
79841,0.859944760799
79842,0.981989741325
79846,0.87580883503
79849,0.691345155239
79851,0.843099832535
79853,0.877280950546
79855,0.781093418598
79856,0.575671494007
79857,0.586219012737
79861,0.866275846958
79862,0.961387753487
79863,0.505264103413
79864,0.888543844223
79868,0.768788874149
79869,0.438292682171
79871,0.587230026722
79872,0.764363408089
79873,0.757622182369
79874,0.734042465687
79881,0.803617060184
79882,0.532940924168
79883,0.475395798683
79885,0.768222570419
79888,0.885684430599
79889,0.91155809164
79890,0.902192056179
79891,0.895794630051
79892,0.828103899956
79893,0.96616512537
79895,0.964311361313
79896,0.763273358345
79902,0.990052640438
79904,0.630665779114
79905,0.845090448856
79907,0.62391513586
79910,0.957227230072
79914,0.621516644955
79916,0.757885992527
79917,0.819413483143
79918,0.739573836327
79919,0.610569834709
79920,0.633421719074
79922,0.729681968689
79923,0.44148132205
79925,0.741706192493
79926,0.954411387444
79927,0.795175671577
79928,0.930880606174
79929,0.971527636051
79930,0.636193573475
79935,0.890717387199
79937,0.509443044662
79939,0.585099041462
79943,0.790823400021
79944,0.844707965851
79945,0.717833042145
79946,0.683270156384
79947,0.985155284405
79949,0.974227249622
79953,0.647631824017
79954,0.704724788666
79955,0.956271111965
79956,0.880123794079
79957,0.794071376324
79964,0.762765467167
79965,0.840484619141
79968,0.85957968235
79970,0.355535298586
79971,0.806671977043
79973,0.520777583122
79976,0.829788386822
79980,0.776286661625
79982,0.803749501705
79983,0.676767706871
79984,0.877387046814
79985,0.932412266731
79986,0.975146353245
79987,0.787784099579
79988,0.94037681818
79989,0.92852294445
79991,0.479570448399
79994,0.968866705894
79996,0.940924882889
80001,0.76233881712
80002,0.985585391521
80003,0.870973885059
80004,0.967559695244
80005,0.850864112377
80006,0.140652745962
80007,0.886009931564
80011,0.741337537766
80012,0.766803860664
80013,0.592300355434
80014,0.802256405354
80015,0.923768639565
80017,0.811690568924
80018,0.982837438583
80019,0.823946774006
80021,0.961198627949
80023,0.783335924149
80024,0.949872195721
80025,0.862682461739
80028,0.945233404636
80029,0.834177911282
80031,0.831846475601
80032,0.882320821285
80033,0.955187678337
80034,0.908135056496
80036,0.594565629959
80037,0.940625667572
80038,0.411641716957
80039,0.929594635963
80041,0.91242390871
80042,0.656461775303
80045,0.783952772617
80046,0.578759491444
80051,0.535405337811
80054,0.333166241646
80055,0.977998137474
80058,0.750443220139
80059,0.859740436077
80060,0.844530701637
80061,0.770021259785
80062,0.857341825962
80064,0.874206006527
80065,0.166124925017
80068,0.894054353237
80069,0.602435469627
80070,0.566144287586
80072,0.964273452759
80073,0.817765057087
80074,0.926638662815
80077,0.453058987856
80079,0.925334692001
80082,0.929073750973
80085,0.906653165817
80086,0.829075872898
80093,0.880738854408
80095,0.968640267849
80098,0.488104611635
80099,0.353821784258
80100,0.635106861591
80104,0.819428443909
80109,0.690996170044
80110,0.813805103302
80111,0.933222234249
80112,0.879584133625
80115,0.882028996944
80117,0.977522134781
80120,0.505111217499
80122,0.665690779686
80124,0.912092745304
80125,0.41644847393
80127,0.722528457642
80128,0.828041553497
80129,0.888071417809
80131,0.986867427826
80132,0.79592871666
80134,0.982044219971
80136,0.864445090294
80138,0.978282392025
80140,0.476397335529
80145,0.873072743416
80147,0.845674216747
80148,0.63601142168
80150,0.916171371937
80154,0.721425056458
80155,0.456896066666
80157,0.898392796516
80161,0.97678655386
80162,0.941376209259
80163,0.699513018131
80165,0.511607050896
80166,0.797350347042
80169,0.303298085928
80171,0.938521265984
80174,0.981442511082
80175,0.964394688606
80177,0.796207010746
80180,0.82126647234
80184,0.93863338232
80190,0.702081620693
80191,0.957275509834
80192,0.617856383324
80193,0.497433066368
80196,0.781714260578
80197,0.944900274277
80198,0.804464578629
80199,0.87293112278
80205,0.931292593479
80206,0.786955296993
80208,0.683117210865
80215,0.80376213789
80216,0.819971144199
80217,0.846281349659
80220,0.521380960941
80221,0.863929688931
80224,0.933470666409
80226,0.886376440525
80231,0.975718259811
80232,0.884837388992
80233,0.987673103809
80237,0.718081176281
80239,0.703073263168
80244,0.890022099018
80245,0.807532668114
80247,0.885019600391
80248,0.731707930565
80250,0.898852348328
80257,0.88301217556
80258,0.457452923059
80259,0.96517509222
80262,0.559379637241
80263,0.863484859467
80264,0.31714168191
80265,0.871699929237
80266,0.201498150826
80268,0.92047894001
80269,0.983311057091
80272,0.92248916626
80277,0.781265616417
80279,0.518099427223
80283,0.806987047195
80286,0.851703703403
80288,0.943758070469
80289,0.764833927155
80292,0.732257723808
80294,0.943973243237
80296,0.933300256729
80297,0.859055817127
80298,0.642920672894
80302,0.765222966671
80304,0.825597882271
80305,0.806639909744
80310,0.622095584869
80313,0.941786706448
80316,0.903225660324
80319,0.93297970295
80321,0.622006356716
80322,0.580909311771
80323,0.832279741764
80324,0.970054805279
80325,0.813911497593
80326,0.958467900753
80328,0.908280789852
80332,0.60367834568
80333,0.944855332375
80334,0.911281406879
80337,0.965064406395
80338,0.631227016449
80339,0.981444716454
80340,0.930917859077
80341,0.646443963051
80342,0.98357218504
80344,0.759198009968
80345,0.833212971687
80347,0.731581926346
80349,0.789154171944
80350,0.968847155571
80351,0.0445068962872
80353,0.968733251095
80356,0.900515675545
80357,0.958510935307
80358,0.812583327293
80360,0.708116233349
80362,0.396950989962
80365,0.966153919697
80366,0.851198911667
80367,0.714448690414
80371,0.810773193836
80374,0.668423593044
80375,0.323129713535
80376,0.468606740236
80378,0.882272183895
80379,0.777180075645
80380,0.968510329723
80382,0.82668197155
80385,0.380529344082
80386,0.676659047604
80387,0.802975893021
80389,0.946546375751
80391,0.706788063049
80394,0.759561359882
80396,0.896491110325
80398,0.759002268314
80400,0.948689222336
80403,0.45754390955
80407,0.797456026077
80413,0.874934256077
80414,0.910720944405
80415,0.937699139118
80419,0.710243582726
80421,0.739607989788
80423,0.984008073807
80424,0.923893332481
80425,0.80594009161
80429,0.903671503067
80430,0.956131696701
80432,0.823518812656
80433,0.890083312988
80437,0.8782107234
80439,0.493510693312
80442,0.702290356159
80443,0.913029193878
80444,0.851233243942
80446,0.973044037819
80447,0.896412074566
80450,0.924840450287
80451,0.945515275002
80452,0.692408621311
80455,0.406093358994
80456,0.858688592911
80458,0.916356921196
80459,0.838309586048
80462,0.742515027523
80464,0.809455871582
80466,0.986298620701
80470,0.711161196232
80472,0.968407571316
80473,0.943273544312
80474,0.827001452446
80478,0.726460516453
80479,0.954943239689
80480,0.454043507576
80481,0.881899356842
80482,0.277160108089
80483,0.760642528534
80484,0.75756841898
80485,0.889347553253
80486,0.770887672901
80487,0.377505242825
80488,0.959856450558
80489,0.842661261559
80490,0.697637915611
80492,0.461711347103
80495,0.62216591835
80497,0.939606666565
80498,0.482065558434
80501,0.979763746262
80502,0.925261735916
80505,0.832798302174
80509,0.960642158985
80510,0.658949553967
80513,0.832281589508
80516,0.639976739883
80518,0.658084273338
80519,0.948788046837
80522,0.891026377678
80526,0.91672372818
80529,0.406903862953
80531,0.752045273781
80532,0.110328227282
80537,0.88225376606
80538,0.917442798615
80539,0.881140768528
80541,0.757606744766
80542,0.657536685467
80543,0.920021831989
80544,0.697318077087
80545,0.753130376339
80546,0.235365688801
80551,0.949687421322
80552,0.879017233849
80555,0.841314077377
80556,0.838326692581
80557,0.658881902695
80561,0.775020778179
80562,0.782126426697
80569,0.821792960167
80573,0.923727333546
80574,0.901207387447
80575,0.908743619919
80576,0.989233970642
80577,0.871413588524
80578,0.947350978851
80579,0.960200786591
80580,0.242224991322
80584,0.949447274208
80588,0.709809660912
80589,0.940949499607
80590,0.99397957325
80591,0.726333975792
80592,0.772653698921
80593,0.940664410591
80596,0.906603395939
80597,0.617109060287
80598,0.60595780611
80599,0.717267394066
80600,0.229988470674
80601,0.909615397453
80605,0.525087296963
80609,0.752917647362
80611,0.536038756371
80612,0.865113258362
80613,0.743598222733
80614,0.933735609055
80615,0.957941651344
80619,0.750916600227
80621,0.947945773602
80622,0.626346766949
80623,0.779155313969
80625,0.880555093288
80628,0.823930382729
80629,0.791352450848
80630,0.668916761875
80631,0.875983417034
80632,0.527041912079
80636,0.599309504032
80639,0.239106073976
80643,0.846702098846
80644,0.981216132641
80651,0.924586415291
80654,0.709638834
80657,0.902472674847
80659,0.910341918468
80662,0.743901133537
80667,0.925201654434
80675,0.99350053072
80676,0.969694972038
80679,0.963886201382
80682,0.617901980877
80684,0.885194540024
80685,0.954670250416
80686,0.919261038303
80687,0.736617565155
80691,0.972063183784
80692,0.800166070461
80698,0.981611311436
80699,0.770849883556
80700,0.979509234428
80701,0.667208790779
80703,0.657455325127
80705,0.0670068562031
80707,0.585676670074
80708,0.653236031532
80709,0.953143358231
80711,0.639672458172
80712,0.967229127884
80714,0.957124531269
80715,0.971611022949
80716,0.777993619442
80718,0.907162308693
80720,0.756819784641
80721,0.744920253754
80722,0.203897818923
80723,0.744645833969
80724,0.822152018547
80726,0.92995518446
80727,0.379077553749
80729,0.560793042183
80735,0.0917638912797
80737,0.720682919025
80739,0.892823517323
80740,0.68675839901
80744,0.872061014175
80747,0.936770558357
80748,0.781546652317
80749,0.400284856558
80751,0.916863024235
80753,0.992152631283
80754,0.639361977577
80755,0.980566263199
80756,0.992719173431
80757,0.924764692783
80759,0.961960673332
80764,0.712559461594
80766,0.963855862617
80767,0.942545294762
80768,0.816631674767
80769,0.885279178619
80771,0.611886620522
80776,0.954353749752
80778,0.970524132252
80783,0.652160644531
80784,0.939884364605
80785,0.86836630106
80786,0.881912887096
80787,0.695925951004
80788,0.812281429768
80793,0.732278943062
80803,0.97237354517
80804,0.84532392025
80807,0.850337743759
80808,0.988554656506
80809,0.399118602276
80811,0.900967478752
80813,0.593105792999
80814,0.707528293133
80815,0.766392290592
80816,0.784677863121
80818,0.936100065708
80819,0.924665689468
80824,0.715112388134
80825,0.758454024792
80826,0.757193267345
80827,0.983756780624
80829,0.875194132328
80835,0.891274511814
80840,0.186470746994
80845,0.981968700886
80847,0.525769114494
80848,0.892914652824
80852,0.591413736343
80854,0.66135674715
80855,0.97758179903
80857,0.849304258823
80861,0.887754797935
80862,0.887743294239
80863,0.979968726635
80865,0.98710244894
80868,0.709008693695
80873,0.740725874901
80875,0.972597181797
80878,0.990291059017
80880,0.755751371384
80881,0.757135152817
80882,0.776403188705
80885,0.85670876503
80886,0.772133529186
80887,0.772313475609
80889,0.970002949238
80890,0.528753459454
80891,0.84719645977
80893,0.926112830639
80897,0.878085315228
80898,0.667443096638
80900,0.0799048170447
80904,0.536071538925
80905,0.877609074116
80906,0.843077778816
80908,0.774388253689
80910,0.911676168442
80912,0.905363559723
80913,0.806849122047
80915,0.480964064598
80920,0.910561919212
80921,0.840722084045
80926,0.969250679016
80927,0.957243144512
80930,0.489036828279
80931,0.782725155354
80932,0.944153130054
80933,0.97048842907
80934,0.937126874924
80937,0.845473349094
80939,0.773665845394
80941,0.948450684547
80948,0.650152862072
80951,0.95390868187
80953,0.966780126095
80954,0.581572532654
80955,0.88767772913
80960,0.138770461082
80962,0.796495497227
80964,0.447177767754
80966,0.945348024368
80968,0.984093308449
80972,0.82919383049
80973,0.705839931965
80975,0.79248303175
80977,0.663142204285
80978,0.761379003525
80981,0.98764115572
80982,0.912078559399
80983,0.85730355978
80984,0.968006432056
80986,0.87882655859
80987,0.816265285015
80988,0.58484518528
80992,0.779166638851
80993,0.801725149155
80994,0.790035068989
80995,0.966231584549
80996,0.939367294312
80998,0.86000674963
81000,0.906893014908
81002,0.927773833275
81005,0.873774170876
81006,0.686043381691
81008,0.930884897709
81010,0.832578480244
81012,0.773067474365
81017,0.853666603565
81018,0.648571193218
81019,0.905779123306
81025,0.953943252563
81027,0.825843274593
81028,0.883852422237
81033,0.92479211092
81034,0.591065406799
81035,0.749325633049
81037,0.794725179672
81042,0.901855885983
81043,0.875020563602
81044,0.830307722092
81047,0.785995066166
81049,0.889042437077
81053,0.799184381962
81054,0.721428930759
81055,0.851733028889
81056,0.648223638535
81057,0.805973827839
81058,0.915089488029
81060,0.906418919563
81063,0.678024947643
81064,0.600890040398
81071,0.747551500797
81072,0.780738532543
81073,0.894284129143
81074,0.424113333225
81075,0.878132760525
81079,0.732741057873
81080,0.914060950279
81081,0.796420037746
81082,0.733500957489
81083,0.766159772873
81086,0.495257616043
81087,0.97741574049
81089,0.955034852028
81092,0.919518351555
81093,0.951923072338
81094,0.857456743717
81097,0.678646564484
81102,0.980909407139
81103,0.797934055328
81105,0.724276006222
81106,0.685822844505
81108,0.59048563242
81109,0.874758780003
81111,0.753783285618
81115,0.744247198105
81119,0.890277087688
81120,0.898795902729
81121,0.4921194911
81124,0.818100512028
81126,0.904813289642
81127,0.781831860542
81128,0.861990392208
81130,0.773355424404
81131,0.874142348766
81133,0.783589839935
81135,0.977699279785
81136,0.968594074249
81137,0.925330042839
81140,0.780583739281
81142,0.7803170681
81143,0.937592983246
81146,0.944874048233
81147,0.939573824406
81151,0.86741900444
81152,0.893573880196
81153,0.985008001328
81154,0.85836994648
81155,0.820414602757
81156,0.511754930019
81157,0.887960314751
81158,0.833327114582
81160,0.712485492229
81162,0.989088952541
81166,0.913084208965
81167,0.971506297588
81169,0.588787734509
81171,0.891646623611
81175,0.841156542301
81177,0.917374193668
81178,0.703485310078
81180,0.410913169384
81181,0.854102432728
81182,0.881049692631
81183,0.745146811008
81186,0.798126339912
81188,0.98822838068
81189,0.970785856247
81191,0.969019293785
81192,0.496874034405
81194,0.991437733173
81196,0.880129575729
81205,0.94358921051
81208,0.629337489605
81209,0.954911589622
81213,0.820046782494
81214,0.231125056744
81215,0.6507152915
81216,0.865432441235
81217,0.946995794773
81218,0.777592420578
81220,0.961982786655
81223,0.952037572861
81225,0.129000335932
81227,0.880099177361
81229,0.918797373772
81230,0.654810905457
81241,0.922554373741
81242,0.820616602898
81243,0.817163646221
81248,0.297509461641
81250,0.989759862423
81253,0.942484498024
81256,0.983002364635
81257,0.947780072689
81260,0.82996827364
81264,0.279792159796
81265,0.807625114918
81266,0.573075950146
81272,0.980185985565
81275,0.963306844234
81282,0.642728745937
81283,0.841671705246
81284,0.858097374439
81288,0.85211366415
81290,0.819819331169
81291,0.716790616512
81294,0.724088847637
81298,0.88880866766
81299,0.949146389961
81300,0.951603889465
81302,0.852554857731
81306,0.929949045181
81308,0.940051078796
81309,0.83030885458
81311,0.338454097509
81312,0.974003255367
81313,0.762903511524
81315,0.915793299675
81316,0.679666340351
81317,0.331779539585
81318,0.749600470066
81321,0.762585520744
81323,0.797021389008
81326,0.554612278938
81328,0.739668667316
81329,0.774663567543
81332,0.958453655243
81335,0.954783856869
81336,0.473465830088
81337,0.75632917881
81343,0.952486753464
81344,0.950327813625
81347,0.838314712048
81348,0.661457061768
81352,0.975565850735
81354,0.651142239571
81355,0.946296572685
81356,0.676345944405
81358,0.643828749657
81360,0.903846263885
81361,0.90916377306
81362,0.918788433075
81363,0.823130548
81364,0.898781180382
81366,0.747832417488
81368,0.92928314209
81369,0.692842006683
81370,0.62513679266
81372,0.645361065865
81373,0.85867202282
81374,0.754439771175
81375,0.839293122292
81376,0.981022536755
81377,0.782492756844
81378,0.545671761036
81380,0.538281619549
81382,0.948346436024
81384,0.863177895546
81389,0.953987240791
81390,0.741057515144
81391,0.907789409161
81392,0.719766199589
81394,0.923654675484
81400,0.505564630032
81402,0.743776142597
81403,0.764186501503
81404,0.78282892704
81405,0.908389985561
81410,0.974008023739
81413,0.841884791851
81416,0.884717404842
81418,0.763699471951
81419,0.943544387817
81420,0.940668165684
81425,0.599620044231
81426,0.876328587532
81428,0.64810603857
81429,0.735459685326
81431,0.791168391705
81432,0.741003811359
81434,0.945641100407
81435,0.679662883282
81437,0.832310676575
81440,0.725752949715
81443,0.923515617847
81444,0.963853955269
81445,0.856900632381
81447,0.869693875313
81451,0.913288414478
81455,0.93663418293
81456,0.502517640591
81458,0.931371510029
81459,0.834489226341
81465,0.911015689373
81466,0.903005599976
81468,0.887988328934
81470,0.863506913185
81472,0.11424523592
81474,0.957351446152
81476,0.956772387028
81480,0.894440054893
81482,0.935382783413
81483,0.651935815811
81484,0.77740752697
81485,0.950767040253
81488,0.747330069542
81489,0.426853567362
81490,0.70475268364
81493,0.916752398014
81494,0.942744672298
81496,0.911892712116
81499,0.580668747425
81500,0.785806596279
81501,0.982578217983
81504,0.650135576725
81506,0.6060770154
81508,0.22203117609
81510,0.464817285538
81512,0.909467995167
81515,0.947541236877
81516,0.977572381496
81517,0.991218745708
81518,0.616739749908
81519,0.78882086277
81520,0.785379052162
81522,0.97548609972
81523,0.968757271767
81524,0.975978314877
81525,0.462221682072
81526,0.579806089401
81529,0.979827046394
81530,0.917751669884
81531,0.983477294445
81532,0.924902021885
81534,0.916634559631
81535,0.774927437305
81537,0.928547620773
81542,0.929395854473
81543,0.984107375145
81544,0.620377242565
81546,0.476448506117
81549,0.889488697052
81551,0.593319475651
81552,0.521463632584
81556,0.245942473412
81557,0.958798885345
81558,0.989588499069
81560,0.653250515461
81561,0.738308906555
81564,0.69534933567
81566,0.937854349613
81570,0.52340066433
81573,0.966165781021
81575,0.466778486967
81578,0.846015810966
81579,0.590579688549
81581,0.750177919865
81583,0.83031475544
81584,0.852658450603
81585,0.897096157074
81586,0.879691898823
81589,0.92904073
81593,0.403239756823
81600,0.6550385952
81601,0.72609603405
81602,0.894267857075
81603,0.882277309895
81605,0.64479881525
81607,0.806712865829
81608,0.968880474567
81609,0.853183209896
81611,0.635478675365
81612,0.856341660023
81614,0.918125212193
81615,0.883842945099
81617,0.675613284111
81618,0.617948710918
81619,0.942320823669
81621,0.830168426037
81622,0.908959686756
81624,0.935105919838
81627,0.833266854286
81629,0.985428512096
81630,0.473606854677
81631,0.975724935532
81632,0.951353371143
81635,0.888880610466
81637,0.934496641159
81640,0.696247696877
81642,0.791365325451
81645,0.533215343952
81648,0.9112611413
81651,0.860501289368
81652,0.899431109428
81654,0.918175935745
81657,0.44813272357
81658,0.780630886555
81660,0.979285299778
81661,0.721381008625
81663,0.812551379204
81664,0.90651679039
81666,0.91693508625
81667,0.605830729008
81671,0.989548444748
81673,0.886528849602
81676,0.738416850567
81677,0.757937550545
81681,0.970231175423
81682,0.6738063097
81684,0.502830803394
81685,0.619758844376
81689,0.931621015072
81692,0.770114183426
81693,0.657402873039
81695,0.770103633404
81697,0.8240275383
81700,0.404341161251
81701,0.680205464363
81705,0.979259371758
81706,0.804568469524
81708,0.820025622845
81709,0.815158784389
81710,0.898186564445
81711,0.89305305481
81713,0.661496937275
81717,0.983651101589
81718,0.330544620752
81720,0.476970285177
81721,0.60465157032
81723,0.51207780838
81724,0.813464224339
81725,0.642233073711
81726,0.68318271637
81730,0.787471234798
81731,0.832514047623
81734,0.682190775871
81735,0.741324961185
81737,0.947150945663
81739,0.829713702202
81740,0.973332643509
81741,0.641342997551
81743,0.965385496616
81744,0.765782177448
81745,0.665735244751
81746,0.887795388699
81752,0.662319242954
81753,0.846144735813
81754,0.991053521633
81755,0.775729596615
81759,0.773245275021
81761,0.529281020164
81767,0.774323284626
81768,0.79036450386
81769,0.961607694626
81770,0.823439002037
81771,0.784322619438
81772,0.430583268404
81773,0.840587794781
81775,0.85847645998
81776,0.790271162987
81780,0.931316494942
81782,0.851595759392
81784,0.88171672821
81786,0.492891311646
81787,0.425958156586
81788,0.947373449802
81790,0.970958769321
81791,0.886477231979
81792,0.863279700279
81795,0.974852621555
81796,0.92189091444
81799,0.847594857216
81801,0.544596612453
81802,0.979692161083
81803,0.936334431171
81804,0.624898195267
81808,0.919119000435
81814,0.825453877449
81819,0.579522252083
81824,0.912482738495
81827,0.36719918251
81828,0.92478454113
81829,0.777348816395
81831,0.897393584251
81834,0.662162065506
81836,0.784278810024
81838,0.884078800678
81840,0.061610467732
81842,0.90821570158
81843,0.96123868227
81845,0.750016272068
81846,0.277990072966
81847,0.748461604118
81849,0.908752083778
81851,0.83088684082
81853,0.405591934919
81856,0.96870225668
81857,0.89993005991
81860,0.976100742817
81863,0.820030510426
81869,0.938319146633
81870,0.884702920914
81874,0.990353047848
81876,0.871168613434
81877,0.333377957344
81878,0.648642420769
81882,0.441879928112
81886,0.957452476025
81889,0.890405833721
81893,0.980438709259
81894,0.909120559692
81900,0.62130022049
81901,0.986031532288
81905,0.845296442509
81906,0.875722110271
81907,0.752469718456
81908,0.953843593597
81910,0.857084989548
81912,0.611931145191
81917,0.902879953384
81918,0.967368423939
81920,0.931190192699
81921,0.928958833218
81922,0.526121497154
81925,0.986383080482
81928,0.769559442997
81931,0.826375484467
81934,0.893546164036
81936,0.674732685089
81938,0.841625392437
81939,0.564262986183
81941,0.930414736271
81944,0.940203368664
81945,0.834697604179
81946,0.990276455879
81947,0.77366310358
81948,0.462753176689
81950,0.833872795105
81951,0.657046556473
81953,0.637138843536
81954,0.933278977871
81955,0.964947402477
81956,0.723315596581
81963,0.63618016243
81964,0.981333553791
81967,0.619096875191
81968,0.292787969112
81971,0.979967296124
81972,0.957054793835
81973,0.872284770012
81975,0.894691348076
81979,0.864791512489
81980,0.852269649506
81984,0.747372865677
81988,0.884592831135
81989,0.888176739216
81994,0.643474698067
81999,0.861235320568
82001,0.967200934887
82002,0.898790895939
82004,0.863541424274
82005,0.966229021549
82008,0.897722780704
82014,0.929592132568
82017,0.579527020454
82018,0.585186600685
82019,0.390378087759
82020,0.781425714493
82021,0.88414734602
82025,0.95014166832
82030,0.915555000305
82035,0.0490863658488
82036,0.863392531872
82037,0.703912615776
82040,0.885592520237
82044,0.753059327602
82047,0.882427036762
82050,0.921670913696
82053,0.580135524273
82055,0.82896488905
82057,0.475873082876
82058,0.937289178371
82060,0.753808021545
82061,0.936830282211
82063,0.917550981045
82065,0.916771113873
82066,0.882794559002
82067,0.732897281647
82071,0.405642211437
82072,0.922886967659
82075,0.954604685307
82077,0.820649862289
82078,0.796511471272
82079,0.882162630558
82080,0.771191239357
82082,0.964053332806
82084,0.856692016125
82085,0.384327709675
82087,0.973319172859
82089,0.344108372927
82090,0.782311737537
82092,0.909884274006
82093,0.829559385777
82098,0.953101098537
82099,0.61941498518
82103,0.59197306633
82105,0.977796137333
82106,0.385321944952
82107,0.77191478014
82108,0.753190517426
82111,0.723812222481
82112,0.685346722603
82115,0.888360977173
82117,0.443079918623
82118,0.977241635323
82122,0.840742051601
82125,0.972868561745
82127,0.882029652596
82128,0.802664995193
82130,0.490121036768
82131,0.872688770294
82132,0.649495184422
82133,0.819551348686
82135,0.934953570366
82136,0.534430325031
82137,0.395078927279
82138,0.825041353703
82139,0.986345827579
82141,0.327703863382
82142,0.780133605003
82144,0.4151032269
82145,0.983840286732
82146,0.879391252995
82147,0.928823292255
82148,0.794369339943
82151,0.888842761517
82152,0.565069079399
82153,0.647661924362
82154,0.662590026855
82157,0.669457316399
82158,0.61326867342
82162,0.874365270138
82164,0.809670686722
82165,0.839485406876
82166,0.892408072948
82167,0.699859678745
82169,0.909648478031
82171,0.948343873024
82177,0.611772477627
82178,0.782055139542
82180,0.990170776844
82182,0.756957352161
82183,0.744426131248
82188,0.826952934265
82189,0.581493139267
82190,0.634364128113
82193,0.700915455818
82197,0.593680381775
82201,0.978255808353
82203,0.777651369572
82207,0.77038025856
82208,0.272459983826
82209,0.848263204098
82210,0.927097678185
82211,0.716042399406
82212,0.679439365864
82213,0.788502812386
82215,0.890171349049
82217,0.842672288418
82219,0.975357472897
82220,0.858183383942
82222,0.121660493314
82223,0.728310644627
82227,0.511524200439
82228,0.577804803848
82232,0.963411152363
82233,0.197103753686
82234,0.846748769283
82236,0.355595380068
82237,0.655512094498
82252,0.969077587128
82253,0.532629311085
82257,0.414509832859
82260,0.895719051361
82262,0.846996366978
82263,0.571644723415
82270,0.987095236778
82271,0.88681948185
82272,0.57963258028
82273,0.978389501572
82274,0.892550289631
82275,0.825506389141
82276,0.968519985676
82278,0.530630946159
82279,0.467024505138
82280,0.868910431862
82282,0.593686401844
82283,0.496059089899
82292,0.970899999142
82293,0.918793559074
82294,0.708663165569
82295,0.892958760262
82297,0.800185978413
82302,0.699901401997
82303,0.249440848827
82304,0.851355731487
82306,0.671054542065
82308,0.544798016548
82309,0.622086644173
82310,0.789989233017
82311,0.969002723694
82313,0.848975479603
82316,0.965036869049
82318,0.895726442337
82320,0.859995186329
82322,0.98046630621
82324,0.911265075207
82325,0.73779052496
82330,0.721919417381
82333,0.954848766327
82334,0.967996776104
82336,0.745989203453
82337,0.422338634729
82338,0.960985422134
82339,0.764129817486
82345,0.938789069653
82348,0.734495639801
82349,0.881451845169
82350,0.963001966476
82352,0.767103493214
82353,0.658927440643
82354,0.827569961548
82357,0.97970277071
82359,0.97786295414
82360,0.879885673523
82361,0.715549767017
82362,0.945719957352
82364,0.874476850033
82365,0.878482103348
82367,0.412176251411
82368,0.68878865242
82369,0.860282063484
82371,0.807107269764
82375,0.898200511932
82376,0.901368558407
82377,0.77623051405
82379,0.821928739548
82382,0.98087054491
82385,0.591707766056
82386,0.762229800224
82388,0.889727890491
82390,0.892937719822
82391,0.924722194672
82398,0.645931661129
82399,0.161134749651
82400,0.616581618786
82403,0.544686198235
82407,0.747532427311
82408,0.859049081802
82411,0.923173308372
82412,0.86170643568
82414,0.877203345299
82415,0.942540109158
82416,0.661786258221
82418,0.632587909698
82419,0.876092791557
82420,0.841573774815
82421,0.633967995644
82422,0.497635751963
82427,0.831815958023
82430,0.940327584743
82432,0.487439066172
82434,0.724447071552
82435,0.823219358921
82436,0.559528410435
82437,0.91733276844
82439,0.795674681664
82440,0.931997656822
82442,0.986411690712
82443,0.893449664116
82444,0.654756009579
82449,0.646153151989
82450,0.358384907246
82452,0.436814039946
82454,0.899055421352
82457,0.405287086964
82459,0.798609375954
82461,0.98058450222
82469,0.97789233923
82471,0.583775937557
82472,0.332936763763
82473,0.859346926212
82475,0.933018922806
82476,0.900778234005
82478,0.549893736839
82479,0.554240465164
82480,0.925450861454
82481,0.485254377127
82483,0.965150237083
82485,0.911614656448
82487,0.889092504978
82493,0.434851169586
82494,0.459088891745
82498,0.991764128208
82499,0.8430595994
82504,0.875240325928
82505,0.82347202301
82507,0.761386990547
82508,0.938855350018
82510,0.795520961285
82513,0.877669394016
82515,0.796503067017
82516,0.654340624809
82517,0.862912833691
82519,0.975670278072
82521,0.869340956211
82523,0.854363679886
82524,0.919987916946
82525,0.782765090466
82526,0.923410594463
82527,0.804608404636
82529,0.612862467766
82531,0.925932765007
82532,0.540390789509
82536,0.483128130436
82537,0.914276123047
82538,0.921127200127
82540,0.965316474438
82543,0.666744172573
82546,0.972563683987
82549,0.869493484497
82550,0.934299170971
82551,0.77648973465
82554,0.948401033878
82555,0.974883139133
82556,0.852453231812
82557,0.910186946392
82558,0.950630187988
82561,0.437527626753
82566,0.680350542068
82569,0.963100612164
82570,0.893156290054
82573,0.941793978214
82576,0.884605050087
82578,0.87064653635
82579,0.461620897055
82580,0.748763024807
82581,0.75222414732
82584,0.708012640476
82588,0.954523146152
82590,0.945851862431
82592,0.895566761494
82593,0.972167849541
82595,0.79679620266
82596,0.845758616924
82600,0.693491518497
82603,0.708446681499
82604,0.588566422462
82608,0.453381597996
82610,0.883534252644
82611,0.502053022385
82614,0.727492332458
82615,0.870048284531
82617,0.898641705513
82618,0.993970632553
82619,0.75879240036
82620,0.602611601353
82623,0.972992241383
82624,0.960047602654
82630,0.723784208298
82632,0.921242117882
82633,0.788810312748
82634,0.91972899437
82635,0.94280230999
82638,0.347778141499
82641,0.847408175468
82643,0.923544347286
82644,0.951851248741
82645,0.631495893002
82646,0.586804449558
82648,0.873569488525
82650,0.796334266663
82652,0.831718444824
82654,0.777699649334
82655,0.83229970932
82656,0.381763339043
82657,0.47906935215
82660,0.93986594677
82666,0.691660225391
82668,0.661429941654
82669,0.112001016736
82670,0.638906478882
82671,0.77897721529
82672,0.875468075275
82673,0.857288479805
82674,0.961596012115
82677,0.867626011372
82679,0.683964192867
82680,0.619300603867
82682,0.679467737675
82683,0.695477902889
82684,0.618775606155
82685,0.719102740288
82686,0.713356435299
82687,0.942629694939
82691,0.81934016943
82692,0.222099095583
82693,0.928823888302
82694,0.651852667332
82698,0.631591141224
82701,0.885294139385
82702,0.981630504131
82703,0.295866131783
82704,0.920750081539
82705,0.812195599079
82706,0.937893569469
82712,0.928560972214
82716,0.511583268642
82717,0.902745187283
82718,0.9106092453
82719,0.807382166386
82721,0.838635861874
82722,0.578571379185
82723,0.948948740959
82724,0.911581397057
82725,0.926935136318
82726,0.979409039021
82728,0.972956061363
82729,0.840743243694
82731,0.926888525486
82734,0.868248343468
82736,0.979847848415
82739,0.302285164595
82740,0.90543872118
82741,0.783789694309
82742,0.90185636282
82744,0.813541769981
82745,0.566250026226
82747,0.872348606586
82752,0.795873761177
82754,0.654453337193
82755,0.359678685665
82757,0.822818219662
82759,0.979003369808
82760,0.971753537655
82764,0.972389400005
82765,0.944684445858
82768,0.959343373775
82771,0.686556518078
82773,0.559131145477
82775,0.720901787281
82780,0.247994720936
82781,0.889171183109
82782,0.928102791309
82783,0.936822235584
82784,0.884201943874
82785,0.946927785873
82786,0.775334656239
82787,0.744258165359
82788,0.93165153265
82790,0.968872785568
82792,0.906771719456
82798,0.0644491687417
82799,0.826689839363
82800,0.959578037262
82803,0.951846957207
82804,0.647979021072
82807,0.916004180908
82808,0.673236787319
82814,0.970961034298
82816,0.986464262009
82817,0.567528545856
82818,0.405452698469
82821,0.719761788845
82822,0.571164011955
82824,0.792752146721
82827,0.768826007843
82829,0.993096649647
82830,0.581863880157
82831,0.922485113144
82833,0.627039074898
82836,0.981884419918
82837,0.807578027248
82838,0.937198281288
82839,0.558894991875
82840,0.568707108498
82841,0.86587703228
82845,0.961384534836
82846,0.992443025112
82850,0.606270372868
82852,0.800563931465
82853,0.870537221432
82855,0.901715636253
82856,0.732568085194
82857,0.771250367165
82858,0.549400985241
82859,0.645176708698
82860,0.126988694072
82861,0.528509497643
82862,0.942131221294
82865,0.936797738075
82866,0.946021556854
82867,0.709147572517
82868,0.929542005062
82871,0.587114214897
82874,0.944972097874
82875,0.693397819996
82876,0.861547470093
82880,0.597522079945
82883,0.942916631699
82884,0.658708572388
82887,0.960838377476
82890,0.491653978825
82891,0.762603640556
82892,0.747605144978
82893,0.647213995457
82896,0.752144813538
82897,0.984177947044
82901,0.537053644657
82903,0.772768259048
82904,0.947557151318
82905,0.918205499649
82908,0.839047849178
82909,0.931767642498
82911,0.939415991306
82912,0.954412043095
82914,0.631094396114
82915,0.903346478939
82916,0.801536858082
82918,0.964442193508
82920,0.54340082407
82921,0.904129743576
82922,0.927950441837
82923,0.886150956154
82924,0.879603803158
82925,0.979102671146
82926,0.988311946392
82928,0.944579660892
82930,0.869025111198
82931,0.489447414875
82932,0.980239570141
82934,0.986403107643
82935,0.978062570095
82937,0.969051718712
82939,0.90949678421
82940,0.787584602833
82941,0.953762471676
82945,0.883145809174
82947,0.978159427643
82948,0.931999444962
82949,0.76791870594
82950,0.884236335754
82954,0.0632519051433
82955,0.873339474201
82956,0.913579165936
82957,0.976570427418
82958,0.725407779217
82959,0.790124893188
82960,0.82415407896
82962,0.87912350893
82963,0.161260247231
82966,0.460065603256
82967,0.963797390461
82968,0.477083414793
82970,0.697317123413
82974,0.972616016865
82975,0.768092513084
82976,0.648035407066
82977,0.906572520733
82981,0.918171823025
82982,0.988043963909
82986,0.890188038349
82987,0.79325056076
82991,0.971445202827
82994,0.976212322712
82995,0.781745553017
82996,0.694534242153
82997,0.789640247822
82998,0.704626560211
82999,0.846688091755
83000,0.65577685833
83002,0.580316007137
83003,0.95314002037
83005,0.915699005127
83006,0.281608521938
83007,0.656531572342
83009,0.325524568558
83010,0.980127215385
83011,0.766658723354
83012,0.74339056015
83015,0.706184625626
83016,0.835802078247
83017,0.916707038879
83018,0.991095662117
83019,0.913207709789
83021,0.583417534828
83026,0.716383695602
83027,0.902121067047
83028,0.841073989868
83029,0.986664175987
83031,0.755206346512
83032,0.73004001379
83034,0.877033054829
83039,0.579318225384
83041,0.951252639294
83043,0.663681030273
83047,0.785507977009
83050,0.699873566628
83052,0.878893792629
83059,0.818297863007
83060,0.699710488319
83061,0.790994346142
83063,0.986047744751
83064,0.714348077774
83067,0.803034543991
83068,0.963532984257
83069,0.974258601665
83072,0.867988526821
83073,0.98991805315
83074,0.607702434063
83076,0.626523256302
83078,0.928503751755
83079,0.707642018795
83080,0.876705169678
83082,0.718526721001
83084,0.750386297703
83085,0.793007493019
83087,0.881938278675
83089,0.529229104519
83090,0.60581356287
83095,0.964739084244
83096,0.932914733887
83097,0.824281156063
83098,0.807202637196
83099,0.947693765163
83100,0.688273668289
83103,0.667787313461
83104,0.984547674656
83110,0.762034595013
83111,0.971524298191
83112,0.964326441288
83114,0.604969024658
83115,0.80328130722
83116,0.776200175285
83121,0.460504740477
83126,0.761216163635
83129,0.876052737236
83131,0.977058291435
83132,0.678056180477
83133,0.808359622955
83135,0.786389946938
83144,0.965513586998
83149,0.963834583759
83151,0.605641186237
83152,0.900935828686
83157,0.867108166218
83158,0.794816017151
83164,0.989856123924
83165,0.754497408867
83167,0.850109636784
83168,0.773252248764
83171,0.965184748173
83175,0.603396594524
83176,0.50573849678
83178,0.885942816734
83179,0.986406981945
83180,0.761052310467
83181,0.879778385162
83182,0.912592351437
83184,0.852569758892
83186,0.716654419899
83187,0.510691404343
83188,0.761047840118
83189,0.848112523556
83190,0.741603791714
83192,0.571572363377
83193,0.913806676865
83196,0.762250483036
83198,0.865620970726
83200,0.763050794601
83201,0.694133341312
83204,0.796667993069
83206,0.975824952126
83207,0.853368341923
83210,0.351116001606
83213,0.549823999405
83214,0.967492818832
83215,0.752193808556
83216,0.528683125973
83217,0.895298659801
83219,0.627125799656
83220,0.724492311478
83223,0.739973247051
83227,0.92683160305
83228,0.557385921478
83230,0.341996729374
83231,0.876760721207
83232,0.546880543232
83233,0.954914093018
83234,0.892430722713
83235,0.894850552082
83236,0.880380511284
83238,0.941850423813
83242,0.892806708813
83244,0.809260070324
83245,0.416960000992
83246,0.924394071102
83248,0.7433193326
83251,0.585334837437
83254,0.743520855904
83255,0.850153565407
83257,0.932116746902
83259,0.832429349422
83262,0.64350348711
83263,0.748814105988
83264,0.690616548061
83265,0.793112337589
83269,0.981318175793
83271,0.819564342499
83272,0.80768340826
83275,0.962951421738
83277,0.846671998501
83279,0.971625983715
83281,0.174169793725
83283,0.971260368824
83285,0.889951884747
83286,0.96684551239
83287,0.705741226673
83289,0.947109758854
83290,0.607610166073
83291,0.559773862362
83292,0.956291139126
83293,0.815027594566
83300,0.700073301792
83304,0.958984434605
83308,0.920142829418
83310,0.801875710487
83311,0.647751271725
83314,0.503144800663
83315,0.974181056023
83316,0.709670186043
83317,0.917139172554
83319,0.934646248817
83320,0.125272870064
83326,0.971318781376
83328,0.769443392754
83329,0.741744041443
83331,0.657820224762
83332,0.753541350365
83333,0.61097151041
83334,0.587830960751
83336,0.848256409168
83339,0.834946215153
83340,0.839379966259
83343,0.759247660637
83347,0.872329294682
83350,0.714094340801
83352,0.959136962891
83353,0.801020741463
83355,0.794149398804
83356,0.846090555191
83362,0.96164727211
83365,0.913726627827
83368,0.747039735317
83369,0.92252188921
83370,0.945988059044
83372,0.840763807297
83374,0.770488262177
83375,0.785852074623
83384,0.677984118462
83386,0.765509963036
83389,0.989372074604
83390,0.832639336586
83391,0.949717402458
83395,0.969264388084
83398,0.767594397068
83400,0.938594460487
83404,0.918120980263
83406,0.816581368446
83407,0.791129410267
83409,0.988996863365
83410,0.651071369648
83419,0.744035601616
83421,0.848938405514
83423,0.721227586269
83424,0.713926136494
83426,0.64577883482
83427,0.811149597168
83428,0.70048224926
83429,0.382618635893
83430,0.892903923988
83433,0.773899257183
83434,0.542894184589
83436,0.873147726059
83439,0.222542628646
83440,0.933482944965
83444,0.62556874752
83445,0.588299632072
83446,0.746919214725
83447,0.726592242718
83448,0.984342694283
83449,0.980674803257
83453,0.615196704865
83455,0.578866183758
83459,0.773499488831
83460,0.78140693903
83461,0.812474548817
83462,0.733850121498
83464,0.940313696861
83466,0.832375109196
83473,0.695359706879
83474,0.515161752701
83475,0.911625087261
83476,0.868823051453
83478,0.864936470985
83480,0.955634355545
83482,0.708830296993
83484,0.89079785347
83485,0.891171991825
83487,0.343362927437
83488,0.938551604748
83489,0.711745560169
83491,0.854256391525
83492,0.985881209373
83496,0.702229321003
83497,0.963817834854
83498,0.658870100975
83500,0.940552473068
83504,0.844344317913
83506,0.426131129265
83508,0.716615915298
83509,0.804209828377
83511,0.32561391592
83513,0.979844212532
83515,0.503764152527
83516,0.46605220437
83517,0.736584842205
83518,0.491221308708
83520,0.943341612816
83526,0.887248516083
83528,0.871416568756
83529,0.928888082504
83531,0.836694121361
83533,0.735043644905
83537,0.935290157795
83540,0.70648932457
83541,0.887607097626
83542,0.900343537331
83543,0.571325421333
83546,0.937159657478
83550,0.601737618446
83551,0.694627583027
83554,0.249742299318
83556,0.574285447598
83559,0.951274931431
83561,0.488403856754
83562,0.764541566372
83563,0.945585131645
83564,0.966111958027
83565,0.453488558531
83566,0.977319419384
83567,0.917561709881
83569,0.354157239199
83575,0.943565547466
83576,0.657246828079
83577,0.641784250736
83578,0.575357198715
83580,0.971477270126
83582,0.982063531876
83585,0.358597904444
83590,0.748363912106
83591,0.708302497864
83596,0.932407557964
83598,0.920204997063
83600,0.9666223526
83601,0.775877952576
83602,0.498860090971
83603,0.885750174522
83604,0.806267917156
83607,0.644167363644
83609,0.732389390469
83610,0.94085842371
83611,0.808188438416
83612,0.528408527374
83613,0.758592307568
83615,0.930785477161
83621,0.762979328632
83624,0.629655301571
83629,0.956212759018
83635,0.79736661911
83640,0.894519507885
83642,0.887445211411
83643,0.880470395088
83644,0.728640377522
83648,0.473666280508
83649,0.802316188812
83650,0.90038383007
83652,0.571966409683
83653,0.721136987209
83655,0.91114372015
83657,0.418051928282
83658,0.869816243649
83661,0.112402662635
83662,0.941672205925
83663,0.748755693436
83664,0.730060875416
83665,0.500567317009
83666,0.796203494072
83667,0.892406821251
83672,0.468897163868
83675,0.320693969727
83683,0.892663598061
83685,0.936628222466
83686,0.833654403687
83688,0.0736310482025
83689,0.389828115702
83690,0.989688336849
83693,0.195824891329
83694,0.778227388859
83695,0.721488595009
83697,0.907731354237
83698,0.658533990383
83703,0.790502011776
83704,0.60849750042
83706,0.986269056797
83707,0.810354173183
83709,0.641915798187
83710,0.941718697548
83711,0.889302074909
83715,0.954084336758
83717,0.753081083298
83718,0.944176197052
83719,0.886759579182
83720,0.490955024958
83724,0.976503431797
83725,0.831328630447
83726,0.700424253941
83734,0.592234373093
83735,0.894744217396
83737,0.979950547218
83738,0.592932999134
83739,0.910570025444
83741,0.227512210608
83745,0.533037900925
83751,0.887114107609
83752,0.724986612797
83753,0.973758816719
83755,0.948120296001
83757,0.813642442226
83758,0.5274938941
83759,0.972369432449
83762,0.726776599884
83767,0.881494998932
83768,0.95083796978
83769,0.863383829594
83771,0.914514183998
83773,0.812710881233
83774,0.970481276512
83775,0.845774829388
83776,0.990932822227
83779,0.939225792885
83780,0.67266368866
83781,0.66803842783
83783,0.680435359478
83788,0.908356308937
83789,0.789996504784
83790,0.623827457428
83795,0.792336523533
83799,0.580371975899
83801,0.964421570301
83802,0.740195274353
83803,0.840828359127
83805,0.839629650116
83807,0.895530223846
83808,0.592481672764
83810,0.975614786148
83813,0.987193763256
83815,0.949931561947
83816,0.876600027084
83817,0.717647075653
83823,0.777397572994
83826,0.793004989624
83828,0.898386478424
83829,0.794421970844
83830,0.937175571918
83831,0.594414174557
83835,0.964667975903
83839,0.45665037632
83841,0.960059285164
83842,0.96974003315
83844,0.832860529423
83846,0.660888671875
83851,0.793015480042
83852,0.930636525154
83853,0.571569800377
83854,0.694496273994
83856,0.73133379221
83858,0.669514298439
83859,0.879416584969
83860,0.831128954887
83862,0.773550987244
83863,0.791655778885
83864,0.871305525303
83865,0.686203181744
83866,0.979960262775
83868,0.989143908024
83869,0.928595662117
83870,0.931576490402
83871,0.704164147377
83872,0.4103551507
83873,0.917722404003
83874,0.878905236721
83875,0.92993915081
83876,0.954007506371
83878,0.615922927856
83880,0.934794962406
83884,0.933252871037
83887,0.908116996288
83888,0.934600532055
83890,0.812742114067
83892,0.541318714619
83893,0.937297165394
83894,0.797374546528
83895,0.706243395805
83896,0.959725558758
83900,0.745208501816
83901,0.928089022636
83903,0.855732440948
83904,0.687022984028
83905,0.924209237099
83912,0.827849268913
83914,0.699258625507
83915,0.97798115015
83916,0.906188011169
83917,0.965484678745
83918,0.850571095943
83919,0.821995079517
83922,0.416933149099
83926,0.798473358154
83927,0.849048376083
83928,0.585727870464
83929,0.952836334705
83931,0.690047860146
83935,0.796312093735
83936,0.927123725414
83939,0.963281750679
83940,0.487198024988
83941,0.699228823185
83942,0.890532433987
83943,0.554974138737
83947,0.921536564827
83951,0.983005702496
83952,0.613945782185
83957,0.811836779118
83964,0.56765806675
83967,0.904491424561
83968,0.707612156868
83970,0.706637382507
83971,0.955511808395
83972,0.715016126633
83973,0.969240963459
83974,0.808448970318
83976,0.810501456261
83978,0.754523098469
83981,0.895946085453
83982,0.847026288509
83984,0.558194756508
83987,0.982108175755
83989,0.782056033611
83991,0.894014358521
83997,0.992972373962
84001,0.990376532078
84002,0.289374351501
84004,0.81827545166
84005,0.668747365475
84006,0.590584158897
84007,0.87501758337
84009,0.965759038925
84010,0.937104463577
84011,0.867048203945
84014,0.949331343174
84015,0.969643175602
84016,0.972882807255
84017,0.971024274826
84018,0.947870671749
84020,0.899056375027
84021,0.602582097054
84022,0.840776026249
84024,0.919796228409
84028,0.745085418224
84029,0.696323692799
84034,0.758889138699
84038,0.803125560284
84039,0.891820132732
84041,0.444725215435
84043,0.503767728806
84044,0.938598036766
84045,0.699331045151
84047,0.841322183609
84049,0.880744993687
84050,0.345469474792
84052,0.677004277706
84059,0.568551838398
84060,0.899226486683
84061,0.985502123833
84063,0.966912150383
84066,0.944698929787
84068,0.861672699451
84069,0.87785089016
84072,0.947351038456
84077,0.152696356177
84079,0.136965915561
84080,0.568572402
84082,0.545146465302
84083,0.859735071659
84084,0.934188067913
84087,0.985205054283
84088,0.966650903225
84091,0.952233195305
84092,0.890693902969
84096,0.493410140276
84098,0.990237057209
84100,0.625815749168
84101,0.547058939934
84102,0.596203923225
84103,0.889039814472
84105,0.68546128273
84106,0.789201259613
84107,0.570808827877
84113,0.913138210773
84114,0.76648080349
84116,0.978065431118
84117,0.453198969364
84125,0.739295959473
84126,0.802063584328
84127,0.910841226578
84128,0.753349721432
84132,0.990415453911
84134,0.881154000759
84137,0.912238240242
84141,0.979824662209
84144,0.950065791607
84147,0.774718284607
84148,0.906102657318
84149,0.985394239426
84152,0.972777664661
84155,0.598611176014
84156,0.762828350067
84157,0.790401756763
84162,0.982880532742
84164,0.731018185616
84165,0.967660486698
84167,0.721633136272
84169,0.0590266697109
84170,0.88526237011
84171,0.620816349983
84178,0.961681604385
84179,0.682297468185
84180,0.965339899063
84181,0.473808139563
84182,0.363988369703
84183,0.97027605772
84185,0.927492618561
84186,0.859986007214
84187,0.950520336628
84188,0.160741403699
84195,0.499159097672
84197,0.92290610075
84198,0.478130578995
84200,0.885161221027
84204,0.976442992687
84208,0.989304184914
84211,0.67118704319
84217,0.787228882313
84220,0.579223752022
84222,0.663306176662
84227,0.649921000004
84228,0.962189733982
84231,0.911434471607
84232,0.88338124752
84233,0.737167000771
84234,0.656469404697
84235,0.871715605259
84238,0.836044311523
84239,0.0440636388958
84241,0.119165599346
84242,0.897305369377
84245,0.6203738451
84247,0.698586165905
84249,0.47233620286
84250,0.947314143181
84259,0.861874639988
84260,0.740328073502
84262,0.848620772362
84263,0.980522930622
84265,0.556095421314
84266,0.404445141554
84267,0.975236952305
84268,0.337766110897
84270,0.75084477663
84271,0.894367873669
84274,0.989031255245
84276,0.775099873543
84277,0.506479561329
84279,0.831224501133
84280,0.936582922935
84285,0.843385398388
84287,0.91562306881
84288,0.609539866447
84289,0.796986877918
84293,0.94446760416
84294,0.791856527328
84297,0.725730955601
84299,0.99208343029
84300,0.944848120213
84302,0.849412441254
84307,0.895157814026
84308,0.594402968884
84312,0.954214096069
84315,0.790985584259
84317,0.78630399704
84318,0.576891601086
84320,0.409083604813
84322,0.977707147598
84323,0.72501462698
84328,0.881114542484
84331,0.669099092484
84333,0.478754013777
84337,0.769937455654
84338,0.781488358974
84343,0.942763090134
84346,0.613110661507
84349,0.882399141788
84352,0.88712978363
84355,0.949171066284
84356,0.875544905663
84357,0.797587454319
84358,0.967592835426
84359,0.969471931458
84363,0.918914616108
84365,0.98496311903
84366,0.513830602169
84369,0.701072573662
84372,0.904122054577
84374,0.844987988472
84377,0.986495137215
84378,0.513850450516
84383,0.762346684933
84385,0.35582908988
84386,0.753489732742
84388,0.988893091679
84389,0.8532127738
84390,0.752451598644
84392,0.924096822739
84393,0.85533028841
84394,0.964551746845
84398,0.939773201942
84399,0.323517262936
84401,0.810046136379
84402,0.556334078312
84403,0.796946465969
84404,0.113142892718
84406,0.958405375481
84407,0.809113740921
84408,0.981660604477
84410,0.746560871601
84412,0.926370799541
84413,0.907519161701
84417,0.74716591835
84418,0.737105429173
84419,0.565649092197
84423,0.908003628254
84426,0.838243365288
84428,0.978599965572
84429,0.687609553337
84430,0.939461529255
84433,0.325678169727
84435,0.952419698238
84439,0.913266718388
84440,0.11773686856
84441,0.677577257156
84445,0.805823624134
84446,0.98149061203
84452,0.906735777855
84458,0.939814865589
84459,0.709984600544
84462,0.781167685986
84465,0.428496181965
84466,0.726953744888
84467,0.989358663559
84468,0.543960094452
84473,0.948544621468
84474,0.871561825275
84478,0.760464847088
84480,0.651699304581
84484,0.986130297184
84485,0.700016081333
84486,0.753481149673
84487,0.860655963421
84489,0.839570760727
84491,0.695256888866
84492,0.94862562418
84493,0.976792037487
84494,0.881328046322
84498,0.650933921337
84503,0.760354757309
84504,0.96488058567
84508,0.483489006758
84509,0.829078435898
84512,0.779098689556
84514,0.830335736275
84515,0.817191839218
84516,0.647359251976
84519,0.891911625862
84521,0.656306862831
84524,0.877230226994
84525,0.855813443661
84526,0.756494998932
84527,0.963090062141
84528,0.606369614601
84529,0.379627645016
84533,0.708306074142
84535,0.928150236607
84537,0.582540690899
84539,0.862302064896
84541,0.948573887348
84542,0.926918029785
84545,0.976562023163
84546,0.874061465263
84547,0.699353933334
84549,0.928141832352
84552,0.951128602028
84553,0.968820154667
84554,0.645303845406
84555,0.959709227085
84556,0.889554083347
84559,0.796697497368
84560,0.703571915627
84561,0.794248521328
84562,0.980462551117
84563,0.94192636013
84564,0.874919176102
84566,0.966008007526
84567,0.960652530193
84568,0.297657698393
84569,0.478667795658
84571,0.570461809635
84573,0.927353918552
84575,0.870010137558
84577,0.843615591526
84578,0.909783422947
84581,0.922972381115
84584,0.931632816792
84586,0.861595213413
84589,0.872409641743
84590,0.931897103786
84592,0.712061822414
84595,0.714673876762
84597,0.95474511385
84599,0.65226316452
84600,0.86204957962
84601,0.865915894508
84602,0.338884741068
84603,0.650502860546
84607,0.718112647533
84610,0.54986923933
84611,0.708593726158
84612,0.889564156532
84614,0.846524119377
84616,0.962430298328
84618,0.7193800807
84623,0.632299125195
84624,0.780095934868
84625,0.958275437355
84626,0.823954582214
84628,0.755575358868
84632,0.937965154648
84634,0.966729104519
84638,0.790997266769
84639,0.719847500324
84640,0.907079219818
84641,0.604339241982
84644,0.809912085533
84645,0.970358014107
84646,0.798062860966
84648,0.92983263731
84649,0.934125959873
84651,0.79712831974
84652,0.496256232262
84654,0.77766430378
84655,0.0528781749308
84657,0.685515105724
84659,0.859309375286
84660,0.694400310516
84661,0.734454870224
84662,0.985866844654
84666,0.728395402431
84668,0.959379911423
84669,0.871827721596
84671,0.539390146732
84672,0.456378817558
84673,0.874427616596
84677,0.0758496373892
84678,0.876562297344
84681,0.552012205124
84683,0.560733497143
84684,0.987810373306
84689,0.865336835384
84691,0.953471601009
84695,0.940503776073
84696,0.740837574005
84697,0.851773023605
84699,0.49408018589
84700,0.821747720242
84704,0.67928314209
84706,0.852686882019
84707,0.918239474297
84708,0.853163659573
84709,0.979311287403
84710,0.769588291645
84711,0.910038948059
84712,0.975079953671
84713,0.974667787552
84714,0.713595688343
84715,0.772937238216
84718,0.887544870377
84720,0.949673473835
84724,0.453208684921
84725,0.298037588596
84726,0.0415386743844
84730,0.743087649345
84735,0.740531682968
84738,0.582566559315
84739,0.938166260719
84744,0.659048080444
84751,0.866341233253
84752,0.443482875824
84754,0.637743294239
84756,0.627960503101
84757,0.961833000183
84758,0.935176610947
84759,0.762794613838
84760,0.911620795727
84763,0.868256688118
84764,0.969306826591
84765,0.859304964542
84766,0.794539868832
84767,0.111659422517
84768,0.805982232094
84769,0.956086695194
84774,0.889759302139
84779,0.396905601025
84781,0.571432054043
84783,0.989160954952
84784,0.677009046078
84785,0.969159901142
84787,0.970920085907
84791,0.548719465733
84792,0.764047563076
84795,0.364026933908
84800,0.564003705978
84801,0.378602653742
84804,0.797096252441
84805,0.687023639679
84807,0.982863485813
84810,0.881791889668
84811,0.959877669811
84812,0.634165465832
84814,0.875431537628
84815,0.917326211929
84821,0.741753220558
84822,0.816890060902
84824,0.858715772629
84827,0.709157705307
84831,0.27804172039
84834,0.681781470776
84835,0.956549167633
84837,0.686684131622
84840,0.451010018587
84842,0.609039247036
84843,0.958082556725
84844,0.86143887043
84850,0.661873996258
84852,0.903443157673
84854,0.848537802696
84855,0.682809889317
84860,0.760201931
84861,0.876704275608
84865,0.777121424675
84868,0.676686286926
84870,0.806381225586
84871,0.658503651619
84872,0.614039123058
84873,0.73925024271
84876,0.557881474495
84877,0.949774742126
84878,0.723985314369
84884,0.803104758263
84886,0.919273138046
84888,0.677280366421
84890,0.663837850094
84891,0.8988083601
84892,0.9669085145
84893,0.467102915049
84895,0.92140775919
84898,0.19247636199
84900,0.9730271101
84901,0.921724975109
84902,0.535721480846
84903,0.894284844398
84906,0.560690164566
84909,0.900118231773
84910,0.674090087414
84917,0.877733230591
84918,0.826396942139
84920,0.493805348873
84921,0.930692732334
84922,0.949732244015
84923,0.880043506622
84924,0.887923717499
84925,0.770414710045
84927,0.918993651867
84936,0.991745889187
84937,0.928651690483
84938,0.914245069027
84939,0.761980593204
84941,0.323881864548
84942,0.92812526226
84943,0.792423188686
84945,0.977027177811
84946,0.952877104282
84947,0.88773393631
84951,0.941527605057
84955,0.455906182528
84956,0.969900906086
84958,0.837366998196
84960,0.61416631937
84961,0.943099737167
84964,0.93563657999
84965,0.850997924805
84967,0.601423203945
84968,0.983271420002
84969,0.777816593647
84975,0.842443525791
84976,0.782890677452
84977,0.945319116116
84978,0.846241295338
84981,0.752971887589
84984,0.642662882805
84989,0.459408134222
84990,0.902668535709
84991,0.893574535847
84992,0.757178783417
84993,0.858031868935
84996,0.983674049377
84997,0.760865151882
85000,0.543184220791
85001,0.877197146416
85002,0.981178462505
85003,0.985829114914
85004,0.824642717838
85006,0.728288412094
85007,0.855373263359
85008,0.819101512432
85009,0.511070549488
85010,0.944996237755
85011,0.773842453957
85013,0.762531280518
85020,0.701978504658
85022,0.760966300964
85023,0.966796517372
85024,0.958493888378
85026,0.968086481094
85033,0.927579641342
85034,0.759401798248
85039,0.926208555698
85041,0.973047554493
85043,0.789808988571
85044,0.675583362579
85045,0.694530189037
85046,0.924324691296
85047,0.934067726135
85051,0.574686944485
85054,0.71035605669
85055,0.88495361805
85057,0.759910702705
85059,0.940432906151
85061,0.852219521999
85063,0.966432929039
85064,0.520824491978
85065,0.779343962669
85067,0.657167494297
85071,0.993712186813
85074,0.748606681824
85076,0.721663594246
85078,0.711900055408
85079,0.863324582577
85082,0.174835458398
85084,0.949553370476
85085,0.705755710602
85086,0.958267867565
85087,0.954438507557
85090,0.841742753983
85091,0.9196626544
85092,0.902728259563
85094,0.93718123436
85095,0.562486052513
85096,0.983704268932
85099,0.925396561623
85100,0.456713587046
85101,0.864570438862
85102,0.924541890621
85104,0.989393472672
85107,0.943339705467
85108,0.893296897411
85110,0.800999224186
85111,0.829212725163
85112,0.682312369347
85114,0.944728374481
85118,0.985896527767
85121,0.989933669567
85122,0.890156328678
85125,0.627134621143
85127,0.877320945263
85132,0.897263228893
85134,0.583759427071
85135,0.768110334873
85136,0.748935043812
85137,0.984928667545
85138,0.569894373417
85139,0.985162675381
85140,0.952734053135
85141,0.615661382675
85146,0.941455304623
85147,0.866158485413
85149,0.991252601147
85150,0.758673191071
85151,0.984241425991
85153,0.528458952904
85156,0.907357990742
85157,0.831597447395
85158,0.523874282837
85159,0.962400913239
85160,0.767644703388
85161,0.137600928545
85162,0.672787368298
85164,0.836475014687
85170,0.41375297308
85171,0.751836180687
85173,0.897082448006
85176,0.925416469574
85178,0.864940822124
85184,0.889140844345
85189,0.816239535809
85192,0.953772544861
85194,0.754111230373
85195,0.935368776321
85196,0.921329677105
85197,0.825869679451
85199,0.866737127304
85202,0.575624704361
85203,0.680325329304
85204,0.854178369045
85206,0.857292473316
85207,0.543257892132
85208,0.871512174606
85209,0.804903924465
85213,0.979270815849
85214,0.893528461456
85215,0.489374309778
85217,0.882762253284
85218,0.964439630508
85219,0.948557913303
85220,0.793749332428
85221,0.991074740887
85222,0.804152667522
85224,0.802450418472
85226,0.976912379265
85228,0.656619608402
85234,0.982536435127
85235,0.973259806633
85239,0.978986144066
85240,0.142020702362
85241,0.975131332874
85244,0.917882800102
85245,0.836224615574
85246,0.933148741722
85248,0.614298224449
85250,0.868323206902
85251,0.937771379948
85257,0.84916549921
85258,0.792941987514
85259,0.667104244232
85264,0.731034576893
85266,0.873270988464
85267,0.64456397295
85268,0.897420227528
85270,0.810371637344
85276,0.736036360264
85277,0.357773333788
85279,0.77830940485
85280,0.756477534771
85281,0.92269217968
85282,0.725716352463
85287,0.535240530968
85290,0.809910714626
85291,0.664558112621
85292,0.711098790169
85293,0.379006683826
85294,0.325563937426
85295,0.559396803379
85297,0.860063970089
85302,0.982097089291
85308,0.525859177113
85309,0.862451255322
85310,0.650530517101
85313,0.825004339218
85316,0.973957002163
85319,0.783602118492
85320,0.928255856037
85322,0.86821693182
85325,0.515162348747
85337,0.687727034092
85338,0.725776791573
85342,0.541678667068
85343,0.92089432478
85344,0.411117106676
85347,0.904824912548
85348,0.985977172852
85350,0.833088338375
85351,0.789967298508
85353,0.543360471725
85354,0.976129293442
85357,0.786315560341
85358,0.417166531086
85359,0.741546273232
85361,0.98183709383
85362,0.875661373138
85365,0.840933442116
85367,0.791170537472
85368,0.972789049149
85369,0.750584840775
85370,0.95896089077
85371,0.758660197258
85373,0.969508826733
85375,0.599908947945
85381,0.921672701836
85384,0.934077143669
85388,0.989366352558
85389,0.48341190815
85390,0.992847383022
85391,0.837687194347
85393,0.875818490982
85398,0.814374506474
85400,0.900275409222
85402,0.959201872349
85403,0.958321750164
85404,0.729040205479
85406,0.648206114769
85409,0.654410302639
85411,0.832040309906
85412,0.925096869469
85413,0.462824344635
85418,0.633132398129
85420,0.842367231846
85421,0.933122694492
85422,0.975260794163
85425,0.450705975294
85426,0.593513667583
85427,0.633966803551
85431,0.418636500835
85432,0.88256663084
85434,0.872513771057
85437,0.910996615887
85442,0.833238124847
85444,0.219977527857
85448,0.76973259449
85453,0.934163212776
85454,0.875226557255
85455,0.829803466797
85456,0.875054061413
85457,0.30772036314
85459,0.952386915684
85460,0.940105676651
85466,0.690576672554
85467,0.69132488966
85468,0.827095448971
85470,0.444932073355
85471,0.721438348293
85478,0.98153090477
85479,0.906195938587
85495,0.894324481487
85496,0.879087150097
85497,0.658648192883
85498,0.559973180294
85499,0.674158215523
85501,0.752637922764
85502,0.757817268372
85503,0.971392989159
85504,0.982324957848
85505,0.457137137651
85507,0.874562203884
85508,0.760523676872
85509,0.523953318596
85512,0.249231353402
85514,0.991174936295
85516,0.716354429722
85517,0.973817288876
85518,0.936412930489
85521,0.806341528893
85523,0.708631694317
85524,0.846216022968
85526,0.153696194291
85528,0.919138550758
85529,0.912460029125
85532,0.785080075264
85534,0.828270852566
85535,0.918126344681
85537,0.754613339901
85538,0.973828136921
85541,0.690553545952
85543,0.734725296497
85544,0.809322178364
85545,0.800640165806
85546,0.520498037338
85549,0.404136270285
85552,0.731661200523
85554,0.685397267342
85558,0.739472210407
85559,0.949860095978
85560,0.788719296455
85562,0.424675822258
85563,0.958898067474
85564,0.646748960018
85565,0.967234373093
85567,0.820859730244
85571,0.809041559696
85573,0.564681828022
85580,0.884994983673
85583,0.446218132973
85586,0.84230363369
85588,0.980712771416
85591,0.912996888161
85592,0.984667599201
85593,0.868101477623
85594,0.89886623621
85595,0.938814103603
85596,0.920203089714
85599,0.976792752743
85600,0.84739369154
85601,0.498785465956
85603,0.834377944469
85604,0.430162340403
85605,0.675620138645
85607,0.917313158512
85609,0.968306064606
85610,0.810125172138
85612,0.960250496864
85614,0.488062888384
85617,0.649855196476
85618,0.905433833599
85619,0.808857619762
85624,0.807578265667
85625,0.684573531151
85626,0.905147850513
85628,0.86209833622
85629,0.71600151062
85631,0.868093073368
85633,0.9515376091
85634,0.857334792614
85635,0.840493202209
85639,0.804451823235
85640,0.880944848061
85641,0.840205550194
85642,0.56534832716
85644,0.811475992203
85646,0.585969090462
85647,0.963714241982
85652,0.594759643078
85653,0.621038854122
85654,0.321528792381
85657,0.774973094463
85658,0.989583790302
85660,0.959320664406
85661,0.966572463512
85662,0.616919755936
85663,0.798779249191
85664,0.435572683811
85665,0.954268097878
85668,0.734983503819
85670,0.590545654297
85672,0.924516320229
85674,0.981286466122
85676,0.832181036472
85677,0.904519498348
85679,0.654556512833
85684,0.565684258938
85686,0.973830163479
85687,0.985405027866
85691,0.56519061327
85693,0.61403721571
85695,0.882943451405
85697,0.975673675537
85698,0.935198187828
85699,0.98279106617
85700,0.787293553352
85702,0.616503000259
85704,0.705261409283
85706,0.257851183414
85707,0.633591771126
85709,0.691909253597
85711,0.797855496407
85713,0.562308013439
85715,0.968070745468
85717,0.494150489569
85718,0.238206237555
85720,0.905929267406
85722,0.801816940308
85723,0.884765923023
85724,0.263072013855
85726,0.698601126671
85727,0.798095524311
85728,0.532929182053
85733,0.657456874847
85735,0.411512643099
85737,0.938861906528
85740,0.656949400902
85743,0.90560311079
85745,0.921872079372
85746,0.942240297794
85748,0.89934360981
85749,0.460842937231
85752,0.672938644886
85753,0.980613231659
85754,0.676171422005
85756,0.942963600159
85760,0.447368651628
85761,0.855417907238
85762,0.697766244411
85765,0.747151255608
85767,0.959011495113
85768,0.967046737671
85769,0.746992409229
85770,0.94957357645
85773,0.955100238323
85774,0.959853947163
85777,0.865339696407
85778,0.66835308075
85779,0.726466238499
85780,0.912057638168
85781,0.726803541183
85784,0.775653362274
85785,0.898603737354
85786,0.881897211075
85787,0.301892340183
85788,0.879996418953
85789,0.97728651762
85790,0.95640206337
85794,0.986858963966
85795,0.721536755562
85796,0.993653774261
85798,0.953186273575
85803,0.943129301071
85804,0.910770595074
85807,0.683496117592
85808,0.603058636189
85809,0.826783299446
85810,0.97810703516
85813,0.744475722313
85817,0.936616718769
85822,0.811295151711
85823,0.980660021305
85824,0.786070406437
85825,0.52168315649
85826,0.876497447491
85832,0.969682872295
85833,0.888852536678
85834,0.779067218304
85835,0.82445281744
85837,0.987014174461
85838,0.984772324562
85839,0.891718685627
85842,0.891088485718
85843,0.484727740288
85845,0.650123238564
85846,0.909921169281
85848,0.887955784798
85849,0.99397367239
85850,0.667351424694
85852,0.791891634464
85853,0.535093963146
85855,0.915374159813
85856,0.921441912651
85858,0.763455331326
85861,0.726012349129
85862,0.985247969627
85863,0.552877724171
85864,0.923300623894
85868,0.264173567295
85871,0.669298827648
85872,0.669370770454
85873,0.972297310829
85874,0.982377648354
85875,0.910163760185
85876,0.935939252377
85877,0.714681327343
85881,0.603346884251
85883,0.954416811466
85884,0.912682592869
85887,0.613449394703
85888,0.721628665924
85890,0.82020932436
85894,0.839694440365
85896,0.823640346527
85897,0.950376987457
85898,0.916778624058
85902,0.922204852104
85903,0.674649953842
85904,0.573274433613
85905,0.388547539711
85910,0.993843793869
85911,0.81766885519
85912,0.86684769392
85913,0.945262074471
85914,0.98520898819
85917,0.926330268383
85918,0.467045813799
85920,0.729444026947
85922,0.521509587765
85926,0.83917170763
85927,0.87071377039
85929,0.638265669346
85935,0.939147472382
85936,0.548273444176
85937,0.852724909782
85938,0.883816123009
85941,0.269076764584
85942,0.959460496902
85944,0.94402295351
85948,0.973058819771
85949,0.982308626175
85950,0.883537113667
85952,0.978444159031
85953,0.886389732361
85954,0.881375253201
85956,0.747794091702
85962,0.716756463051
85964,0.757513821125
85966,0.832468092442
85973,0.727735638618
85974,0.979479134083
85976,0.437691450119
85980,0.579224705696
85981,0.460991799831
85982,0.976653158665
85984,0.9380453825
85985,0.969590723515
85993,0.983533322811
85994,0.348299503326
85995,0.953193485737
85996,0.831727147102
86002,0.942265987396
86003,0.648275136948
86004,0.833867788315
86006,0.867948651314
86012,0.777286589146
86013,0.968399643898
86014,0.504510104656
86016,0.984035015106
86017,0.894476294518
86021,0.881264686584
86024,0.877402365208
86027,0.859935820103
86028,0.395798623562
86029,0.880879104137
86034,0.788895905018
86035,0.720686972141
86036,0.71344602108
86038,0.952893674374
86039,0.816507101059
86040,0.718789100647
86041,0.946444272995
86044,0.919067978859
86047,0.676302134991
86048,0.965422034264
86051,0.814742088318
86053,0.243171408772
86055,0.872607946396
86056,0.624718368053
86057,0.672036290169
86058,0.943353950977
86067,0.870830118656
86068,0.819452166557
86071,0.573240101337
86073,0.73754632473
86074,0.803184330463
86075,0.891031563282
86077,0.752713501453
86082,0.90982991457
86083,0.915426909924
86088,0.86371576786
86089,0.82279920578
86090,0.739739894867
86091,0.993474662304
86092,0.96821385622
86094,0.95376855135
86095,0.857625842094
86096,0.854417026043
86097,0.929212212563
86099,0.979978740215
86101,0.779917836189
86102,0.47981569171
86104,0.0890340283513
86105,0.968879282475
86106,0.953501939774
86107,0.990225374699
86108,0.638518571854
86110,0.107911191881
86115,0.671127200127
86117,0.973748981953
86121,0.980344295502
86123,0.943972945213
86124,0.742696940899
86129,0.921229183674
86133,0.860795080662
86137,0.697157204151
86138,0.834490656853
86139,0.90561747551
86140,0.9607655406
86142,0.932998180389
86143,0.612634956837
86144,0.319508343935
86145,0.735775828362
86147,0.548947453499
86149,0.764639735222
86152,0.952148377895
86154,0.382734894753
86160,0.771239519119
86161,0.502697169781
86162,0.972895562649
86164,0.991762876511
86165,0.48125898838
86168,0.747231006622
86174,0.98147124052
86175,0.940909087658
86176,0.747213423252
86178,0.856447100639
86179,0.897374093533
86185,0.889167428017
86190,0.85471701622
86191,0.759339869022
86194,0.922594070435
86195,0.624364316463
86196,0.564062178135
86198,0.959120512009
86200,0.962572753429
86202,0.802054047585
86205,0.625497460365
86206,0.565161287785
86207,0.970058143139
86208,0.711053907871
86209,0.943275570869
86210,0.490444272757
86212,0.93934571743
86213,0.624106109142
86214,0.782913148403
86218,0.956017494202
86219,0.91658359766
86221,0.950136423111
86224,0.965534925461
86226,0.910135388374
86227,0.78411924839
86228,0.833649992943
86229,0.856454670429
86230,0.779272019863
86232,0.617755293846
86239,0.936234414577
86241,0.842323482037
86244,0.967123091221
86246,0.773806989193
86248,0.683214128017
86251,0.874254822731
86252,0.843392074108
86253,0.251523792744
86255,0.615426242352
86257,0.823801040649
86260,0.84555965662
86261,0.836029827595
86263,0.734925806522
86265,0.925227940083
86266,0.716489255428
86268,0.983395814896
86269,0.866769731045
86270,0.881470739841
86271,0.749373614788
86273,0.976404666901
86275,0.711502194405
86276,0.808422863483
86278,0.965061187744
86279,0.889913797379
86281,0.979763090611
86283,0.940685153008
86286,0.70210057497
86287,0.906411588192
86288,0.791656672955
86289,0.78998363018
86290,0.905803799629
86291,0.799854815006
86293,0.674456238747
86294,0.899127542973
86295,0.903890490532
86296,0.889617502689
86297,0.622458517551
86298,0.852132618427
86299,0.841627061367
86304,0.633076190948
86306,0.602889418602
86308,0.957304537296
86309,0.930883347988
86310,0.885454773903
86312,0.923360466957
86313,0.986859202385
86314,0.94120657444
86316,0.566798150539
86317,0.927516102791
86320,0.900982141495
86321,0.376597344875
86322,0.941956937313
86323,0.954184293747
86325,0.750427424908
86327,0.964348137379
86328,0.575550794601
86330,0.761564850807
86331,0.96235024929
86332,0.967488706112
86333,0.832933962345
86336,0.936397850513
86348,0.554301321507
86350,0.782041072845
86352,0.531426608562
86354,0.855448782444
86355,0.921872675419
86357,0.969785094261
86358,0.726697921753
86361,0.675666213036
86362,0.704682350159
86364,0.518825232983
86367,0.918497264385
86368,0.95614027977
86369,0.665134906769
86372,0.649956822395
86373,0.716495156288
86374,0.430686295033
86375,0.885724842548
86376,0.904258012772
86377,0.74933129549
86383,0.667652726173
86385,0.868224680424
86389,0.88088953495
86391,0.923598349094
86392,0.929620087147
86394,0.678093254566
86397,0.708828866482
86400,0.939298689365
86401,0.895652711391
86403,0.415245383978
86404,0.854902803898
86405,0.717439174652
86406,0.646403253078
86409,0.846582114697
86410,0.940656781197
86411,0.675302803516
86416,0.784942448139
86418,0.991315603256
86420,0.824523925781
86422,0.712735176086
86425,0.527385413647
86426,0.906213283539
86427,0.91432517767
86428,0.770902574062
86435,0.529775381088
86437,0.86620849371
86439,0.974767804146
86441,0.691203176975
86442,0.94924980402
86443,0.842009603977
86448,0.798665463924
86450,0.9900354743
86451,0.963180422783
86453,0.64247918129
86455,0.944426000118
86458,0.703154504299
86459,0.92229694128
86461,0.843468010426
86463,0.886941730976
86464,0.948935627937
86465,0.903439581394
86467,0.535784125328
86469,0.721461236477
86470,0.902314603329
86472,0.873179197311
86473,0.836833894253
86475,0.984100878239
86476,0.727479934692
86477,0.485211253166
86479,0.153609484434
86482,0.897118389606
86483,0.511324226856
86486,0.962057232857
86489,0.682289838791
86492,0.393633872271
86495,0.685826420784
86497,0.616361439228
86498,0.147118166089
86500,0.743799626827
86502,0.10053384304
86508,0.927766740322
86510,0.669485032558
86511,0.812951624393
86512,0.834998011589
86514,0.870602071285
86515,0.964358687401
86518,0.987279653549
86521,0.987466037273
86523,0.865981340408
86527,0.740689635277
86528,0.886730849743
86530,0.858732640743
86531,0.833747088909
86532,0.823372960091
86535,0.725404143333
86537,0.0964850410819
86538,0.885666310787
86539,0.896625757217
86543,0.819151043892
86545,0.983776271343
86546,0.882083535194
86548,0.349984139204
86550,0.834739029408
86554,0.984557747841
86555,0.776584684849
86556,0.964503467083
86557,0.968760430813
86560,0.952498853207
86567,0.735438585281
86568,0.547591626644
86569,0.92352616787
86570,0.725251972675
86579,0.730308830738
86581,0.885396182537
86582,0.756194472313
86583,0.737111926079
86584,0.944166660309
86586,0.871259570122
86587,0.885596632957
86588,0.982770204544
86589,0.975005924702
86590,0.849442899227
86592,0.913251936436
86594,0.664320707321
86595,0.901626706123
86598,0.569722890854
86600,0.675349533558
86603,0.478515744209
86604,0.685225069523
86605,0.917031288147
86608,0.963035881519
86609,0.973060309887
86611,0.767345488071
86613,0.368177443743
86614,0.360065966845
86615,0.191850572824
86617,0.812152981758
86620,0.988044202328
86624,0.984324336052
86626,0.895988404751
86627,0.781569361687
86628,0.794589161873
86629,0.686078965664
86630,0.947491109371
86632,0.784957766533
86636,0.988640666008
86638,0.867279827595
86639,0.919949650764
86640,0.862563610077
86641,0.947275936604
86642,0.644693136215
86643,0.906519412994
86646,0.825765788555
86647,0.79358369112
86649,0.928757667542
86652,0.734733939171
86653,0.994967758656
86655,0.688373327255
86656,0.88532269001
86657,0.890305221081
86660,0.951135158539
86661,0.749527692795
86662,0.948390424252
86663,0.862392127514
86665,0.690476894379
86667,0.981141746044
86669,0.91581350565
86670,0.933953821659
86672,0.656961321831
86673,0.740745425224
86679,0.764059066772
86680,0.547613739967
86681,0.887985289097
86682,0.92004096508
86683,0.687946677208
86686,0.6573741436
86688,0.801110267639
86691,0.964743852615
86692,0.407051801682
86693,0.897893726826
86695,0.844895064831
86696,0.759598791599
86705,0.79272133112
86706,0.647075235844
86707,0.833487451077
86709,0.596435546875
86710,0.68146032095
86712,0.706017315388
86713,0.881141483784
86714,0.925176739693
86715,0.905170023441
86717,0.989604473114
86719,0.88249284029
86720,0.938501298428
86721,0.932995676994
86725,0.710191845894
86726,0.715640127659
86727,0.745623826981
86728,0.602796673775
86729,0.989725649357
86734,0.836806416512
86737,0.903137087822
86738,0.582902550697
86739,0.532051622868
86740,0.643790364265
86745,0.977661550045
86746,0.963504433632
86747,0.862421274185
86748,0.740354239941
86749,0.979205071926
86750,0.975523352623
86753,0.600375652313
86754,0.996022045612
86755,0.84135812521
86757,0.743901014328
86758,0.87032866478
86759,0.78258317709
86762,0.150481939316
86765,0.882253289223
86767,0.941309571266
86768,0.91175955534
86772,0.821914255619
86774,0.708933413029
86778,0.953579485416
86782,0.300753563643
86783,0.89460593462
86784,0.273538202047
86785,0.977583885193
86788,0.926195561886
86789,0.980648696423
86791,0.750209987164
86792,0.838728606701
86794,0.606757760048
86798,0.973209559917
86800,0.072652079165
86801,0.741092920303
86803,0.904528021812
86804,0.927328169346
86807,0.826160907745
86810,0.539355933666
86812,0.972699820995
86813,0.628666043282
86814,0.920334219933
86815,0.757358849049
86818,0.947135448456
86819,0.91700643301
86821,0.858639538288
86826,0.761412978172
86827,0.733685493469
86829,0.90216344595
86833,0.739519238472
86835,0.987377941608
86837,0.860928118229
86839,0.982511878014
86846,0.98516279459
86847,0.75061327219
86853,0.684099972248
86854,0.957731902599
86857,0.987525343895
86859,0.162280753255
86861,0.764184832573
86866,0.971854269505
86869,0.723387777805
86871,0.806712210178
86877,0.885170638561
86879,0.952789485455
86882,0.693379640579
86885,0.978716790676
86886,0.915971517563
86887,0.125965118408
86888,0.705621600151
86891,0.991186320782
86892,0.809108972549
86893,0.680746734142
86895,0.771694898605
86896,0.41005718708
86897,0.913967549801
86898,0.923985660076
86899,0.909881234169
86901,0.973224341869
86902,0.919835984707
86903,0.448847979307
86904,0.764076828957
86905,0.781942307949
86913,0.628000199795
86915,0.88730853796
86916,0.907512366772
86917,0.91880863905
86918,0.619615852833
86919,0.972657203674
86920,0.745839297771
86923,0.678560256958
86924,0.870482027531
86926,0.728176653385
86931,0.811458408833
86941,0.894160985947
86943,0.523090660572
86945,0.948332309723
86946,0.928715527058
86950,0.804825782776
86951,0.781907975674
86956,0.906621694565
86957,0.220626801252
86958,0.0924482792616
86961,0.887719750404
86963,0.670933187008
86966,0.783963143826
86968,0.853825092316
86971,0.775907158852
86975,0.102394208312
86978,0.926032721996
86979,0.966278851032
86980,0.979280292988
86981,0.63994550705
86983,0.639582574368
86985,0.299359321594
86988,0.767355978489
86992,0.860664367676
86994,0.974693417549
86998,0.95269370079
86999,0.628114163876
87001,0.488694429398
87002,0.327002584934
87003,0.90630453825
87004,0.927506804466
87008,0.878331243992
87009,0.837233126163
87011,0.885516941547
87012,0.803574323654
87014,0.791784882545
87015,0.717594981194
87017,0.429705291986
87019,0.462542563677
87020,0.560049295425
87022,0.875354409218
87024,0.974568128586
87025,0.619424700737
87027,0.82689511776
87028,0.615823209286
87030,0.95829898119
87033,0.823441267014
87034,0.639432191849
87035,0.97106385231
87036,0.883232653141
87040,0.437836527824
87041,0.810504436493
87042,0.979226231575
87046,0.884383738041
87050,0.959788382053
87051,0.987230360508
87057,0.641423165798
87058,0.860391736031
87059,0.504825174809
87060,0.92641377449
87061,0.633757591248
87062,0.458841890097
87063,0.925560951233
87068,0.97188436985
87070,0.895392298698
87074,0.580680549145
87075,0.646510004997
87076,0.479547083378
87077,0.693227291107
87079,0.626567602158
87081,0.528549611568
87082,0.444662213326
87085,0.527750790119
87086,0.986287951469
87087,0.846245467663
87088,0.808409631252
87089,0.875846087933
87092,0.652505099773
87094,0.956387341022
87097,0.854470610619
87099,0.468815535307
87101,0.983684659004
87102,0.659412264824
87103,0.801402628422
87107,0.881587386131
87108,0.956797599792
87110,0.842601776123
87113,0.715862095356
87114,0.496435850859
87115,0.844475388527
87118,0.933910489082
87119,0.954207479954
87121,0.904571413994
87122,0.366894423962
87123,0.964502811432
87124,0.982797503471
87129,0.777462005615
87130,0.836259007454
87132,0.666878283024
87134,0.917480230331
87135,0.968772172928
87138,0.952332258224
87139,0.826447069645
87141,0.956598162651
87143,0.981277525425
87148,0.972573637962
87149,0.504783987999
87155,0.767410993576
87157,0.615918040276
87158,0.828582882881
87159,0.898444652557
87161,0.762747883797
87163,0.972479045391
87165,0.40437066555
87166,0.584111154079
87167,0.918261170387
87169,0.896191239357
87174,0.839488387108
87175,0.610109806061
87181,0.578668892384
87182,0.884982764721
87184,0.735623002052
87185,0.898271381855
87186,0.816245436668
87188,0.542406916618
87189,0.883082389832
87192,0.969406843185
87196,0.950221955776
87197,0.812880814075
87199,0.920147836208
87204,0.237622722983
87205,0.768075287342
87206,0.790715396404
87207,0.827429711819
87208,0.480612337589
87209,0.661705613136
87210,0.805307626724
87211,0.903997838497
87212,0.732510864735
87213,0.785000443459
87214,0.818289875984
87215,0.72943007946
87216,0.893098115921
87218,0.670452058315
87221,0.674908816814
87223,0.954576551914
87224,0.382965117693
87228,0.800997018814
87229,0.795488536358
87232,0.665234863758
87233,0.72877407074
87237,0.980676293373
87239,0.647360146046
87240,0.788642585278
87241,0.502777040005
87246,0.305466592312
87247,0.727109134197
87248,0.984916627407
87249,0.861844539642
87251,0.971952021122
87252,0.85831451416
87253,0.723223686218
87255,0.898067891598
87256,0.69928508997
87261,0.980357706547
87263,0.934048354626
87264,0.890519857407
87267,0.934590876102
87268,0.900451898575
87272,0.526969015598
87273,0.348953694105
87274,0.624144017696
87276,0.675413131714
87278,0.967045366764
87279,0.784949839115
87283,0.0947626680136
87284,0.80104804039
87285,0.461573123932
87286,0.970974385738
87287,0.945912122726
87289,0.940435945988
87291,0.871629714966
87292,0.960551857948
87295,0.980245769024
87296,0.62832814455
87298,0.885063946247
87300,0.780494689941
87301,0.956724703312
87303,0.954689264297
87306,0.945005953312
87308,0.823616743088
87310,0.634383499622
87315,0.537391543388
87316,0.888971328735
87318,0.610559463501
87325,0.716481685638
87327,0.972875475883
87328,0.758585929871
87332,0.988178670406
87337,0.840062260628
87338,0.678048014641
87344,0.92981916666
87345,0.769511938095
87347,0.935986101627
87349,0.823880493641
87351,0.961672842503
87353,0.522526144981
87354,0.627123236656
87355,0.954342126846
87358,0.696009755135
87359,0.843177974224
87363,0.66433095932
87365,0.97457075119
87366,0.673098027706
87368,0.970531225204
87369,0.965283155441
87378,0.717153728008
87381,0.36383831501
87383,0.836626827717
87386,0.764579713345
87390,0.866329491138
87391,0.867183625698
87392,0.550521850586
87393,0.876089274883
87394,0.664142370224
87402,0.874056518078
87406,0.522316515446
87407,0.942401945591
87413,0.929394543171
87414,0.446324110031
87415,0.288035720587
87419,0.40775808692
87421,0.920945107937
87422,0.467718750238
87423,0.948264420033
87425,0.866242349148
87434,0.620155394077
87437,0.847764253616
87444,0.877422809601
87445,0.677795469761
87446,0.901552021503
87448,0.767196595669
87449,0.789583981037
87451,0.901539623737
87452,0.786014974117
87454,0.869031965733
87457,0.900579273701
87458,0.744985342026
87460,0.783324658871
87462,0.454145103693
87464,0.762185871601
87465,0.63407343626
87466,0.973848700523
87467,0.85818952322
87470,0.803907752037
87471,0.628012239933
87474,0.685203194618
87484,0.808371841908
87487,0.696364820004
87488,0.591710805893
87489,0.741535961628
87491,0.965812087059
87495,0.664455711842
87496,0.61539876461
87497,0.522691547871
87500,0.711589097977
87501,0.86873704195
87502,0.886205613613
87506,0.978286623955
87507,0.883302390575
87508,0.678333163261
87509,0.832480847836
87511,0.826437056065
87512,0.96943551302
87518,0.611333191395
87519,0.612625718117
87522,0.986131072044
87526,0.732976675034
87529,0.939089775085
87532,0.847203791142
87533,0.833308458328
87535,0.199695721269
87536,0.832551062107
87538,0.947437286377
87540,0.333437025547
87542,0.900213003159
87543,0.798292994499
87545,0.933967471123
87550,0.862567722797
87551,0.578287005424
87553,0.295367926359
87555,0.980104327202
87556,0.625532269478
87558,0.702186644077
87559,0.765702784061
87561,0.592087566853
87562,0.895165085793
87564,0.812077403069
87565,0.846263587475
87566,0.840288937092
87567,0.252803862095
87568,0.893308579922
87573,0.595733642578
87574,0.94828414917
87576,0.902845859528
87577,0.945491671562
87578,0.53661519289
87580,0.868595957756
87583,0.754572272301
87585,0.955828487873
87587,0.71965265274
87588,0.824295163155
87590,0.93716520071
87596,0.981654763222
87602,0.95166683197
87604,0.922713875771
87606,0.957153618336
87608,0.707800626755
87611,0.786885678768
87612,0.62258464098
87613,0.840010583401
87615,0.895454108715
87617,0.321739137173
87618,0.779826164246
87619,0.422202974558
87620,0.854442954063
87622,0.936216950417
87623,0.80590647459
87624,0.16038903594
87626,0.84443873167
87627,0.700889289379
87628,0.976882040501
87629,0.508829712868
87630,0.963030934334
87631,0.784492790699
87632,0.93365329504
87634,0.88722795248
87635,0.736769974232
87636,0.9291228652
87637,0.901799917221
87638,0.782075464725
87639,0.853441417217
87640,0.927965342999
87641,0.761429786682
87642,0.79224473238
87643,0.974687039852
87647,0.898735463619
87648,0.863430321217
87649,0.905507028103
87650,0.371139377356
87652,0.632767558098
87653,0.734492123127
87657,0.9206174016
87658,0.736896812916
87659,0.766671061516
87660,0.901229500771
87665,0.366379410028
87667,0.892754495144
87668,0.923102796078
87669,0.874177396297
87671,0.405852019787
87674,0.969199299812
87677,0.942116379738
87680,0.636294603348
87684,0.98482209444
87685,0.619774758816
87687,0.338491141796
87688,0.56810092926
87690,0.656239151955
87693,0.728930354118
87695,0.868701934814
87698,0.978069067001
87700,0.58483684063
87701,0.648140728474
87702,0.858537733555
87703,0.960144639015
87705,0.783051013947
87706,0.475103437901
87707,0.883952796459
87711,0.979522585869
87712,0.896781861782
87714,0.698455274105
87716,0.896895766258
87719,0.901557922363
87720,0.916982889175
87721,0.488440155983
87722,0.901132404804
87723,0.986911296844
87724,0.950794935226
87725,0.911918342113
87726,0.823596358299
87727,0.860065639019
87729,0.266638100147
87730,0.832791805267
87732,0.518185257912
87734,0.904544889927
87735,0.431955546141
87736,0.923757135868
87739,0.551829338074
87741,0.920537590981
87743,0.959016144276
87744,0.810320794582
87746,0.742465317249
87748,0.653768658638
87750,0.813618421555
87755,0.753204345703
87756,0.959180593491
87757,0.844819545746
87758,0.914552330971
87760,0.408662855625
87762,0.978896081448
87763,0.337927877903
87764,0.967597424984
87765,0.684653282166
87766,0.963692426682
87767,0.661093354225
87768,0.501203238964
87769,0.830353915691
87773,0.863793671131
87774,0.884145975113
87775,0.929239988327
87778,0.855140030384
87783,0.407945901155
87784,0.895283460617
87785,0.758053839207
87786,0.783471941948
87787,0.85936576128
87788,0.977590560913
87789,0.753236889839
87790,0.895320832729
87791,0.972166836262
87793,0.955838084221
87794,0.591188490391
87797,0.875834941864
87801,0.916796863079
87802,0.827164769173
87803,0.60638231039
87811,0.765020787716
87812,0.784117102623
87813,0.549706280231
87814,0.824098646641
87816,0.536478817463
87818,0.825188100338
87820,0.788777828217
87821,0.381200969219
87826,0.959058225155
87828,0.936466574669
87829,0.96700912714
87830,0.8456133008
87831,0.712593913078
87833,0.388371706009
87834,0.5888043046
87835,0.612404942513
87836,0.81554377079
87838,0.978825390339
87839,0.928561747074
87840,0.922108054161
87841,0.603155016899
87844,0.848498046398
87847,0.928549587727
87849,0.89307653904
87850,0.896771430969
87851,0.861581683159
87855,0.584805190563
87856,0.860000491142
87857,0.40453517437
87859,0.840755939484
87860,0.909306406975
87862,0.251368671656
87863,0.784998595715
87865,0.422699213028
87867,0.344773203135
87872,0.968025505543
87873,0.762469470501
87875,0.899012565613
87883,0.956960976124
87884,0.916014432907
87885,0.82246607542
87889,0.682029724121
87891,0.868816792965
87892,0.825415611267
87894,0.808263599873
87896,0.888687729836
87899,0.879383027554
87900,0.966665387154
87903,0.937238395214
87904,0.664429426193
87906,0.248118653893
87908,0.619968175888
87909,0.63706690073
87913,0.761714220047
87919,0.779950201511
87921,0.901311993599
87922,0.750348627567
87923,0.684766054153
87925,0.373016357422
87927,0.768268883228
87928,0.801184594631
87929,0.543348610401
87932,0.961853384972
87933,0.940536260605
87935,0.946637332439
87936,0.966429293156
87942,0.652815341949
87945,0.868115127087
87949,0.454278916121
87950,0.397889226675
87952,0.354856938124
87953,0.898708105087
87954,0.711531102657
87955,0.627186119556
87957,0.701327085495
87959,0.982358753681
87964,0.493288457394
87966,0.705310106277
87968,0.684822499752
87969,0.847355186939
87973,0.83037173748
87975,0.785968184471
87979,0.381310790777
87980,0.930278241634
87981,0.842484235764
87984,0.411105036736
87985,0.955592751503
87986,0.737510740757
87987,0.948530673981
87988,0.993008494377
87993,0.803046524525
87996,0.981655299664
87997,0.604734838009
87998,0.8994384408
87999,0.956484913826
88000,0.973603188992
88001,0.917296051979
88009,0.751526653767
88010,0.985778450966
88012,0.689168572426
88013,0.921047449112
88015,0.638097584248
88016,0.742033839226
88019,0.896478772163
88020,0.96972578764
88022,0.915862679482
88023,0.449590951204
88024,0.652044773102
88025,0.827708721161
88026,0.90580457449
88027,0.768952131271
88028,0.486514568329
88029,0.620140016079
88030,0.649280786514
88031,0.956350445747
88033,0.812150299549
88035,0.692062914371
88036,0.987839996815
88040,0.976098179817
88041,0.786830723286
88042,0.838240504265
88045,0.47569000721
88046,0.939560472965
88050,0.958573281765
88051,0.791872382164
88052,0.947386920452
88056,0.832855343819
88057,0.834795355797
88060,0.418881088495
88061,0.899028480053
88062,0.51978456974
88065,0.971830189228
88067,0.57954210043
88068,0.856298923492
88077,0.952049136162
88079,0.596768260002
88082,0.729624092579
88083,0.555361270905
88084,0.895014643669
88085,0.290584146976
88086,0.808283686638
88087,0.927129864693
88089,0.870291650295
88091,0.858231365681
88093,0.694669008255
88094,0.734696030617
88097,0.524804115295
88100,0.751745223999
88101,0.874887704849
88102,0.903009593487
88105,0.619745075703
88106,0.812891900539
88109,0.828067183495
88111,0.742237508297
88113,0.745860874653
88114,0.692934334278
88116,0.973213732243
88120,0.830170631409
88122,0.794015347958
88123,0.972830474377
88125,0.868001878262
88126,0.97397351265
88131,0.672765791416
88133,0.715979039669
88134,0.979453504086
88136,0.912565648556
88140,0.503865420818
88141,0.918764352798
88143,0.736053824425
88144,0.216096177697
88146,0.54057174921
88149,0.497045427561
88150,0.973181426525
88155,0.915920317173
88156,0.945556342602
88157,0.625231444836
88158,0.873058855534
88160,0.506659805775
88161,0.648824512959
88162,0.904521346092
88163,0.815931797028
88164,0.608308672905
88165,0.958099901676
88166,0.969210267067
88172,0.904594421387
88173,0.834176063538
88175,0.592188417912
88176,0.394476532936
88177,0.983753204346
88179,0.707897424698
88180,0.873452782631
88182,0.910691618919
88184,0.992774128914
88185,0.875831484795
88192,0.753369867802
88199,0.937256515026
88200,0.831201374531
88202,0.896804571152
88203,0.26613894105
88204,0.991678476334
88205,0.651311993599
88206,0.929053902626
88207,0.946571886539
88209,0.877274155617
88210,0.874422907829
88214,0.85191398859
88215,0.97267049551
88222,0.774964511395
88227,0.702574193478
88228,0.975620985031
88229,0.942541480064
88230,0.588883936405
88233,0.669752895832
88234,0.959791898727
88235,0.897229909897
88236,0.985303938389
88238,0.661488175392
88239,0.948367595673
88241,0.866077899933
88243,0.966679990292
88248,0.463337779045
88250,0.916731655598
88253,0.687909007072
88254,0.568797767162
88255,0.960339188576
88257,0.975131332874
88258,0.971708953381
88260,0.98905903101
88262,0.763173401356
88265,0.919211089611
88266,0.792019665241
88267,0.725577414036
88268,0.780007898808
88270,0.86153537035
88273,0.894455194473
88274,0.933977007866
88275,0.824721038342
88277,0.919271290302
88278,0.65493196249
88279,0.597457408905
88280,0.934925079346
88281,0.518113911152
88284,0.592556357384
88285,0.857743442059
88286,0.849296808243
88287,0.951073586941
88288,0.973613142967
88289,0.967421889305
88290,0.699276983738
88291,0.810170412064
88292,0.957163214684
88294,0.941810071468
88295,0.868737757206
88297,0.929560661316
88298,0.857113003731
88299,0.920724928379
88301,0.882671654224
88302,0.958495080471
88303,0.0813772380352
88305,0.902833998203
88307,0.89679569006
88308,0.981497168541
88310,0.756715774536
88311,0.897154271603
88312,0.61330062151
88314,0.512925803661
88318,0.980043292046
88321,0.692921578884
88325,0.648107767105
88331,0.586413085461
88332,0.613302588463
88335,0.280874043703
88341,0.636507570744
88342,0.950242221355
88348,0.689386248589
88349,0.773426175117
88350,0.976601779461
88351,0.952500402927
88354,0.960801482201
88355,0.780625104904
88356,0.913611292839
88357,0.834960341454
88362,0.712912142277
88364,0.9750623703
88365,0.697330772877
88366,0.854043841362
88368,0.417625755072
88370,0.836563944817
88371,0.570206999779
88372,0.928344190121
88373,0.970516383648
88374,0.740316331387
88375,0.970790803432
88376,0.922111332417
88378,0.989431142807
88379,0.654307305813
88380,0.589561164379
88381,0.897723436356
88382,0.953664660454
88385,0.77785807848
88386,0.948079586029
88387,0.697508275509
88388,0.839932739735
88389,0.591253101826
88393,0.993573963642
88399,0.874806165695
88400,0.809596776962
88402,0.920026123524
88403,0.902315616608
88404,0.183579713106
88408,0.886220812798
88409,0.88936829567
88417,0.886987566948
88418,0.855338215828
88421,0.0431198105216
88424,0.946203112602
88426,0.516763389111
88427,0.98886859417
88431,0.974965751171
88432,0.936567127705
88433,0.797770559788
88434,0.909622013569
88436,0.974243998528
88437,0.514411151409
88440,0.905680179596
88442,0.934504747391
88443,0.937692463398
88445,0.908329546452
88450,0.704733550549
88451,0.95561671257
88452,0.804807126522
88453,0.488061398268
88454,0.957940876484
88457,0.963313579559
88459,0.593823492527
88461,0.648718953133
88463,0.976565301418
88464,0.963638186455
88465,0.774727880955
88466,0.929561018944
88467,0.656028330326
88470,0.737162053585
88471,0.655521214008
88473,0.497002094984
88474,0.945616543293
88477,0.772387206554
88478,0.989266991615
88480,0.96495950222
88481,0.492317408323
88482,0.715559363365
88484,0.598858952522
88486,0.889528155327
88491,0.863676905632
88492,0.951181769371
88493,0.984563410282
88494,0.871869981289
88495,0.665446281433
88496,0.696499764919
88498,0.901653945446
88504,0.758494257927
88509,0.952985823154
88511,0.564754724503
88512,0.931049585342
88514,0.849768280983
88515,0.319194674492
88516,0.681490421295
88517,0.0595278665423
88519,0.757830440998
88520,0.26624250412
88521,0.49053221941
88522,0.678236961365
88524,0.971393108368
88525,0.873840391636
88528,0.836986958981
88529,0.664005637169
88530,0.77775490284
88533,0.827368497849
88534,0.914737164974
88536,0.962502300739
88539,0.472371011972
88541,0.851686179638
88545,0.73208206892
88547,0.685376644135
88550,0.604552209377
88552,0.926527619362
88553,0.861947715282
88562,0.719812810421
88563,0.926810860634
88564,0.856786489487
88565,0.901021957397
88566,0.587793171406
88568,0.402211785316
88571,0.815157115459
88572,0.552244126797
88573,0.795351743698
88574,0.979913234711
88577,0.690738201141
88580,0.920584261417
88581,0.596305966377
88582,0.80763822794
88583,0.966280519962
88587,0.836504638195
88589,0.944479703903
88591,0.97298681736
88592,0.811583697796
88593,0.786336958408
88594,0.147620603442
88595,0.978200674057
88596,0.805668234825
88597,0.608640551567
88598,0.832003414631
88600,0.69119822979
88603,0.726701617241
88606,0.595848083496
88611,0.738253295422
88613,0.985175549984
88615,0.415251731873
88619,0.700152337551
88625,0.957573711872
88628,0.797456979752
88629,0.933194935322
88631,0.713198244572
88633,0.848942101002
88635,0.779635310173
88636,0.743467450142
88637,0.690764963627
88642,0.752231895924
88643,0.606217741966
88644,0.81509834528
88648,0.991027057171
88649,0.930766642094
88650,0.934575617313
88652,0.858072340488
88654,0.604799568653
88655,0.54483538866
88656,0.895758271217
88657,0.822564482689
88658,0.9528850317
88659,0.828525841236
88668,0.728193938732
88671,0.626254320145
88675,0.921541631222
88678,0.595311999321
88680,0.799216866493
88682,0.694158256054
88687,0.86151611805
88689,0.598370432854
88691,0.685857415199
88695,0.919863820076
88698,0.925565958023
88699,0.876470029354
88701,0.9737008214
88704,0.963492929935
88706,0.882535994053
88709,0.824492514133
88710,0.928904235363
88712,0.983622729778
88713,0.984587788582
88716,0.71409714222
88717,0.359081655741
88719,0.904573619366
88722,0.958721935749
88723,0.76816880703
88724,0.840032815933
88725,0.693721294403
88727,0.520946502686
88736,0.393616259098
88748,0.600842177868
88749,0.87248313427
88752,0.581321060658
88753,0.939028918743
88754,0.91844278574
88755,0.955971062183
88757,0.919587016106
88759,0.591361045837
88762,0.815364599228
88763,0.709687411785
88766,0.902140378952
88767,0.729994237423
88768,0.851853251457
88770,0.841571867466
88772,0.878077864647
88773,0.977069199085
88774,0.878549814224
88775,0.699747025967
88777,0.971007525921
88779,0.924064040184
88783,0.793467462063
88784,0.874180734158
88786,0.965668976307
88788,0.702421784401
88790,0.822842121124
88791,0.431915134192
88798,0.759477317333
88800,0.780077159405
88801,0.945960462093
88802,0.595865249634
88803,0.658636689186
88804,0.969779253006
88805,0.432290971279
88806,0.785835146904
88808,0.505626440048
88811,0.70509570837
88815,0.633374989033
88817,0.840284943581
88819,0.98134791851
88821,0.619776427746
88822,0.745779871941
88823,0.959795057774
88824,0.75398170948
88826,0.762127399445
88827,0.95685082674
88828,0.506917178631
88830,0.97579485178
88832,0.93545204401
88835,0.917452037334
88836,0.856502950191
88837,0.540875792503
88839,0.986840128899
88840,0.889219999313
88841,0.928837478161
88843,0.662679314613
88844,0.535722911358
88845,0.851013600826
88846,0.632817387581
88851,0.903280198574
88852,0.466359913349
88853,0.982796549797
88854,0.741736888885
88855,0.85055154562
88856,0.987340629101
88857,0.855499684811
88859,0.937966942787
88860,0.914808154106
88861,0.660537004471
88862,0.975999891758
88867,0.576572954655
88868,0.574374556541
88871,0.729092419147
88874,0.966274559498
88876,0.962187230587
88878,0.954349040985
88879,0.931504309177
88881,0.641015052795
88882,0.292306780815
88883,0.909988820553
88887,0.587225079536
88888,0.339792609215
88890,0.965631484985
88892,0.574244856834
88897,0.771679103374
88900,0.963780343533
88901,0.580565571785
88903,0.822910785675
88909,0.893095612526
88910,0.788730800152
88911,0.641534745693
88913,0.216576635838
88914,0.808693706989
88916,0.548035144806
88917,0.858943223953
88918,0.938909173012
88920,0.162756606936
88924,0.972469806671
88926,0.690001189709
88928,0.953649282455
88934,0.914606869221
88935,0.969270765781
88936,0.796065688133
88939,0.942341148853
88941,0.624669015408
88945,0.391563385725
88947,0.753289997578
88948,0.58353382349
88949,0.899126052856
88951,0.800465047359
88953,0.954780638218
88956,0.883161425591
88957,0.953393816948
88958,0.937359035015
88961,0.863369345665
88963,0.850936353207
88966,0.727616250515
88967,0.970394015312
88968,0.818973481655
88971,0.482553392649
88972,0.358853310347
88979,0.90232104063
88981,0.766122400761
88982,0.937131166458
88983,0.396621316671
88984,0.751617968082
88985,0.791010379791
88991,0.811790764332
88992,0.924817204475
89000,0.570340812206
89001,0.873743593693
89002,0.748909413815
89003,0.74436622858
89005,0.470443606377
89007,0.914964854717
89008,0.607165575027
89011,0.766059041023
89014,0.797014653683
89015,0.725573658943
89019,0.89649695158
89021,0.478167712688
89023,0.883890330791
89024,0.787886559963
89025,0.612001419067
89026,0.494392693043
89027,0.958194434643
89028,0.864348173141
89030,0.952641189098
89032,0.525543212891
89034,0.417640566826
89035,0.731520533562
89039,0.653146982193
89043,0.891639232635
89044,0.984191060066
89045,0.737011015415
89046,0.579738557339
89047,0.93480694294
89048,0.972558736801
89049,0.590165913105
89050,0.839310586452
89052,0.579155385494
89053,0.970978200436
89055,0.953235447407
89056,0.76869815588
89059,0.563887417316
89061,0.964959681034
89066,0.89380133152
89067,0.847854673862
89069,0.806894779205
89071,0.338713437319
89073,0.828655064106
89076,0.628542542458
89077,0.777532041073
89079,0.966525912285
89080,0.785976648331
89082,0.548181712627
89084,0.260449409485
89085,0.763694763184
89087,0.965601503849
89088,0.558848619461
89090,0.811383008957
89092,0.750569999218
89093,0.941869258881
89094,0.655503571033
89095,0.903597295284
89096,0.772801280022
89097,0.758038043976
89098,0.716807901859
89100,0.881539225578
89102,0.952072739601
89104,0.922102808952
89105,0.728373527527
89109,0.829603910446
89111,0.839530348778
89112,0.747878193855
89115,0.84956818819
89122,0.961281239986
89124,0.888670444489
89125,0.915568709373
89127,0.633051753044
89129,0.695938408375
89132,0.959104716778
89137,0.948324799538
89145,0.814674437046
89148,0.710489332676
89154,0.881418883801
89155,0.825217545033
89156,0.731494188309
89157,0.791039586067
89160,0.790333449841
89162,0.533080935478
89163,0.699415326118
89164,0.653630852699
89166,0.985651254654
89167,0.927126049995
89169,0.719946622849
89171,0.519731879234
89172,0.853123664856
89173,0.878096699715
89174,0.838799417019
89175,0.886096835136
89179,0.994553208351
89181,0.602476239204
89183,0.958628058434
89185,0.979035615921
89187,0.337403863668
89188,0.985616087914
89189,0.604508817196
89190,0.814331054688
89191,0.889658153057
89193,0.851935207844
89194,0.990431249142
89195,0.914030969143
89197,0.922421574593
89198,0.719004094601
89200,0.697972297668
89201,0.748128414154
89202,0.91518342495
89204,0.713617086411
89207,0.910316944122
89209,0.571740090847
89211,0.935650885105
89215,0.778972029686
89216,0.904228568077
89217,0.687077105045
89218,0.752163827419
89220,0.907382249832
89221,0.951302587986
89222,0.762324929237
89223,0.595055818558
89227,0.939285457134
89229,0.921006858349
89231,0.930769979954
89233,0.988313019276
89234,0.528210639954
89239,0.646434605122
89242,0.954837322235
89243,0.417230457067
89244,0.950271487236
89252,0.908570408821
89254,0.909146666527
89255,0.84882080555
89256,0.938990652561
89257,0.951034367085
89258,0.705959320068
89260,0.825453221798
89264,0.759723246098
89268,0.872670292854
89272,0.675706028938
89273,0.825791418552
89275,0.979599893093
89278,0.953801214695
89279,0.845912575722
89281,0.89107388258
89282,0.709533810616
89283,0.992872834206
89285,0.487483024597
89286,0.6868237257
89287,0.926622509956
89289,0.900032818317
89290,0.652376294136
89291,0.357787817717
89292,0.817846179008
89293,0.98340511322
89296,0.970004081726
89299,0.864058554173
89302,0.308538615704
89305,0.692379891872
89306,0.897251725197
89314,0.690226912498
89317,0.943424403667
89318,0.785373270512
89319,0.919543385506
89320,0.769821107388
89323,0.681016743183
89326,0.689412713051
89327,0.842668712139
89330,0.822822928429
89331,0.631162941456
89334,0.412616372108
89335,0.773116230965
89336,0.358195215464
89337,0.833373725414
89338,0.872072637081
89342,0.700277805328
89343,0.150753051043
89344,0.912180125713
89346,0.982381284237
89347,0.988961875439
89349,0.972095429897
89350,0.71161955595
89351,0.811710000038
89352,0.950189113617
89355,0.684171259403
89356,0.0983544141054
89357,0.884859025478
89359,0.356330543756
89362,0.736230373383
89363,0.74236124754
89364,0.738844454288
89369,0.789699196815
89371,0.781713724136
89372,0.607686877251
89373,0.965422689915
89376,0.1672077775
89379,0.829215586185
89381,0.980197906494
89383,0.892005681992
89384,0.534295737743
89385,0.551594018936
89387,0.762781322002
89388,0.951096594334
89391,0.795064389706
89392,0.937370359898
89393,0.879677414894
89394,0.477953135967
89395,0.666812300682
89396,0.825608730316
89399,0.850152552128
89401,0.90043592453
89402,0.705147504807
89403,0.771706283092
89404,0.0837282761931
89408,0.14203350246
89410,0.423411905766
89411,0.387779891491
89419,0.936700880527
89421,0.349119782448
89422,0.396394252777
89423,0.923319637775
89424,0.575524270535
89425,0.851690649986
89427,0.915315270424
89428,0.11817727983
89429,0.835861563683
89430,0.968174755573
89431,0.353493124247
89433,0.738065958023
89438,0.985269963741
89439,0.78113502264
89440,0.984748542309
89443,0.572870433331
89446,0.349948257208
89447,0.836875081062
89448,0.839319765568
89450,0.972116947174
89451,0.275389969349
89453,0.989599943161
89454,0.952574133873
89455,0.942160904408
89456,0.764765501022
89458,0.524679899216
89460,0.950397133827
89462,0.743909776211
89467,0.956709325314
89468,0.81578207016
89471,0.89130795002
89472,0.64278203249
89478,0.677750349045
89479,0.915832698345
89481,0.980563819408
89483,0.715323805809
89486,0.978346526623
89487,0.859407782555
89490,0.897662162781
89492,0.871439933777
89493,0.675844013691
89494,0.864312052727
89502,0.850886285305
89503,0.448090672493
89504,0.734885156155
89509,0.791500151157
89512,0.497305572033
89513,0.766586363316
89516,0.983037054539
89517,0.907923281193
89520,0.90385222435
89523,0.969169616699
89524,0.937089085579
89525,0.667370676994
89526,0.949366688728
89527,0.542904436588
89529,0.841649770737
89531,0.989671587944
89532,0.958948254585
89533,0.524756729603
89539,0.92382478714
89541,0.534483671188
89542,0.958595514297
89545,0.653397977352
89546,0.709082901478
89548,0.734234213829
89551,0.881911277771
89552,0.904396414757
89554,0.861963152885
89555,0.926563262939
89556,0.870326340199
89565,0.873061418533
89566,0.62359058857
89567,0.980495393276
89570,0.965445935726
89574,0.778523921967
89575,0.75476950407
89576,0.753724336624
89585,0.47226446867
89586,0.806376516819
89590,0.646895349026
89593,0.963980019093
89594,0.542932450771
89597,0.941082298756
89600,0.975290715694
89603,0.664608240128
89606,0.714023888111
89609,0.789115309715
89610,0.734577417374
89612,0.517819881439
89613,0.394158869982
89614,0.927447140217
89615,0.382796376944
89616,0.858662247658
89620,0.836903691292
89622,0.576460421085
89624,0.737523317337
89625,0.80164706707
89626,0.728744804859
89629,0.772234857082
89630,0.707458078861
89634,0.940867781639
89635,0.670754671097
89636,0.670782744884
89638,0.971847772598
89640,0.655948638916
89647,0.450438827276
89651,0.718786120415
89654,0.905208289623
89655,0.679449498653
89660,0.875699102879
89661,0.977016866207
89665,0.923572361469
89666,0.830059170723
89668,0.798127055168
89669,0.779829442501
89670,0.796568989754
89673,0.770574867725
89674,0.899401783943
89678,0.853867888451
89679,0.975601375103
89680,0.824034869671
89681,0.773411929607
89683,0.760619461536
89684,0.385245591402
89685,0.731168329716
89686,0.879245996475
89687,0.769643783569
89688,0.695046126842
89689,0.312393575907
89690,0.450168430805
89697,0.723294854164
89701,0.814961969852
89703,0.780130088329
89706,0.905947208405
89708,0.740807294846
89711,0.586053729057
89713,0.903243362904
89714,0.956601321697
89715,0.812730073929
89716,0.884260594845
89717,0.731073021889
89722,0.873711407185
89723,0.713362038136
89728,0.471921265125
89731,0.587225437164
89735,0.891789197922
89736,0.817219436169
89737,0.688548743725
89738,0.647677004337
89739,0.553874611855
89740,0.444348305464
89741,0.449759155512
89745,0.850765824318
89747,0.501551985741
89748,0.702970743179
89750,0.785540640354
89751,0.79242426157
89752,0.653556764126
89757,0.958931624889
89758,0.770618796349
89760,0.898616671562
89762,0.882191121578
89767,0.708649098873
89770,0.738329768181
89771,0.938592135906
89772,0.644723653793
89774,0.686399519444
89775,0.986866950989
89776,0.923107385635
89779,0.859143257141
89780,0.759539246559
89783,0.685316681862
89784,0.852055549622
89788,0.540304303169
89790,0.428593456745
89791,0.715166091919
89793,0.604029476643
89795,0.639329135418
89796,0.545737743378
89805,0.656491398811
89808,0.984659194946
89810,0.958255827427
89811,0.498331993818
89812,0.691695392132
89813,0.85896396637
89815,0.975704073906
89819,0.866005241871
89821,0.805949389935
89822,0.731981158257
89824,0.848677098751
89825,0.55686622858
89827,0.94528901577
89828,0.945547401905
89829,0.587808668613
89832,0.748695671558
89833,0.842960894108
89834,0.876890838146
89836,0.346061587334
89837,0.960467159748
89838,0.767994940281
89839,0.676633775234
89840,0.778308451176
89841,0.803767442703
89843,0.868163645267
89845,0.974868059158
89847,0.888311505318
89849,0.776664853096
89850,0.614845395088
89851,0.746198773384
89853,0.711562275887
89855,0.753805816174
89857,0.808489859104
89858,0.796144366264
89859,0.960686743259
89863,0.973312795162
89865,0.638191819191
89866,0.966931343079
89867,0.576504707336
89868,0.935926795006
89870,0.94496101141
89875,0.746120274067
89876,0.690512299538
89878,0.823378026485
89879,0.362009823322
89880,0.411641716957
89881,0.710339128971
89884,0.858627676964
89887,0.974668502808
89888,0.626865983009
89889,0.951895296574
89892,0.734552741051
89894,0.723513364792
89896,0.857733666897
89899,0.877438604832
89900,0.832078933716
89903,0.887552082539
89906,0.69711625576
89907,0.800665318966
89910,0.754109442234
89912,0.973366498947
89917,0.89227437973
89921,0.985266685486
89922,0.073219075799
89925,0.569472968578
89926,0.596230149269
89927,0.744219899178
89929,0.832276761532
89930,0.682429611683
89932,0.763455867767
89933,0.894458472729
89934,0.771735310555
89936,0.6085242033
89943,0.43804115057
89946,0.760877847672
89951,0.628223240376
89952,0.848292529583
89953,0.947870373726
89954,0.822271883488
89955,0.92935526371
89956,0.528094947338
89959,0.982191741467
89960,0.308569669724
89961,0.940901875496
89963,0.630201935768
89966,0.933010399342
89967,0.914467930794
89968,0.864494383335
89969,0.836074054241
89970,0.796047985554
89972,0.517688274384
89973,0.85407692194
89975,0.869769155979
89976,0.936454296112
89978,0.852915585041
89979,0.92122977972
89982,0.892366468906
89983,0.906415522099
89984,0.936106443405
89985,0.92275249958
89986,0.970140278339
89988,0.76012223959
89991,0.832153141499
89993,0.886797726154
89994,0.969882845879
89999,0.826826453209
90000,0.871554851532
90001,0.818297326565
90004,0.778261125088
90006,0.501065731049
90007,0.78355383873
90008,0.877602815628
90011,0.890806376934
90013,0.867078542709
90015,0.894420325756
90016,0.718910694122
90019,0.784574687481
90020,0.863243639469
90023,0.763733386993
90027,0.93754529953
90029,0.521018087864
90030,0.869194626808
90032,0.956319153309
90033,0.736850202084
90034,0.752218484879
90035,0.86644423008
90037,0.937432467937
90040,0.850432097912
90042,0.851941943169
90043,0.668416023254
90044,0.939822852612
90045,0.935833871365
90046,0.784076392651
90047,0.933622896671
90048,0.815056562424
90050,0.860006093979
90051,0.741754829884
90052,0.858310639858
90053,0.504697561264
90056,0.812341213226
90057,0.645789325237
90059,0.92758589983
90060,0.860660195351
90067,0.933763921261
90068,0.726615667343
90070,0.819770872593
90073,0.958560466766
90074,0.729185044765
90076,0.891063988209
90077,0.658253312111
90078,0.782522380352
90079,0.0872992351651
90080,0.890205621719
90081,0.748729467392
90085,0.946213424206
90088,0.982083559036
90089,0.61122906208
90090,0.966939806938
90092,0.497961878777
90093,0.920635998249
90095,0.834704399109
90097,0.994299292564
90099,0.944427609444
90100,0.470467239618
90101,0.909262835979
90103,0.711193740368
90104,0.928391039371
90105,0.929683029652
90106,0.839059412479
90110,0.858115434647
90112,0.570767939091
90113,0.957547366619
90114,0.853369951248
90115,0.777468025684
90117,0.81646668911
90118,0.54686820507
90121,0.906089186668
90122,0.812024593353
90124,0.793032884598
90126,0.95965385437
90130,0.495677024126
90131,0.95891046524
90132,0.523998379707
90134,0.857267856598
90138,0.312017261982
90141,0.859494924545
90142,0.749687433243
90147,0.941843390465
90149,0.783914923668
90150,0.348258942366
90151,0.805196166039
90154,0.974338948727
90157,0.623687505722
90158,0.771012187004
90159,0.680790066719
90161,0.691216111183
90162,0.91948735714
90164,0.817631006241
90165,0.687156796455
90167,0.907768726349
90171,0.80393654108
90176,0.62026655674
90177,0.628382921219
90181,0.729336798191
90182,0.962019264698
90183,0.229622557759
90184,0.461950838566
90185,0.493825465441
90186,0.596243739128
90187,0.853398799896
90190,0.799596846104
90191,0.885837376118
90193,0.932421267033
90195,0.868718326092
90196,0.788946568966
90199,0.58723783493
90201,0.630726516247
90202,0.842880129814
90204,0.764038145542
90207,0.0326621346176
90208,0.764326691628
90209,0.963649094105
90210,0.351005285978
90212,0.680856645107
90216,0.761755526066
90217,0.675979316235
90220,0.874054253101
90221,0.535171329975
90222,0.958963632584
90224,0.457308590412
90225,0.733635365963
90226,0.702560842037
90229,0.964471638203
90230,0.890099644661
90231,0.459252595901
90232,0.660897314548
90233,0.874254286289
90236,0.450153082609
90237,0.910053193569
90239,0.369154065847
90240,0.773599982262
90242,0.950614273548
90244,0.57772654295
90248,0.805885672569
90249,0.809432327747
90254,0.478047311306
90255,0.961497604847
90256,0.716571331024
90260,0.152124449611
90262,0.63857203722
90263,0.938905179501
90264,0.828978359699
90265,0.716032147408
90266,0.868304133415
90269,0.805402457714
90270,0.982242584229
90271,0.839016497135
90274,0.436768710613
90275,0.834409236908
90276,0.977292299271
90277,0.72317892313
90279,0.623028337955
90281,0.826972305775
90283,0.625858783722
90286,0.63075119257
90287,0.803057312965
90288,0.79041904211
90289,0.823850572109
90291,0.631817102432
90293,0.705566942692
90294,0.615810871124
90295,0.158106118441
90297,0.807901918888
90298,0.953356981277
90300,0.486729174852
90303,0.911229074001
90306,0.5929261446
90307,0.900021612644
90308,0.946768045425
90310,0.689096927643
90311,0.932610750198
90312,0.911869466305
90313,0.812701821327
90314,0.896575510502
90315,0.952251493931
90316,0.58004128933
90321,0.890727043152
90325,0.762616932392
90326,0.73239082098
90329,0.874059796333
90330,0.944540739059
90332,0.687431097031
90335,0.740615189075
90339,0.935229957104
90340,0.893746972084
90342,0.71351224184
90347,0.910222053528
90350,0.510982394218
90351,0.729516744614
90352,0.657251417637
90354,0.980572104454
90356,0.789340376854
90357,0.946028530598
90366,0.445182412863
90369,0.914925932884
90371,0.873278021812
90375,0.854290366173
90376,0.976271867752
90377,0.893540561199
90379,0.732992887497
90381,0.610062301159
90382,0.567209661007
90383,0.843580067158
90394,0.934049725533
90395,0.920243024826
90397,0.983611643314
90400,0.446628242731
90404,0.703140795231
90407,0.34892308712
90408,0.342091023922
90409,0.923728644848
90410,0.98660326004
90413,0.89793330431
90416,0.654650628567
90417,0.681762754917
90419,0.787584602833
90420,0.911082863808
90421,0.974146366119
90425,0.871582329273
90429,0.688624441624
90430,0.552976250648
90431,0.769928693771
90432,0.952084481716
90434,0.617665946484
90435,0.473962157965
90437,0.977779984474
90439,0.642795979977
90440,0.789219677448
90441,0.983000397682
90444,0.924296081066
90446,0.724646508694
90447,0.268901824951
90450,0.846237123013
90454,0.975444257259
90455,0.591526448727
90457,0.832354605198
90464,0.960865199566
90466,0.766122102737
90471,0.115352712572
90472,0.826660513878
90474,0.894611537457
90475,0.562980592251
90476,0.608506202698
90481,0.990786612034
90484,0.987385749817
90485,0.731598675251
90486,0.369521439075
90491,0.779222846031
90493,0.0735476315022
90495,0.9739382267
90498,0.838135123253
90499,0.86859112978
90501,0.846582591534
90502,0.979828417301
90505,0.771377444267
90507,0.751638412476
90509,0.972147941589
90510,0.604067802429
90515,0.778505325317
90516,0.858077168465
90517,0.835122287273
90518,0.480291932821
90522,0.767494857311
90524,0.648788154125
90526,0.800138413906
90528,0.689629971981
90531,0.909953474998
90533,0.705382704735
90535,0.904110729694
90537,0.803179860115
90538,0.785767972469
90539,0.876280248165
90540,0.849522709846
90541,0.676149129868
90542,0.498774558306
90544,0.623158693314
90545,0.711112141609
90546,0.979865372181
90549,0.325046360493
90550,0.863330364227
90551,0.986130058765
90552,0.776315152645
90554,0.894739806652
90555,0.958203196526
90556,0.842755734921
90557,0.908223092556
90558,0.931436061859
90561,0.482327818871
90562,0.972219467163
90563,0.848052918911
90566,0.875995635986
90569,0.978070318699
90572,0.599182963371
90576,0.880072653294
90577,0.436660319567
90580,0.715436398983
90583,0.940303564072
90587,0.687754094601
90589,0.986038506031
90591,0.946036279202
90593,0.988266050816
90596,0.94281566143
90598,0.643516004086
90599,0.900106072426
90603,0.941900134087
90604,0.905385911465
90606,0.946052193642
90608,0.905675470829
90610,0.801893293858
90613,0.795977711678
90614,0.894765973091
90620,0.867575824261
90622,0.854177117348
90623,0.836570680141
90626,0.931530475616
90627,0.835071921349
90630,0.892379581928
90631,0.975867509842
90632,0.711591660976
90633,0.910459816456
90635,0.990836501122
90638,0.220084071159
90641,0.663760781288
90643,0.959431529045
90644,0.956502556801
90645,0.812353253365
90646,0.943602383137
90647,0.878622353077
90650,0.753973484039
90651,0.919743597507
90655,0.889487087727
90658,0.98368024826
90661,0.408882945776
90663,0.845711767673
90668,0.440402954817
90669,0.944121658802
90673,0.990348577499
90675,0.746685743332
90676,0.757093071938
90677,0.671397984028
90679,0.981426179409
90680,0.599397301674
90683,0.779526352882
90684,0.671812653542
90688,0.768545687199
90689,0.864568412304
90690,0.780312418938
90691,0.104331120849
90693,0.568745672703
90696,0.69011080265
90698,0.904507219791
90702,0.964540541172
90703,0.838809728622
90704,0.766641259193
90705,0.888388931751
90706,0.970324337482
90707,0.974865198135
90708,0.818915724754
90711,0.673427045345
90712,0.660589694977
90713,0.875713169575
90717,0.360246032476
90721,0.549644112587
90724,0.801854848862
90725,0.736378729343
90727,0.97740983963
90728,0.80696284771
90731,0.379118859768
90734,0.759833753109
90736,0.953789234161
90737,0.469424426556
90739,0.847779810429
90741,0.799221038818
90742,0.634949862957
90743,0.846821069717
90745,0.92171394825
90748,0.669411063194
90749,0.934402823448
90750,0.94708186388
90757,0.966692209244
90758,0.759191691875
90760,0.899328231812
90761,0.929424583912
90763,0.880864679813
90765,0.930632948875
90766,0.932587623596
90767,0.959728419781
90768,0.0506260767579
90770,0.985645949841
90771,0.921889483929
90772,0.765738606453
90779,0.862638652325
90780,0.941134572029
90781,0.978176414967
90783,0.932276368141
90785,0.930252611637
90786,0.921179413795
90788,0.522468984127
90790,0.969719052315
90791,0.804529368877
90792,0.941979885101
90793,0.723079204559
90795,0.885036349297
90796,0.901710391045
90797,0.814095675945
90800,0.702928721905
90802,0.923650205135
90806,0.572639226913
90807,0.770688056946
90809,0.9030367136
90815,0.718869566917
90816,0.992850422859
90817,0.161186367273
90818,0.694004654884
90819,0.600365161896
90822,0.88212865591
90823,0.674445271492
90824,0.702900230885
90825,0.941555380821
90826,0.83814907074
90830,0.844434082508
90832,0.866672694683
90833,0.598272919655
90834,0.764265179634
90836,0.791612327099
90837,0.479546099901
90838,0.946276187897
90839,0.131645575166
90840,0.504519283772
90841,0.758118152618
90842,0.44107657671
90843,0.542462527752
90844,0.388135612011
90845,0.980430543423
90847,0.666331231594
90848,0.935899972916
90852,0.858428359032
90856,0.971734642982
90857,0.450263559818
90858,0.809249162674
90861,0.772554576397
90862,0.963309586048
90863,0.650065839291
90865,0.845126569271
90867,0.961941421032
90868,0.794080376625
90873,0.871312141418
90874,0.862771809101
90875,0.48317065835
90877,0.829156756401
90878,0.344668507576
90879,0.751375198364
90884,0.452135831118
90885,0.966525256634
90887,0.766833662987
90890,0.672054350376
90892,0.663123011589
90894,0.976223468781
90901,0.696010828018
90902,0.879773974419
90904,0.969273984432
90905,0.890590846539
90906,0.696053028107
90907,0.70435333252
90908,0.110774405301
90910,0.802276194096
90911,0.788754403591
90915,0.961890220642
90917,0.838166475296
90918,0.552150070667
90924,0.71621721983
90926,0.561574876308
90928,0.835861325264
90929,0.717875003815
90932,0.937320291996
90933,0.899788439274
90937,0.439420461655
90938,0.875981926918
90939,0.473104655743
90940,0.899475157261
90941,0.798472106457
90942,0.741542518139
90943,0.800083637238
90944,0.879365086555
90945,0.822150051594
90946,0.821374177933
90947,0.558349192142
90950,0.935107290745
90955,0.752070724964
90956,0.718934595585
90959,0.235276848078
90960,0.93622469902
90963,0.920727074146
90966,0.931770443916
90968,0.307584285736
90970,0.782569944859
90971,0.986040890217
90972,0.940438687801
90973,0.830815732479
90976,0.838804841042
90977,0.947282195091
90978,0.432099103928
90979,0.714015722275
90982,0.969594955444
90986,0.907140433788
90988,0.792554080486
90994,0.884430170059
91000,0.719990372658
91002,0.826556503773
91003,0.622922718525
91004,0.721911013126
91005,0.12933203578
91006,0.70404201746
91007,0.0758028775454
91008,0.936703205109
91009,0.588876008987
91011,0.64691311121
91013,0.845410346985
91014,0.564072847366
91021,0.87158280611
91022,0.488170981407
91023,0.351327359676
91024,0.954326033592
91027,0.842364192009
91028,0.707147777081
91030,0.967648863792
91031,0.901438117027
91035,0.85470700264
91037,0.820712149143
91038,0.932840645313
91041,0.960487961769
91042,0.812933027744
91044,0.868299782276
91045,0.932907998562
91048,0.961016774178
91049,0.831356465816
91051,0.811202585697
91054,0.871018886566
91056,0.884416639805
91059,0.911072611809
91060,0.870071768761
91062,0.79058355093
91064,0.920936226845
91065,0.710951924324
91068,0.530140578747
91069,0.817482709885
91072,0.828911066055
91073,0.965853214264
91077,0.928852379322
91079,0.845746815205
91080,0.918686151505
91085,0.69481998682
91086,0.908003330231
91087,0.71627920866
91088,0.879067063332
91089,0.927085995674
91090,0.823358714581
91091,0.617549479008
91094,0.478248029947
91095,0.873953342438
91096,0.672768294811
91098,0.960724234581
91102,0.589027762413
91103,0.425741434097
91105,0.918336570263
91106,0.96099960804
91112,0.419086992741
91114,0.856303811073
91115,0.798285543919
91116,0.41590064764
91117,0.868340790272
91118,0.787765145302
91121,0.906279683113
91123,0.865627765656
91124,0.989565014839
91131,0.370642364025
91135,0.563157618046
91136,0.495405435562
91137,0.666109979153
91138,0.90787756443
91140,0.828759372234
91142,0.654863715172
91143,0.948790729046
91144,0.925014197826
91145,0.990603864193
91146,0.817257344723
91153,0.664172768593
91160,0.883991360664
91161,0.446084350348
91162,0.955060422421
91163,0.490486264229
91164,0.853343844414
91165,0.516545295715
91167,0.946460902691
91168,0.752183258533
91170,0.552189946175
91175,0.797971010208
91176,0.722702801228
91177,0.990096211433
91178,0.980905771255
91180,0.98203676939
91181,0.978984951973
91184,0.948492586613
91186,0.990462481976
91187,0.980289876461
91191,0.931359410286
91192,0.915219187737
91193,0.981082201004
91195,0.791000664234
91196,0.315653890371
91197,0.537007510662
91198,0.978109359741
91200,0.0653193518519
91201,0.458972752094
91202,0.895754754543
91205,0.880295038223
91208,0.950366020203
91211,0.896721303463
91212,0.983584225178
91214,0.957090914249
91220,0.880156993866
91227,0.303275436163
91228,0.924822509289
91229,0.718011260033
91230,0.964978337288
91231,0.693424284458
91233,0.612282812595
91234,0.964725196362
91235,0.858748793602
91238,0.66368919611
91241,0.794106185436
91245,0.956984221935
91246,0.623695373535
91248,0.954153478146
91249,0.749112010002
91250,0.585518717766
91254,0.176680758595
91256,0.977637887001
91259,0.951210677624
91260,0.737689614296
91261,0.942393243313
91262,0.973017632961
91264,0.542529046535
91266,0.953985452652
91267,0.865665197372
91268,0.743971288204
91273,0.77408105135
91274,0.974446237087
91275,0.928970754147
91278,0.872468531132
91280,0.911584675312
91281,0.927003979683
91283,0.836869478226
91284,0.751140892506
91285,0.977796256542
91286,0.972392678261
91287,0.977738499641
91288,0.921833455563
91290,0.390864759684
91291,0.287655711174
91292,0.920174300671
91295,0.974405109882
91296,0.921678721905
91299,0.951736807823
91300,0.776458621025
91301,0.744331002235
91302,0.917170584202
91303,0.982181847095
91304,0.990563392639
91305,0.88178640604
91308,0.929340362549
91310,0.963614821434
91315,0.855686485767
91317,0.970965981483
91318,0.755951941013
91319,0.816082715988
91322,0.846432328224
91324,0.753859400749
91327,0.602545320988
91328,0.92210149765
91329,0.545621156693
91330,0.884160876274
91331,0.825799882412
91333,0.771307647228
91334,0.709481298923
91338,0.719778776169
91341,0.547125756741
91343,0.974500656128
91344,0.711043655872
91349,0.968127071857
91350,0.566511273384
91352,0.854796051979
91353,0.9933411479
91356,0.763722240925
91357,0.988905072212
91358,0.856578946114
91366,0.861927807331
91367,0.927297770977
91372,0.83957618475
91376,0.967330634594
91378,0.506738007069
91379,0.677891433239
91382,0.817600786686
91383,0.448609769344
91384,0.977266132832
91386,0.495986968279
91394,0.486141890287
91397,0.870691001415
91398,0.71300214529
91401,0.737184226513
91402,0.760770857334
91404,0.660212337971
91406,0.935873448849
91410,0.891819179058
91411,0.980069279671
91413,0.653200566769
91414,0.966058969498
91417,0.926238119602
91420,0.679826319218
91423,0.973583877087
91426,0.448981642723
91427,0.958866715431
91428,0.965952754021
91429,0.889368593693
91432,0.986133515835
91433,0.959425270557
91435,0.982088267803
91438,0.882850944996
91439,0.991516709328
91442,0.805271804333
91443,0.950641930103
91444,0.886204123497
91445,0.108745031059
91447,0.609457850456
91449,0.68168926239
91450,0.827033877373
91452,0.307706356049
91455,0.836719274521
91457,0.944285988808
91459,0.81697678566
91460,0.84061050415
91465,0.971800386906
91466,0.185079321265
91470,0.892823696136
91472,0.842011451721
91474,0.682828605175
91476,0.673471987247
91477,0.864144563675
91479,0.684208631516
91480,0.959666609764
91487,0.297986477613
91489,0.970664203167
91491,0.873219072819
91492,0.624092280865
91495,0.582825779915
91496,0.995140433311
91497,0.613994121552
91501,0.939012885094
91507,0.326498985291
91511,0.861021578312
91512,0.993130505085
91514,0.450415760279
91515,0.650055646896
91520,0.94452470541
91521,0.661637604237
91522,0.976556658745
91525,0.487407416105
91526,0.96934568882
91529,0.927973926067
91531,0.730033159256
91532,0.85260862112
91533,0.727690339088
91534,0.465612560511
91538,0.811689794064
91539,0.725254237652
91540,0.811682999134
91543,0.560997903347
91544,0.962859272957
91549,0.866092860699
91552,0.519556343555
91553,0.9133502841
91554,0.873820900917
91556,0.748398721218
91560,0.787603318691
91561,0.616701245308
91564,0.818419516087
91567,0.75512444973
91569,0.80282086134
91570,0.974207103252
91571,0.903578996658
91572,0.0416530817747
91575,0.9655392766
91576,0.582007586956
91581,0.656508505344
91584,0.776565492153
91586,0.685242295265
91588,0.942283451557
91591,0.299802333117
91592,0.94658178091
91594,0.913127064705
91600,0.797784924507
91601,0.882359325886
91604,0.937018632889
91607,0.909917533398
91608,0.91404402256
91609,0.573930442333
91610,0.872362554073
91611,0.971141219139
91617,0.914472579956
91621,0.876099586487
91623,0.938321232796
91626,0.77306997776
91627,0.718063771725
91630,0.596127390862
91631,0.800882339478
91632,0.942442774773
91634,0.950910389423
91636,0.918732643127
91637,0.315933555365
91638,0.833924949169
91639,0.680735945702
91645,0.957780659199
91648,0.901961505413
91649,0.935822725296
91650,0.579762339592
91651,0.450165838003
91655,0.527317225933
91657,0.881248474121
91658,0.967224776745
91660,0.700809121132
91664,0.789774358273
91665,0.982101142406
91668,0.902221083641
91674,0.774546921253
91677,0.716253101826
91682,0.805112123489
91683,0.830583393574
91688,0.949744403362
91690,0.516348779202
91691,0.622186779976
91692,0.813315927982
91696,0.982516288757
91702,0.746748745441
91705,0.817136585712
91708,0.731808543205
91710,0.957484543324
91713,0.878307163715
91714,0.596850752831
91716,0.931248486042
91717,0.853164076805
91719,0.693207740784
91720,0.83198517561
91721,0.866486310959
91726,0.80095988512
91730,0.674713850021
91732,0.942978441715
91734,0.534261465073
91737,0.985823154449
91741,0.872515380383
91743,0.976934492588
91744,0.817150592804
91747,0.843018054962
91749,0.767907500267
91750,0.974664866924
91751,0.830554068089
91754,0.0664846599102
91756,0.927358329296
91758,0.972038984299
91761,0.356417804956
91762,0.879952907562
91763,0.258846729994
91767,0.783509969711
91771,0.955337584019
91773,0.565338730812
91775,0.202597975731
91777,0.930014491081
91780,0.748518824577
91785,0.914083480835
91787,0.499180287123
91788,0.823245882988
91791,0.803462386131
91792,0.878976881504
91795,0.663467824459
91797,0.955401003361
91802,0.850495219231
91803,0.716757118702
91804,0.97121822834
91805,0.558477282524
91808,0.691115021706
91809,0.887718141079
91812,0.685593366623
91816,0.393756449223
91817,0.986336886883
91822,0.817432701588
91824,0.654974162579
91833,0.065901607275
91839,0.948270738125
91840,0.889911055565
91842,0.733264923096
91843,0.909293115139
91847,0.396093100309
91850,0.954421281815
91852,0.771571159363
91854,0.980185270309
91856,0.969934225082
91857,0.655365943909
91861,0.981930315495
91863,0.926141500473
91864,0.710915923119
91865,0.959424495697
91866,0.688772201538
91867,0.735238492489
91872,0.901292800903
91873,0.758261799812
91875,0.988534748554
91877,0.937968552113
91880,0.936046719551
91882,0.942448198795
91883,0.82959830761
91885,0.914708197117
91886,0.93787920475
91888,0.900764882565
91891,0.571294724941
91894,0.965213835239
91895,0.680567920208
91897,0.934851765633
91898,0.667682528496
91900,0.814693272114
91901,0.580079436302
91903,0.720670342445
91904,0.74798566103
91905,0.328822761774
91906,0.604751467705
91907,0.927772283554
91911,0.709403395653
91913,0.661734104156
91914,0.381657332182
91919,0.763468563557
91921,0.645646750927
91922,0.874534368515
91923,0.900533497334
91924,0.96693700552
91925,0.595451772213
91927,0.943814814091
91928,0.222108080983
91931,0.976728916168
91932,0.931727588177
91935,0.932730615139
91936,0.618053793907
91938,0.914893090725
91939,0.682378232479
91941,0.896235644817
91942,0.946533560753
91944,0.954434514046
91945,0.790738523006
91946,0.868301808834
91950,0.887414932251
91951,0.731975853443
91952,0.885658919811
91953,0.963720083237
91956,0.790342748165
91958,0.44525718689
91959,0.904148817062
91960,0.942236244678
91963,0.661377727985
91965,0.919564843178
91966,0.285047024488
91969,0.928973436356
91971,0.945274829865
91972,0.826372504234
91973,0.954017579556
91974,0.981873869896
91975,0.576422989368
91978,0.734238028526
91979,0.927927136421
91981,0.975343346596
91982,0.527830004692
91985,0.970541238785
91994,0.714955210686
91995,0.806979358196
91996,0.965388894081
91997,0.905847668648
91998,0.642276227474
91999,0.836024820805
92000,0.430770307779
92002,0.517861366272
92003,0.868880093098
92006,0.714584171772
92008,0.515512168407
92009,0.737670958042
92010,0.830407440662
92012,0.874812602997
92013,0.570797801018
92014,0.827206790447
92015,0.351035118103
92018,0.129810646176
92020,0.606464385986
92021,0.979276299477
92026,0.611245572567
92028,0.896292150021
92032,0.660714149475
92033,0.798154830933
92034,0.845308721066
92035,0.893742084503
92036,0.820860743523
92037,0.992110848427
92038,0.570417046547
92039,0.784972369671
92040,0.972573161125
92043,0.942747950554
92046,0.972504377365
92048,0.589642941952
92052,0.970354855061
92055,0.958668708801
92065,0.204198047519
92069,0.858731210232
92071,0.981208443642
92073,0.641557991505
92074,0.541921317577
92075,0.88883793354
92077,0.449852198362
92078,0.609939277172
92084,0.86627304554
92089,0.754321157932
92090,0.960434734821
92091,0.468215256929
92096,0.909914374352
92098,0.812571585178
92106,0.554498434067
92108,0.700395226479
92110,0.932155489922
92111,0.491871237755
92113,0.767380654812
92118,0.596379041672
92122,0.969896435738
92124,0.5891482234
92126,0.864742815495
92133,0.869876623154
92136,0.956931591034
92138,0.703895151615
92139,0.844601035118
92141,0.945912778378
92144,0.691847026348
92145,0.541558265686
92148,0.5889300704
92154,0.447002112865
92157,0.982499957085
92158,0.857918798923
92162,0.545263111591
92163,0.946886539459
92164,0.876080274582
92166,0.510379552841
92168,0.613141894341
92171,0.986705482006
92173,0.891465842724
92179,0.916700720787
92181,0.976517319679
92182,0.585728883743
92185,0.824996471405
92186,0.724013328552
92188,0.638425469398
92190,0.889124631882
92193,0.457852572203
92194,0.807148396969
92195,0.84803789854
92196,0.993365347385
92199,0.513791739941
92201,0.499043285847
92203,0.774292826653
92204,0.929416835308
92205,0.839536726475
92209,0.678768157959
92212,0.892596900463
92213,0.964043259621
92215,0.565620541573
92216,0.93301987648
92218,0.884452581406
92222,0.762729465961
92224,0.814881026745
92225,0.933891355991
92227,0.771934986115
92228,0.888314425945
92232,0.86076104641
92236,0.680541694164
92239,0.366384506226
92243,0.661600112915
92244,0.858583509922
92245,0.904230713844
92246,0.845366835594
92248,0.502810001373
92250,0.99305832386
92253,0.94063103199
92256,0.970862686634
92260,0.798926532269
92264,0.955345094204
92266,0.81697010994
92267,0.683537900448
92268,0.475272983313
92270,0.901968181133
92271,0.578871369362
92272,0.678349614143
92273,0.826807618141
92280,0.742857456207
92284,0.82374727726
92286,0.872473537922
92288,0.706301212311
92290,0.852943062782
92294,0.765851259232
92297,0.977232158184
92298,0.708462119102
92299,0.760191321373
92300,0.468321800232
92302,0.865181863308
92304,0.967893481255
92307,0.854696810246
92312,0.988436460495
92313,0.993144273758
92316,0.716728925705
92318,0.894456267357
92321,0.411808729172
92325,0.621722579002
92327,0.605723917484
92330,0.827808499336
92332,0.639927923679
92333,0.964507460594
92335,0.993925869465
92341,0.889805912971
92347,0.749491930008
92350,0.94215542078
92351,0.826403915882
92356,0.74378579855
92357,0.547030031681
92361,0.899124026299
92362,0.868640601635
92365,0.526386618614
92366,0.862463593483
92367,0.310032784939
92369,0.670213580132
92373,0.888595581055
92374,0.930405557156
92376,0.862576901913
92378,0.645075261593
92379,0.739781677723
92380,0.701707601547
92381,0.647658884525
92382,0.896252989769
92383,0.58786791563
92384,0.643425941467
92385,0.704931497574
92386,0.75366973877
92387,0.765405476093
92388,0.413649469614
92391,0.880679130554
92392,0.611811518669
92395,0.586248636246
92396,0.680764317513
92398,0.873972833157
92400,0.631710827351
92401,0.334044605494
92403,0.611630141735
92404,0.839636623859
92410,0.886788368225
92412,0.319656968117
92414,0.751495361328
92415,0.912921249866
92416,0.895468652248
92417,0.799840629101
92419,0.715363800526
92420,0.955397963524
92423,0.849835515022
92425,0.756545543671
92429,0.967604756355
92431,0.847854137421
92434,0.435530036688
92437,0.988211333752
92438,0.477976888418
92439,0.346251785755
92440,0.726664185524
92444,0.766941666603
92448,0.85767942667
92449,0.989239573479
92451,0.672922849655
92453,0.620656728745
92456,0.895915925503
92460,0.528463900089
92461,0.760534763336
92463,0.900163352489
92464,0.970385015011
92465,0.802046000957
92466,0.861859798431
92467,0.956312179565
92469,0.64560598135
92470,0.593220949173
92472,0.915187239647
92475,0.69608092308
92477,0.887252032757
92478,0.597547709942
92480,0.763834118843
92481,0.667499125004
92483,0.782805562019
92485,0.756904661655
92486,0.978257834911
92489,0.698565542698
92491,0.479193717241
92494,0.751005589962
92498,0.879000782967
92499,0.980386793613
92500,0.973665833473
92502,0.972457289696
92503,0.821623921394
92504,0.94976913929
92505,0.716323912144
92508,0.387271016836
92509,0.851282536983
92511,0.413068324327
92512,0.289908349514
92513,0.658131957054
92514,0.876218020916
92516,0.865265130997
92519,0.932966947556
92521,0.85514575243
92524,0.56372076273
92528,0.540947258472
92530,0.969559669495
92532,0.395979404449
92534,0.964903235435
92535,0.778058648109
92537,0.698339641094
92539,0.678706884384
92542,0.924789845943
92543,0.952082574368
92545,0.735991537571
92546,0.581695795059
92547,0.805620133877
92548,0.700546681881
92550,0.936046600342
92554,0.962296247482
92555,0.920353829861
92556,0.933913886547
92558,0.934467673302
92561,0.848733246326
92566,0.914222061634
92568,0.913477301598
92571,0.928036868572
92573,0.515526771545
92576,0.858428657055
92580,0.698459625244
92585,0.904233336449
92586,0.966604411602
92587,0.937131822109
92588,0.968435883522
92592,0.934439599514
92593,0.987838506699
92594,0.973088979721
92597,0.945652186871
92598,0.838653802872
92600,0.907085418701
92601,0.979389488697
92603,0.942179858685
92605,0.807953119278
92608,0.228809386492
92609,0.97682094574
92612,0.891223013401
92615,0.776224374771
92617,0.75699365139
92618,0.618639826775
92623,0.775759756565
92625,0.96748405695
92630,0.574323415756
92633,0.725597918034
92634,0.59296387434
92638,0.922244727612
92639,0.973117530346
92641,0.696406662464
92643,0.923682689667
92646,0.894168317318
92647,0.636370480061
92649,0.888629257679
92653,0.263036042452
92656,0.575074851513
92660,0.966795921326
92661,0.843519032001
92664,0.86748278141
92668,0.86499774456
92669,0.710390388966
92672,0.901412904263
92674,0.795453369617
92676,0.573226332664
92677,0.532824099064
92678,0.814088582993
92679,0.709741950035
92681,0.52785807848
92682,0.769537627697
92687,0.841103792191
92689,0.950115740299
92691,0.896802127361
92696,0.895378410816
92708,0.668502211571
92711,0.917458355427
92719,0.756142556667
92720,0.747314929962
92722,0.766618072987
92723,0.951942622662
92724,0.769036233425
92725,0.632463097572
92727,0.669189214706
92728,0.225157290697
92731,0.977408111095
92732,0.276264488697
92734,0.984917342663
92737,0.450512140989
92738,0.868427753448
92739,0.271548211575
92741,0.871220648289
92742,0.992035806179
92743,0.770651161671
92745,0.727817356586
92746,0.987283945084
92751,0.875124394894
92757,0.909157395363
92760,0.906601428986
92761,0.976795911789
92762,0.915191352367
92763,0.961577653885
92765,0.986257374287
92766,0.956670880318
92768,0.94606256485
92769,0.803581178188
92779,0.0697966888547
92780,0.707006692886
92782,0.615680277348
92783,0.73201662302
92784,0.689922451973
92786,0.903415441513
92788,0.979245424271
92789,0.737878441811
92790,0.744037926197
92792,0.80455738306
92793,0.950726091862
92795,0.853366672993
92797,0.909210801125
92798,0.81797337532
92799,0.924965441227
92801,0.911821246147
92802,0.94707351923
92806,0.746745347977
92808,0.82916200161
92809,0.975680947304
92810,0.522288858891
92812,0.544800817966
92813,0.769303679466
92815,0.964194178581
92816,0.85169929266
92817,0.889233410358
92818,0.794556856155
92819,0.921125113964
92823,0.671499073505
92824,0.870172202587
92825,0.89276278019
92826,0.668406009674
92828,0.781240463257
92829,0.749853909016
92830,0.742326915264
92831,0.804350614548
92835,0.689085543156
92838,0.350195974112
92839,0.436092704535
92840,0.784701168537
92842,0.966786146164
92844,0.686528980732
92850,0.865457415581
92851,0.822416901588
92854,0.982778608799
92855,0.351289242506
92857,0.756730079651
92859,0.822740495205
92861,0.975158393383
92862,0.945167064667
92863,0.55882358551
92864,0.637951314449
92866,0.786985516548
92868,0.816062808037
92870,0.952725946903
92873,0.548487484455
92874,0.748778700829
92875,0.466191858053
92880,0.885391414165
92883,0.897399425507
92884,0.597122907639
92886,0.738488197327
92887,0.594715118408
92890,0.963057041168
92891,0.483818531036
92893,0.792630255222
92896,0.712198853493
92897,0.758394956589
92898,0.793182969093
92900,0.824512958527
92902,0.90648651123
92903,0.650153756142
92904,0.934212088585
92907,0.844928205013
92908,0.968391180038
92913,0.739342987537
92915,0.902932345867
92916,0.848371565342
92920,0.863030135632
92921,0.695179104805
92927,0.86102861166
92928,0.961419582367
92930,0.903031587601
92934,0.975801587105
92935,0.635991871357
92936,0.916504085064
92939,0.80149525404
92941,0.97458511591
92942,0.801773250103
92943,0.701633751392
92946,0.694359660149
92949,0.977889597416
92953,0.982877612114
92954,0.955296218395
92955,0.717875063419
92956,0.734389603138
92957,0.917226195335
92958,0.363739430904
92959,0.586209058762
92960,0.889247536659
92961,0.217558756471
92963,0.877615392208
92964,0.846073210239
92969,0.820786654949
92971,0.914090037346
92974,0.490217000246
92977,0.356007575989
92982,0.701727569103
92983,0.754241585732
92985,0.101871646941
92988,0.575384020805
92994,0.770084679127
92995,0.709574043751
92999,0.719369053841
93001,0.546968877316
93002,0.125068590045
93004,0.76905465126
93006,0.457932144403
93007,0.783913850784
93008,0.784593701363
93010,0.643753230572
93012,0.907554805279
93013,0.872156083584
93014,0.910884439945
93015,0.908650696278
93018,0.781837165356
93020,0.880098342896
93021,0.629496097565
93022,0.854379951954
93024,0.952777564526
93025,0.988245010376
93029,0.717516183853
93030,0.668549656868
93033,0.755690813065
93035,0.498596400023
93036,0.849582791328
93040,0.982963323593
93041,0.911760807037
93042,0.799800336361
93047,0.498605579138
93048,0.616835236549
93049,0.401598840952
93050,0.827605307102
93051,0.892205238342
93052,0.94657433033
93053,0.901002883911
93055,0.511391222477
93059,0.893460333347
93060,0.950159132481
93063,0.734149158001
93064,0.722458839417
93067,0.820002794266
93071,0.902575612068
93073,0.927154541016
93074,0.812643766403
93077,0.846717774868
93078,0.970520794392
93080,0.878293097019
93081,0.826519429684
93082,0.762621104717
93085,0.79775506258
93086,0.90145534277
93090,0.81466537714
93092,0.832019686699
93095,0.944980502129
93096,0.716468691826
93099,0.116688326001
93101,0.920361876488
93104,0.826224386692
93105,0.82029491663
93106,0.829075396061
93107,0.591509282589
93108,0.945181727409
93110,0.767305970192
93111,0.65129673481
93113,0.810361683369
93116,0.968792080879
93117,0.735670506954
93121,0.773471832275
93125,0.843696773052
93129,0.764540731907
93132,0.861427009106
93136,0.981248617172
93138,0.586409747601
93139,0.460179567337
93140,0.136037573218
93142,0.653090178967
93145,0.891972482204
93148,0.939247369766
93150,0.804185926914
93151,0.875385820866
93153,0.552950918674
93156,0.847000062466
93159,0.842584848404
93160,0.873269915581
93161,0.74816173315
93163,0.537200152874
93166,0.604321360588
93167,0.916684985161
93170,0.875228106976
93171,0.8273037076
93173,0.687000870705
93177,0.582509160042
93179,0.873336076736
93182,0.813447475433
93184,0.486414670944
93188,0.949982523918
93191,0.736362874508
93192,0.874452233315
93193,0.909406960011
93198,0.988561451435
93199,0.817707538605
93200,0.780953645706
93202,0.797803580761
93203,0.674280703068
93209,0.673997163773
93210,0.641303539276
93211,0.537956416607
93212,0.566496610641
93216,0.589118242264
93217,0.894062817097
93219,0.896740376949
93222,0.830132067204
93224,0.493649333715
93225,0.41291603446
93228,0.8851583004
93231,0.938994646072
93232,0.528750479221
93233,0.792087078094
93236,0.407997816801
93237,0.692343533039
93238,0.847944676876
93239,0.800343573093
93240,0.740671277046
93241,0.881359159946
93243,0.855640232563
93245,0.988968491554
93246,0.82559722662
93251,0.963557720184
93255,0.772624433041
93256,0.877453684807
93259,0.851736605167
93261,0.98381537199
93262,0.872646272182
93267,0.900956988335
93268,0.936495840549
93270,0.760573744774
93271,0.822303414345
93273,0.199519053102
93275,0.965688407421
93281,0.776214122772
93283,0.82611989975
93285,0.741577148438
93291,0.494297266006
93293,0.872907221317
93294,0.922609269619
93298,0.728457987309
93300,0.630562543869
93301,0.977051079273
93303,0.880235910416
93306,0.060916941613
93307,0.598104834557
93310,0.662200033665
93311,0.832004308701
93314,0.871873319149
93315,0.667844772339
93318,0.91988670826
93325,0.956922650337
93328,0.79520046711
93332,0.795820116997
93334,0.730213999748
93335,0.690801382065
93336,0.993991076946
93337,0.573781311512
93338,0.935300588608
93341,0.971320569515
93344,0.989869534969
93346,0.892996311188
93347,0.0996280610561
93350,0.703362822533
93351,0.676650047302
93353,0.987897455692
93354,0.456571578979
93355,0.689465582371
93357,0.808775186539
93358,0.89701539278
93360,0.942107796669
93361,0.969230413437
93362,0.959381580353
93363,0.989317476749
93364,0.759331941605
93365,0.948493123055
93366,0.716791749001
93367,0.649486839771
93368,0.405978083611
93374,0.109687685966
93375,0.893054485321
93377,0.935367107391
93378,0.948604047298
93380,0.870236933231
93381,0.922499775887
93382,0.157698050141
93384,0.720620989799
93386,0.670207679272
93387,0.743370652199
93388,0.435187757015
93389,0.944155991077
93395,0.248161882162
93396,0.859686017036
93397,0.810390889645
93398,0.959219992161
93399,0.159895136952
93401,0.418785721064
93402,0.734950721264
93403,0.85820120573
93406,0.436219900846
93409,0.728027403355
93410,0.270112633705
93411,0.803057670593
93412,0.775356590748
93414,0.939393877983
93416,0.634824752808
93418,0.826845109463
93420,0.646117389202
93423,0.940469801426
93425,0.645397305489
93428,0.900440454483
93429,0.752585351467
93431,0.607418954372
93432,0.975365638733
93435,0.953688442707
93438,0.710877180099
93439,0.945160031319
93441,0.468429386616
93442,0.962981045246
93445,0.90890622139
93446,0.894579589367
93447,0.936862528324
93448,0.530935049057
93449,0.982221782207
93450,0.974624216557
93451,0.864832699299
93455,0.957484424114
93456,0.688802599907
93457,0.657031297684
93460,0.838603079319
93462,0.64007627964
93463,0.493118345737
93466,0.974353194237
93467,0.751022279263
93471,0.656915426254
93472,0.202670261264
93473,0.97816747427
93474,0.649018406868
93476,0.944270253181
93480,0.454886615276
93481,0.825397908688
93482,0.931523442268
93483,0.759467363358
93485,0.777852296829
93486,0.61542993784
93487,0.947836697102
93490,0.658341348171
93492,0.97300195694
93493,0.859583735466
93494,0.897794365883
93498,0.87261402607
93499,0.669439256191
93500,0.923981785774
93503,0.928767442703
93505,0.751395642757
93507,0.974457740784
93511,0.679203569889
93513,0.951867461205
93515,0.927652537823
93516,0.614145219326
93519,0.896762907505
93520,0.651025116444
93521,0.853393554688
93523,0.761755883694
93527,0.711774945259
93529,0.89181137085
93530,0.481136381626
93531,0.538486361504
93532,0.841063320637
93533,0.973821997643
93536,0.872761666775
93538,0.670882940292
93541,0.67645829916
93549,0.379858225584
93552,0.728303551674
93554,0.972250699997
93555,0.486129611731
93556,0.893482208252
93557,0.818047225475
93558,0.785694301128
93561,0.6871535182
93562,0.709039866924
93565,0.982376039028
93566,0.456686466932
93567,0.948521852493
93568,0.464897155762
93571,0.778985202312
93572,0.10159432143
93574,0.9562510252
93581,0.356048673391
93584,0.510674953461
93586,0.521835744381
93587,0.986677289009
93588,0.377794772387
93589,0.861116588116
93590,0.836920082569
93591,0.322552710772
93592,0.64211577177
93593,0.971274018288
93595,0.978532850742
93596,0.867366790771
93597,0.843138813972
93599,0.834356844425
93601,0.701524615288
93602,0.910186767578
93604,0.904125154018
93605,0.783720254898
93607,0.579119920731
93609,0.776653647423
93611,0.969828248024
93612,0.94956111908
93615,0.927914023399
93616,0.231944531202
93617,0.829117000103
93619,0.902781248093
93623,0.403969824314
93624,0.456124931574
93626,0.825400114059
93630,0.95007956028
93631,0.793158471584
93632,0.88641166687
93633,0.905006170273
93634,0.760129034519
93636,0.848197758198
93641,0.789707481861
93644,0.65910089016
93648,0.556924045086
93652,0.966329753399
93655,0.784382045269
93659,0.900662183762
93662,0.720412552357
93663,0.942815959454
93668,0.732915043831
93670,0.783672392368
93673,0.704237341881
93675,0.865208029747
93679,0.926428973675
93680,0.794432938099
93683,0.868988931179
93685,0.648905217648
93687,0.687672019005
93688,0.622734844685
93689,0.806082427502
93690,0.908773958683
93691,0.954915821552
93692,0.960598170757
93693,0.907029986382
93696,0.391905903816
93698,0.714942157269
93701,0.919734537601
93702,0.513248383999
93703,0.447874546051
93705,0.642124831676
93707,0.823931634426
93708,0.816077291965
93711,0.945491969585
93712,0.749746263027
93714,0.896080493927
93715,0.214217752218
93716,0.834362983704
93720,0.992019236088
93722,0.950655639172
93724,0.688456892967
93725,0.989436626434
93728,0.963100135326
93730,0.530898153782
93733,0.581996202469
93735,0.83131736517
93737,0.719168663025
93738,0.808549106121
93739,0.696240127087
93740,0.744558393955
93741,0.530183494091
93742,0.887394249439
93743,0.884377777576
93745,0.638414263725
93748,0.911337137222
93749,0.961770653725
93751,0.773097932339
93753,0.502224743366
93756,0.722951769829
93757,0.263797789812
93758,0.66662222147
93759,0.696293473244
93760,0.835610926151
93762,0.860458731651
93763,0.834247648716
93765,0.872840106487
93767,0.779319345951
93768,0.581990003586
93769,0.882617354393
93772,0.801263570786
93774,0.801981210709
93781,0.843803703785
93782,0.978107154369
93784,0.716922700405
93791,0.494427829981
93792,0.971168398857
93793,0.867898344994
93794,0.978442668915
93795,0.914937615395
93802,0.701746284962
93804,0.970553100109
93809,0.883931219578
93810,0.927725315094
93813,0.559615075588
93817,0.966571688652
93818,0.839611411095
93819,0.684904098511
93820,0.824510753155
93821,0.777686059475
93822,0.852884590626
93826,0.341894298792
93828,0.66510695219
93829,0.920106053352
93831,0.401747882366
93832,0.958131611347
93833,0.629460394382
93840,0.867213487625
93841,0.789897382259
93842,0.945968270302
93843,0.56342536211
93845,0.933877408504
93847,0.668931484222
93848,0.827720165253
93849,0.962963700294
93850,0.915685653687
93852,0.908992767334
93853,0.910843670368
93854,0.988283216953
93855,0.654570221901
93857,0.886879384518
93858,0.426210284233
93863,0.770683884621
93869,0.764434933662
93871,0.93600076437
93872,0.729233443737
93874,0.358719825745
93875,0.763682246208
93885,0.637564361095
93887,0.740855097771
93888,0.91701644659
93890,0.49942445755
93891,0.957408130169
93896,0.112298645079
93897,0.438215941191
93903,0.740243375301
93905,0.648535251617
93909,0.967537939548
93910,0.968299150467
93911,0.845351934433
93913,0.767693758011
93914,0.741285920143
93915,0.890830218792
93916,0.860340833664
93917,0.812247693539
93921,0.8749345541
93922,0.607430577278
93926,0.876297831535
93927,0.966784358025
93930,0.591538310051
93934,0.32058390975
93937,0.949545621872
93938,0.923746466637
93939,0.932413041592
93943,0.849574625492
93945,0.747639358044
93947,0.815009176731
93948,0.820901095867
93949,0.904004812241
93951,0.548867106438
93956,0.349064230919
93957,0.953302264214
93959,0.786860764027
93962,0.423410892487
93963,0.975172221661
93964,0.731062531471
93967,0.882724225521
93968,0.454540520906
93969,0.709252238274
93970,0.618899405003
93973,0.718829154968
93974,0.783811450005
93975,0.965531587601
93976,0.933847904205
93977,0.684522092342
93979,0.939782142639
93981,0.542159557343
93984,0.696808993816
93987,0.805055677891
93989,0.988802075386
93990,0.62161308527
93991,0.741709113121
93992,0.474502384663
93994,0.989038825035
93995,0.945635974407
93997,0.486644119024
93998,0.943928539753
93999,0.952602803707
94001,0.798548936844
94002,0.982573568821
94005,0.810100793839
94007,0.653369188309
94009,0.880858182907
94011,0.955356299877
94012,0.975130736828
94014,0.0502707473934
94015,0.917230308056
94016,0.923116922379
94017,0.855087995529
94018,0.887402057648
94020,0.753672122955
94022,0.672236084938
94024,0.668282985687
94025,0.97544336319
94028,0.961476564407
94029,0.920849144459
94031,0.899988770485
94034,0.784675002098
94035,0.973120391369
94036,0.342817515135
94038,0.798677504063
94040,0.970801234245
94044,0.864566802979
94048,0.147912174463
94049,0.264028787613
94051,0.84162157774
94052,0.623445808887
94054,0.585057735443
94056,0.939599990845
94057,0.91727244854
94058,0.899920225143
94059,0.981734931469
94060,0.713182210922
94061,0.787138462067
94062,0.976644337177
94069,0.704824030399
94071,0.978625416756
94072,0.811161577702
94073,0.969442486763
94074,0.852259874344
94075,0.814678072929
94076,0.98154014349
94077,0.794476866722
94079,0.609429359436
94080,0.7379322052
94082,0.785777270794
94086,0.960207164288
94087,0.809897542
94088,0.928740382195
94091,0.645383358002
94092,0.583982527256
94093,0.830029308796
94095,0.959223687649
94097,0.967661678791
94099,0.804418623447
94103,0.963967502117
94107,0.54492598772
94108,0.688618302345
94109,0.991095781326
94110,0.940207540989
94111,0.931045770645
94115,0.898363530636
94118,0.753964602947
94120,0.65545219183
94126,0.751968622208
94127,0.904489278793
94130,0.921445250511
94131,0.396019905806
94137,0.705169379711
94138,0.927186429501
94139,0.916750788689
94144,0.690294444561
94145,0.80703240633
94146,0.493945032358
94147,0.820502698421
94149,0.974497258663
94150,0.730500280857
94151,0.48913988471
94152,0.734753012657
94153,0.830319821835
94155,0.89693492651
94156,0.773373126984
94157,0.95095717907
94159,0.712436378002
94160,0.844694674015
94161,0.985858857632
94162,0.757334589958
94164,0.687648534775
94167,0.990312099457
94172,0.609130084515
94173,0.989715635777
94175,0.930278718472
94176,0.981800675392
94177,0.589105665684
94178,0.683193981647
94179,0.792545199394
94181,0.878371715546
94184,0.879682004452
94185,0.982166349888
94190,0.933331310749
94192,0.918076992035
94193,0.911043226719
94194,0.79590088129
94195,0.977767646313
94199,0.965919911861
94200,0.862305939198
94201,0.788579404354
94204,0.507362961769
94207,0.14590126276
94210,0.791178524494
94212,0.974108695984
94214,0.777582645416
94218,0.649170041084
94220,0.924978494644
94223,0.908997178078
94226,0.731217026711
94227,0.870234429836
94229,0.678716421127
94230,0.87694978714
94231,0.725502789021
94233,0.813322544098
94234,0.935666322708
94237,0.800046980381
94241,0.702992796898
94242,0.412055909634
94247,0.987440466881
94250,0.929225802422
94256,0.653054833412
94258,0.707466006279
94259,0.962306678295
94260,0.844626963139
94261,0.741294026375
94264,0.901350736618
94266,0.487955003977
94267,0.736042499542
94268,0.84934347868
94269,0.775715529919
94270,0.878146350384
94272,0.270092576742
94274,0.991620898247
94276,0.959733664989
94280,0.960281252861
94283,0.901969850063
94284,0.815190374851
94288,0.938950061798
94289,0.593411982059
94290,0.833905637264
94291,0.946789503098
94292,0.709367573261
94293,0.927059054375
94296,0.886303663254
94297,0.796065270901
94301,0.929801344872
94306,0.54892206192
94309,0.767106711864
94310,0.816701412201
94312,0.408842206001
94317,0.786906898022
94318,0.496909826994
94321,0.67372572422
94325,0.705394327641
94326,0.953418314457
94329,0.948081731796
94330,0.442203074694
94334,0.869186520576
94337,0.889734566212
94338,0.51139819622
94345,0.84323143959
94347,0.735192239285
94348,0.887201488018
94349,0.943789958954
94351,0.6632604599
94353,0.6357858181
94354,0.600351929665
94356,0.975616693497
94357,0.967791438103
94358,0.984084844589
94359,0.8669449687
94360,0.920547187328
94364,0.969839811325
94365,0.884359776974
94369,0.914202094078
94370,0.908574938774
94374,0.764050424099
94375,0.758122086525
94377,0.738608419895
94378,0.834577441216
94383,0.924586415291
94384,0.874818205833
94387,0.326638191938
94388,0.803669810295
94391,0.897143959999
94392,0.851769804955
94393,0.522188365459
94394,0.951704800129
94397,0.0796303376555
94399,0.778777480125
94401,0.895077109337
94402,0.951572358608
94407,0.899038493633
94411,0.331408828497
94412,0.759375929832
94416,0.637439966202
94418,0.788303852081
94419,0.596692085266
94422,0.824066281319
94425,0.83828908205
94427,0.914208710194
94428,0.730072557926
94429,0.796561956406
94433,0.775527358055
94436,0.872926473618
94439,0.9395647645
94441,0.959092199802
94443,0.473379582167
94445,0.764021813869
94447,0.981983780861
94450,0.916182756424
94451,0.888846099377
94453,0.945363223553
94457,0.967555344105
94458,0.901368916035
94460,0.919550836086
94461,0.964138567448
94462,0.509384930134
94468,0.556842684746
94471,0.942400574684
94472,0.908427655697
94474,0.629503905773
94475,0.697443604469
94477,0.825390398502
94479,0.753812372684
94481,0.911541283131
94484,0.806989967823
94485,0.769156694412
94486,0.91346514225
94488,0.985887825489
94492,0.961066663265
94493,0.919560194016
94494,0.859323501587
94497,0.926550149918
94498,0.944350302219
94499,0.738189041615
94500,0.789020717144
94501,0.912062108517
94502,0.924972832203
94505,0.899823188782
94506,0.606297969818
94514,0.684395313263
94515,0.972233533859
94517,0.687663555145
94518,0.423534184694
94519,0.604309737682
94527,0.293630868196
94529,0.983319699764
94530,0.970014214516
94534,0.792481601238
94539,0.925767302513
94540,0.96568775177
94542,0.662878811359
94543,0.611691772938
94553,0.913151323795
94557,0.829423844814
94558,0.351168900728
94560,0.826435744762
94563,0.900778830051
94564,0.484513789415
94565,0.970227599144
94567,0.865727365017
94568,0.365880221128
94570,0.972929179668
94571,0.883212566376
94572,0.901709318161
94577,0.869454205036
94578,0.832042038441
94579,0.433022767305
94580,0.950913190842
94581,0.633000433445
94582,0.756088972092
94585,0.766511559486
94586,0.820412695408
94587,0.901820957661
94591,0.892406821251
94595,0.763887524605
94597,0.683982610703
94599,0.876311659813
94600,0.698626816273
94602,0.955282747746
94606,0.887522816658
94607,0.824038147926
94608,0.909647107124
94610,0.937119245529
94611,0.455152601004
94612,0.780514657497
94615,0.939605176449
94616,0.609111905098
94620,0.96853518486
94621,0.897791087627
94623,0.842981278896
94624,0.738554060459
94626,0.87271797657
94627,0.963652908802
94631,0.866387307644
94632,0.989953577518
94639,0.415570825338
94646,0.758411943913
94647,0.918929040432
94648,0.78459405899
94649,0.972583770752
94650,0.894483447075
94653,0.974219322205
94654,0.328196644783
94655,0.99501979351
94657,0.719880759716
94659,0.832852780819
94660,0.963614821434
94661,0.979991853237
94663,0.963757753372
94665,0.792379260063
94666,0.975879907608
94668,0.940442740917
94669,0.791151344776
94670,0.649791002274
94671,0.619556605816
94673,0.812132000923
94675,0.848959684372
94676,0.952760577202
94677,0.958042621613
94678,0.743353962898
94679,0.950539469719
94680,0.667659759521
94682,0.750506997108
94684,0.887435853481
94690,0.790446281433
94692,0.765161812305
94695,0.765391647816
94697,0.825830578804
94700,0.741758644581
94705,0.618515074253
94710,0.903844714165
94711,0.813947975636
94713,0.817917048931
94714,0.985176682472
94715,0.970953583717
94716,0.987362265587
94718,0.553939163685
94719,0.935896635056
94721,0.90008443594
94724,0.970620274544
94728,0.535104870796
94731,0.964311122894
94732,0.830310702324
94734,0.926554977894
94735,0.545245409012
94736,0.933307528496
94739,0.94763147831
94742,0.912690043449
94743,0.726249396801
94744,0.823420286179
94745,0.478839665651
94749,0.725413262844
94750,0.96045011282
94752,0.859775602818
94756,0.779224991798
94758,0.952609956264
94759,0.944855570793
94761,0.74187451601
94762,0.215939044952
94765,0.726556420326
94766,0.776350617409
94767,0.857953369617
94769,0.727280914783
94770,0.866386175156
94774,0.64340031147
94775,0.614796698093
94776,0.196756377816
94777,0.906063616276
94779,0.844300806522
94783,0.630638003349
94786,0.520489513874
94789,0.965756893158
94790,0.670228004456
94792,0.611984610558
94795,0.758978307247
94797,0.302426725626
94799,0.817171275616
94802,0.641487538815
94803,0.540545046329
94806,0.794022142887
94809,0.718859136105
94810,0.874502539635
94812,0.965575575829
94813,0.815240263939
94815,0.851217925549
94817,0.663987398148
94822,0.874150633812
94824,0.954737246037
94825,0.738391816616
94826,0.755366265774
94828,0.986985623837
94829,0.753682672977
94830,0.65846568346
94832,0.528970062733
94833,0.982790112495
94835,0.983513057232
94838,0.974727571011
94840,0.966571569443
94841,0.941925942898
94844,0.892371296883
94845,0.663059949875
94847,0.95073479414
94848,0.857308030128
94849,0.937138497829
94851,0.806759953499
94852,0.475451678038
94857,0.880920052528
94858,0.820530891418
94859,0.780977725983
94861,0.899050712585
94864,0.689450323582
94866,0.980422973633
94869,0.889016270638
94870,0.437408447266
94871,0.950661420822
94872,0.986048698425
94880,0.965146362782
94881,0.933370769024
94882,0.573766708374
94883,0.836001098156
94885,0.727066934109
94886,0.920087635517
94887,0.919876635075
94888,0.616532087326
94890,0.793072223663
94891,0.876640617847
94892,0.545031964779
94893,0.959280431271
94896,0.5942081213
94899,0.806935310364
94900,0.922534584999
94902,0.919878065586
94903,0.6691365242
94904,0.748921096325
94907,0.718977808952
94908,0.728797376156
94910,0.946416258812
94912,0.553081393242
94913,0.927170157433
94914,0.739765942097
94915,0.6800314188
94918,0.634079694748
94920,0.789242148399
94921,0.644968450069
94922,0.729431390762
94923,0.32337012887
94926,0.856482923031
94930,0.814482271671
94931,0.983581423759
94934,0.648715853691
94937,0.967093646526
94938,0.751294434071
94940,0.888976097107
94948,0.144004926085
94949,0.91743940115
94950,0.750972926617
94955,0.857587575912
94956,0.541353821754
94960,0.987172067165
94961,0.895119488239
94963,0.939698934555
94964,0.959490120411
94965,0.734216928482
94966,0.987938642502
94968,0.543055653572
94971,0.964650213718
94976,0.937018036842
94977,0.937933266163
94978,0.500776052475
94982,0.571528077126
94984,0.748887360096
94985,0.735988497734
94988,0.830117404461
94989,0.967951476574
94993,0.771143019199
94994,0.697905123234
94995,0.686347723007
94999,0.981080591679
95000,0.809490382671
95003,0.668346703053
95007,0.520411014557
95011,0.587319672108
95012,0.565529644489
95014,0.705489337444
95016,0.693872749805
95017,0.812311828136
95018,0.573404490948
95019,0.98136729002
95022,0.617704033852
95024,0.877216219902
95025,0.87811768055
95026,0.822403013706
95027,0.762145936489
95031,0.815560400486
95032,0.828072667122
95033,0.313150465488
95035,0.822819948196
95038,0.830801010132
95041,0.987061440945
95042,0.860002756119
95045,0.837260305882
95050,0.538775026798
95051,0.253226965666
95053,0.770616531372
95054,0.913261771202
95056,0.882520854473
95058,0.808421134949
95059,0.964475214481
95063,0.856570124626
95064,0.830453634262
95066,0.861707508564
95067,0.975235819817
95068,0.80084592104
95069,0.914547264576
95072,0.965499460697
95074,0.621616959572
95075,0.917903482914
95076,0.666464149952
95081,0.909758388996
95082,0.73059374094
95083,0.748365342617
95085,0.91251718998
95089,0.957507908344
95090,0.527472674847
95091,0.447854459286
95092,0.656856060028
95095,0.975893974304
95096,0.681102275848
95097,0.494753569365
95099,0.743616044521
95101,0.609426319599
95102,0.774698257446
95103,0.601856350899
95105,0.651971876621
95106,0.939746022224
95112,0.876887619495
95115,0.925688862801
95116,0.953800976276
95117,0.855828285217
95118,0.756673336029
95121,0.911392807961
95128,0.71356344223
95129,0.939251363277
95130,0.686820685863
95134,0.983311653137
95137,0.736235439777
95138,0.943294227123
95140,0.793462574482
95141,0.79526078701
95144,0.859706997871
95146,0.844950377941
95147,0.976947784424
95148,0.921940326691
95149,0.858985126019
95150,0.980453491211
95152,0.685578346252
95153,0.595523774624
95154,0.62029761076
95156,0.764751970768
95159,0.82908987999
95161,0.659922122955
95162,0.847804188728
95165,0.884321630001
95168,0.879414081573
95169,0.842615306377
95172,0.768590509892
95173,0.801706075668
95176,0.741588890553
95177,0.906288862228
95179,0.839418768883
95181,0.285264045
95182,0.988390922546
95183,0.732043385506
95187,0.965390563011
95192,0.645987033844
95195,0.895295977592
95197,0.774575531483
95201,0.738459050655
95203,0.844300091267
95207,0.647157251835
95210,0.476160615683
95211,0.970938742161
95215,0.636730730534
95216,0.0499376729131
95217,0.297242283821
95219,0.980285644531
95221,0.988331615925
95222,0.844096720219
95223,0.693333029747
95224,0.879655241966
95228,0.898083090782
95230,0.871345818043
95234,0.942588508129
95236,0.57738173008
95237,0.788129091263
95239,0.735182523727
95240,0.975696802139
95241,0.920628666878
95242,0.952579796314
95245,0.53799289465
95248,0.923499941826
95251,0.77513974905
95252,0.906917929649
95254,0.98599678278
95257,0.666488945484
95259,0.500168740749
95261,0.97538882494
95264,0.91812902689
95266,0.494905471802
95268,0.870743513107
95271,0.860468566418
95272,0.964202702045
95273,0.736032545567
95274,0.468082517385
95275,0.890742659569
95277,0.802159428596
95279,0.680893480778
95280,0.66795194149
95281,0.735447525978
95282,0.932527720928
95288,0.876609742641
95289,0.961064457893
95290,0.573478579521
95292,0.738195240498
95293,0.136453747749
95294,0.890157818794
95296,0.930691182613
95299,0.271162748337
95300,0.741848170757
95303,0.967204511166
95306,0.986879646778
95308,0.810331285
95316,0.908153474331
95320,0.470306247473
95321,0.722179293633
95325,0.420882940292
95328,0.393936216831
95332,0.928004145622
95333,0.968739628792
95334,0.759655833244
95335,0.890806138515
95336,0.87832224369
95337,0.125539124012
95339,0.875967919827
95342,0.191583484411
95346,0.985840678215
95349,0.922685980797
95350,0.660128712654
95351,0.400508701801
95353,0.974953055382
95356,0.816096067429
95359,0.838623523712
95360,0.950718522072
95362,0.862128973007
95366,0.566523849964
95367,0.524378240108
95372,0.917511343956
95373,0.834924817085
95374,0.564672350883
95377,0.897111594677
95380,0.888093411922
95381,0.793351233006
95382,0.442598283291
95383,0.835260927677
95385,0.782322824001
95388,0.513815999031
95389,0.539777219296
95390,0.575406312943
95391,0.820659935474
95392,0.555101454258
95393,0.934610128403
95396,0.989002108574
95402,0.687174737453
95404,0.676361143589
95405,0.972649395466
95407,0.502748012543
95409,0.471597462893
95411,0.83286011219
95414,0.761576354504
95415,0.925764143467
95416,0.852981925011
95419,0.791861891747
95420,0.462933957577
95422,0.67197072506
95426,0.955025494099
95427,0.979929745197
95428,0.706315755844
95429,0.457789510489
95431,0.783571600914
95432,0.829755246639
95436,0.907590866089
95438,0.919346451759
95441,0.922823250294
95444,0.963988006115
95449,0.0336151383817
95450,0.961281001568
95452,0.851533651352
95454,0.974754333496
95455,0.681522786617
95457,0.874096691608
95461,0.950388848782
95463,0.939853072166
95466,0.979117393494
95468,0.598308742046
95470,0.813178896904
95475,0.83677136898
95476,0.251277834177
95477,0.93377405405
95480,0.941874861717
95483,0.962872385979
95485,0.566086173058
95487,0.729942500591
95493,0.976869404316
95494,0.979285895824
95496,0.886157989502
95498,0.522642254829
95502,0.724967718124
95503,0.987694382668
95505,0.832967162132
95506,0.900136053562
95507,0.851675868034
95510,0.888801753521
95511,0.78619492054
95513,0.88321942091
95514,0.592940092087
95515,0.674750626087
95521,0.69939750433
95522,0.607672929764
95523,0.856926321983
95525,0.655147850513
95526,0.137030333281
95528,0.379299044609
95529,0.514937579632
95533,0.736434936523
95534,0.889113128185
95536,0.607571899891
95537,0.763143658638
95538,0.749095797539
95540,0.886524140835
95542,0.700806677341
95543,0.168060645461
95544,0.612783491611
95545,0.206158995628
95547,0.850844025612
95549,0.891601324081
95551,0.930606007576
95552,0.896042466164
95554,0.701832354069
95555,0.844032347202
95558,0.848009884357
95559,0.878219425678
95561,0.857496261597
95562,0.823512613773
95565,0.943423092365
95566,0.780194759369
95567,0.730773568153
95569,0.923484504223
95570,0.613920807838
95571,0.922323703766
95572,0.959790766239
95573,0.946563005447
95575,0.851655125618
95578,0.739621162415
95583,0.642307221889
95585,0.809691905975
95586,0.755316317081
95587,0.962165236473
95588,0.747307658195
95589,0.926755189896
95594,0.744168937206
95597,0.938335418701
95601,0.676063477993
95603,0.934775590897
95604,0.936025083065
95608,0.469012856483
95610,0.592452764511
95616,0.961207509041
95617,0.752437412739
95619,0.881844758987
95621,0.906527578831
95623,0.911599338055
95625,0.685455322266
95628,0.809516727924
95630,0.339679509401
95631,0.831248164177
95632,0.946271181107
95636,0.82105922699
95639,0.843189835548
95642,0.396533966064
95643,0.633719861507
95644,0.636638462543
95648,0.795384287834
95650,0.879756808281
95652,0.691162288189
95653,0.984103322029
95656,0.758319199085
95658,0.732482492924
95660,0.568805277348
95662,0.966611564159
95664,0.709741413593
95668,0.826316714287
95669,0.942430734634
95671,0.463172256947
95672,0.918575704098
95673,0.785894334316
95675,0.537830889225
95676,0.748143255711
95678,0.847883820534
95680,0.889455795288
95681,0.925613045692
95684,0.922426581383
95687,0.598431229591
95688,0.714258790016
95691,0.76470553875
95692,0.813160598278
95693,0.515228748322
95695,0.851447224617
95696,0.544775724411
95697,0.946275234222
95698,0.807975769043
95699,0.900957107544
95700,0.907445132732
95701,0.612402796745
95703,0.848097145557
95708,0.770729541779
95711,0.887991130352
95713,0.659412264824
95714,0.868651628494
95715,0.588573932648
95717,0.982266485691
95719,0.962829768658
95720,0.574647605419
95722,0.974565327168
95724,0.81930744648
95726,0.826698839664
95729,0.867222726345
95732,0.966247737408
95734,0.766461491585
95736,0.809724509716
95737,0.593943655491
95739,0.843572080135
95740,0.806911289692
95741,0.985558271408
95743,0.635915577412
95748,0.858040034771
95749,0.234961688519
95750,0.477168291807
95752,0.88081496954
95753,0.983684778214
95755,0.543820023537
95757,0.921846747398
95762,0.887826383114
95766,0.548256635666
95771,0.847829163074
95773,0.993466198444
95775,0.796813428402
95776,0.982479691505
95778,0.982318937778
95782,0.752862095833
95790,0.926977336407
95792,0.763548731804
95793,0.782210290432
95794,0.81851786375
95795,0.778035461903
95797,0.757529437542
95800,0.830966711044
95801,0.970530629158
95804,0.98613935709
95806,0.977287888527
95808,0.834311962128
95810,0.957434237003
95814,0.829556465149
95815,0.930319190025
95816,0.537048041821
95817,0.850528538227
95818,0.970689475536
95820,0.913444578648
95822,0.195436194539
95823,0.760095119476
95824,0.748385727406
95825,0.886635363102
95828,0.898853421211
95830,0.668502628803
95832,0.919024944305
95833,0.55798625946
95836,0.86994946003
95842,0.797584652901
95843,0.927359879017
95844,0.653353214264
95846,0.9404925704
95847,0.873289704323
95849,0.877896666527
95850,0.924359917641
95851,0.933779358864
95852,0.917517840862
95853,0.81769567728
95854,0.761913120747
95857,0.979178011417
95860,0.415366381407
95861,0.988470435143
95862,0.261187940836
95864,0.860117375851
95865,0.969434320927
95868,0.813755869865
95872,0.904195845127
95873,0.751394808292
95876,0.443340361118
95877,0.918809115887
95881,0.874121844769
95883,0.846654057503
95884,0.939010262489
95885,0.947308897972
95887,0.570954680443
95889,0.944684445858
95891,0.923516392708
95893,0.86915910244
95895,0.881995141506
95897,0.532179713249
95898,0.860930204391
95901,0.53639882803
95902,0.971108734608
95905,0.946043908596
95906,0.456648528576
95907,0.926130414009
95908,0.844274222851
95909,0.247650906444
95910,0.842876374722
95914,0.891788363457
95916,0.967925667763
95918,0.755392968655
95923,0.982724964619
95924,0.97975897789
95928,0.570952832699
95930,0.746420264244
95931,0.95345133543
95932,0.982796311378
95933,0.799970567226
95934,0.561745405197
95936,0.922589898109
95940,0.708695471287
95942,0.802249372005
95948,0.756235957146
95949,0.875710606575
95950,0.569001197815
95951,0.959755539894
95952,0.912791848183
95957,0.928110182285
95964,0.619851589203
95966,0.8375005126
95967,0.853922903538
95968,0.97264277935
95969,0.97708773613
95970,0.659726917744
95972,0.979721784592
95973,0.973379850388
95974,0.699381113052
95981,0.570643424988
95985,0.448379665613
95988,0.808516085148
95989,0.70853728056
95994,0.888519227505
95995,0.25635638833
95996,0.868449747562
95997,0.548107922077
95998,0.837605655193
96000,0.602432131767
96001,0.87032532692
96002,0.84857493639
96003,0.700648903847
96004,0.766897380352
96005,0.783799290657
96006,0.794513583183
96007,0.619451284409
96008,0.628453731537
96009,0.66559612751
96010,0.828957796097
96011,0.919828951359
96012,0.804371774197
96013,0.520984053612
96014,0.864823400974
96019,0.54476827383
96020,0.967054188251
96021,0.921872675419
96028,0.847970545292
96029,0.885363280773
96030,0.27943021059
96031,0.932077825069
96032,0.794029116631
96034,0.845365405083
96035,0.966547429562
96036,0.743110895157
96037,0.948412299156
96038,0.92449337244
96039,0.824534833431
96043,0.951434314251
96046,0.834151208401
96048,0.638929069042
96050,0.915555238724
96056,0.950542271137
96058,0.94111520052
96059,0.731972336769
96060,0.904312133789
96062,0.952637672424
96063,0.77256757021
96065,0.937971651554
96066,0.730194032192
96067,0.728752076626
96068,0.857378900051
96071,0.926399409771
96074,0.976255953312
96079,0.880196869373
96080,0.820260226727
96081,0.883963704109
96082,0.708410084248
96084,0.607804894447
96085,0.688455104828
96088,0.899360239506
96089,0.88167732954
96090,0.831979811192
96092,0.948416113853
96093,0.836590051651
96095,0.70367115736
96097,0.872304975986
96098,0.756386995316
96105,0.994337379932
96106,0.673145473003
96107,0.965448558331
96108,0.441439151764
96112,0.541775345802
96113,0.372594773769
96117,0.860936224461
96118,0.814148783684
96119,0.317730933428
96120,0.629644632339
96123,0.562277078629
96125,0.936427235603
96128,0.97509354353
96131,0.681933581829
96135,0.712768912315
96138,0.983025312424
96139,0.966296255589
96140,0.941395103931
96141,0.590988755226
96142,0.849918067455
96145,0.92581397295
96146,0.828831017017
96148,0.772454917431
96149,0.500070989132
96153,0.784810602665
96155,0.963691830635
96159,0.60259604454
96160,0.653966009617
96162,0.841392874718
96164,0.872956931591
96165,0.509512484074
96169,0.490753471851
96172,0.986245036125
96173,0.536631166935
96176,0.624476075172
96178,0.495124012232
96182,0.948666393757
96185,0.908719420433
96186,0.956419050694
96187,0.902660667896
96190,0.741568684578
96191,0.886498749256
96192,0.961639881134
96196,0.814814567566
96198,0.619323849678
96199,0.978757798672
96203,0.962073326111
96209,0.942319691181
96210,0.978935599327
96211,0.519929945469
96213,0.745496869087
96220,0.569028973579
96221,0.891912102699
96224,0.669856548309
96226,0.651555120945
96228,0.889281928539
96230,0.703400313854
96231,0.683654129505
96233,0.809873104095
96234,0.693299412727
96235,0.670504391193
96236,0.697302401066
96239,0.851109027863
96240,0.978347063065
96241,0.603053510189
96242,0.775243341923
96244,0.395214319229
96246,0.558300435543
96252,0.702259659767
96253,0.773061037064
96256,0.89234995842
96257,0.531037032604
96259,0.761844813824
96261,0.920941233635
96265,0.760213792324
96266,0.678643941879
96269,0.907822072506
96271,0.609499633312
96273,0.93569880724
96274,0.90578442812
96275,0.678451240063
96277,0.699499726295
96278,0.825330197811
96279,0.0801945179701
96281,0.825763881207
96282,0.769477844238
96283,0.446226388216
96286,0.87252175808
96287,0.802724480629
96291,0.982597768307
96292,0.593849122524
96293,0.541962146759
96294,0.985942065716
96295,0.640654742718
96297,0.88043731451
96298,0.908369421959
96304,0.708381772041
96306,0.860606610775
96308,0.892071604729
96309,0.947601675987
96311,0.833771765232
96314,0.759691536427
96315,0.893850982189
96319,0.856411993504
96320,0.663644909859
96321,0.919882297516
96323,0.0788219869137
96324,0.665662884712
96331,0.707247138023
96333,0.621877908707
96334,0.646229028702
96335,0.55680513382
96337,0.755573749542
96338,0.805954873562
96344,0.883620321751
96345,0.829836905003
96348,0.859449625015
96349,0.769439458847
96350,0.304146409035
96352,0.483311295509
96353,0.362023413181
96355,0.896035969257
96356,0.955472588539
96362,0.65225315094
96364,0.991110920906
96366,0.91062361002
96369,0.952781975269
96372,0.678490817547
96373,0.83036416769
96374,0.883119761944
96376,0.394218623638
96377,0.552629888058
96379,0.836432874203
96381,0.537918508053
96382,0.834985971451
96384,0.985933125019
96387,0.880673408508
96390,0.991251111031
96391,0.915044188499
96393,0.403655856848
96394,0.952306807041
96395,0.869433403015
96396,0.820752859116
96398,0.651129007339
96399,0.966003894806
96400,0.80811214447
96401,0.842169582844
96404,0.734314799309
96405,0.909838378429
96406,0.533048093319
96407,0.491821110249
96409,0.95906329155
96410,0.745562672615
96411,0.756548941135
96412,0.284797906876
96413,0.966771006584
96414,0.927715957165
96416,0.856621980667
96418,0.929938733578
96419,0.768480956554
96422,0.621766090393
96423,0.735995352268
96425,0.956335842609
96427,0.655164241791
96429,0.77519351244
96431,0.630603611469
96432,0.647632956505
96433,0.765464186668
96435,0.584299743176
96437,0.526266217232
96438,0.842019438744
96440,0.942297577858
96442,0.976661622524
96444,0.407391101122
96445,0.449538081884
96448,0.842471122742
96449,0.95920342207
96452,0.815789937973
96454,0.990742266178
96460,0.951838314533
96461,0.872873783112
96466,0.975581884384
96468,0.951760113239
96470,0.185100629926
96471,0.889745891094
96476,0.862741291523
96477,0.931037843227
96481,0.978662669659
96483,0.668908715248
96484,0.867970168591
96486,0.819653391838
96490,0.885092735291
96491,0.83437526226
96493,0.971419751644
96494,0.971953630447
96496,0.984112560749
96500,0.387717753649
96501,0.681819677353
96502,0.387045234442
96507,0.836096346378
96508,0.440772712231
96513,0.511930704117
96514,0.68699246645
96515,0.951177000999
96518,0.909189343452
96522,0.889360189438
96527,0.912375628948
96531,0.870290756226
96532,0.757398486137
96533,0.985704004765
96537,0.833588600159
96539,0.844893097878
96543,0.905331909657
96544,0.83961057663
96545,0.608547687531
96546,0.985649287701
96547,0.896178007126
96550,0.793312132359
96553,0.987965345383
96556,0.50028014183
96557,0.807406961918
96558,0.916097104549
96559,0.86308401823
96560,0.836138665676
96561,0.933259129524
96563,0.949508309364
96564,0.206971749663
96565,0.671031475067
96566,0.866199433804
96568,0.499690949917
96571,0.963933050632
96573,0.979960262775
96574,0.921506404877
96576,0.831475973129
96577,0.981807589531
96580,0.887402415276
96581,0.771921694279
96582,0.914451062679
96584,0.921876490116
96585,0.782773196697
96587,0.435429304838
96589,0.444730728865
96591,0.816563367844
96592,0.876491129398
96594,0.755435407162
96595,0.650764584541
96596,0.626963436604
96597,0.478993535042
96598,0.539937674999
96602,0.984540760517
96605,0.834276795387
96606,0.976525962353
96607,0.241406902671
96615,0.924980282784
96616,0.913290202618
96618,0.705455243587
96622,0.847678601742
96626,0.979613423347
96627,0.93896573782
96628,0.957756280899
96631,0.895376980305
96633,0.964870333672
96634,0.956443786621
96636,0.737298309803
96637,0.790833234787
96639,0.408542811871
96646,0.691375255585
96647,0.860098004341
96648,0.632271587849
96649,0.987604856491
96650,0.982447683811
96651,0.977536916733
96653,0.847049117088
96654,0.829882979393
96657,0.959331214428
96658,0.893548071384
96659,0.66439896822
96660,0.691972017288
96663,0.60784471035
96669,0.900256752968
96670,0.940665006638
96672,0.855850636959
96673,0.762303590775
96674,0.81973195076
96675,0.794097959995
96676,0.698038041592
96678,0.677586734295
96679,0.857115149498
96681,0.932679057121
96682,0.98244458437
96683,0.937709748745
96684,0.607535839081
96685,0.902107179165
96686,0.657196938992
96688,0.943735778332
96690,0.830024182796
96693,0.545921981335
96698,0.139603748918
96699,0.886908054352
96700,0.806417942047
96701,0.634908437729
96702,0.295333325863
96706,0.913998246193
96707,0.775032103062
96710,0.92246389389
96713,0.754797339439
96715,0.765171289444
96716,0.892661690712
96720,0.340506792068
96722,0.772110939026
96727,0.827865600586
96729,0.695592045784
96730,0.848102211952
96736,0.976554632187
96738,0.826095461845
96740,0.905654847622
96741,0.799194633961
96744,0.655428111553
96748,0.0480059720576
96751,0.614642798901
96753,0.419213026762
96754,0.863605260849
96756,0.961363613605
96758,0.771205127239
96759,0.940066039562
96761,0.625647246838
96763,0.971966922283
96764,0.792128384113
96766,0.833632946014
96769,0.815041601658
96771,0.641344845295
96773,0.983009159565
96777,0.939224421978
96778,0.84223985672
96780,0.372743785381
96782,0.445946931839
96785,0.938792645931
96786,0.993877351284
96788,0.671887040138
96789,0.512073278427
96790,0.953153669834
96791,0.986324846745
96792,0.902086794376
96793,0.565444111824
96794,0.794870615005
96795,0.818575143814
96797,0.535924494267
96798,0.918561816216
96799,0.853449821472
96802,0.892473578453
96804,0.66360014677
96807,0.926193356514
96813,0.821697771549
96815,0.655080378056
96817,0.985271334648
96819,0.987770199776
96820,0.878343820572
96821,0.467400670052
96823,0.533317506313
96824,0.93202149868
96827,0.940744578838
96829,0.843000590801
96833,0.775510728359
96834,0.981958091259
96835,0.984764277935
96837,0.837658405304
96838,0.647773444653
96842,0.765065491199
96843,0.933805167675
96844,0.941885054111
96846,0.738710999489
96850,0.615234375
96854,0.779776573181
96855,0.825309872627
96859,0.114225909114
96860,0.769309937954
96861,0.946374833584
96862,0.961164474487
96863,0.110273450613
96865,0.354704916477
96867,0.954781711102
96869,0.967287361622
96871,0.913907706738
96872,0.867942512035
96874,0.919154882431
96877,0.716040432453
96880,0.580014824867
96881,0.950745046139
96882,0.6978276968
96887,0.639459192753
96890,0.898777723312
96894,0.957796871662
96896,0.562369465828
96898,0.635723054409
96900,0.723746299744
96901,0.220055237412
96902,0.761898875237
96903,0.947793662548
96905,0.892501831055
96906,0.930750727654
96909,0.664878070354
96910,0.865745484829
96913,0.854100704193
96914,0.742625236511
96915,0.948086857796
96916,0.877673745155
96919,0.963955760002
96920,0.706274092197
96922,0.712855100632
96924,0.820814609528
96925,0.913176774979
96928,0.983649492264
96930,0.765973985195
96932,0.621518850327
96933,0.967933118343
96936,0.423064440489
96943,0.889160811901
96944,0.798690259457
96945,0.459567248821
96946,0.866650819778
96947,0.797071635723
96951,0.969435274601
96952,0.90949678421
96953,0.781393527985
96956,0.717562437057
96957,0.958669900894
96959,0.906379640102
96960,0.790136158466
96961,0.807863891125
96962,0.596485972404
96963,0.374060750008
96964,0.930803120136
96965,0.834721088409
96968,0.847186267376
96969,0.703053593636
96972,0.902318298817
96973,0.662720441818
96974,0.71912419796
96976,0.605200767517
96981,0.941396057606
96983,0.88749986887
96985,0.899763643742
96987,0.626135885715
96988,0.985149741173
96994,0.820225119591
96997,0.787946164608
96998,0.776365697384
96999,0.634234368801
97000,0.973238348961
97001,0.512978374958
97002,0.675494790077
97003,0.821637451649
97004,0.759092569351
97006,0.744356453419
97007,0.898734986782
97008,0.744147539139
97009,0.875266909599
97010,0.607999742031
97013,0.463164716959
97018,0.689743697643
97019,0.706662237644
97020,0.952988505363
97023,0.784353077412
97024,0.482626140118
97025,0.961103975773
97028,0.956187844276
97029,0.908817648888
97030,0.9261033535
97033,0.866189002991
97035,0.911765098572
97036,0.857945740223
97037,0.637957215309
97040,0.689480006695
97041,0.868208229542
97043,0.697370171547
97044,0.79784488678
97048,0.825533568859
97051,0.77443510294
97053,0.98598664999
97054,0.6381316185
97055,0.948504924774
97058,0.795760512352
97059,0.800604522228
97061,0.825377047062
97065,0.519398927689
97066,0.793015480042
97067,0.685752213001
97069,0.964902997017
97070,0.917123138905
97071,0.854272723198
97072,0.791966497898
97073,0.828334152699
97078,0.983744204044
97080,0.746468305588
97081,0.868440687656
97084,0.740931391716
97088,0.972479701042
97089,0.740262985229
97090,0.833670675755
97091,0.725344002247
97095,0.600522816181
97097,0.699980914593
97101,0.825875222683
97102,0.961377382278
97103,0.939573049545
97106,0.669014692307
97107,0.944361150265
97108,0.719800591469
97109,0.885549604893
97113,0.081642717123
97116,0.792645514011
97117,0.915793478489
97118,0.67534661293
97119,0.884422421455
97120,0.839858412743
97121,0.577794373035
97122,0.798290848732
97124,0.806051373482
97126,0.683945059776
97127,0.149693995714
97128,0.650471508503
97131,0.680699050426
97133,0.952978312969
97135,0.904152154922
97141,0.320983886719
97142,0.144874796271
97145,0.881318867207
97147,0.963945031166
97148,0.925749123096
97150,0.324117720127
97156,0.910826385021
97158,0.775929808617
97159,0.548070251942
97160,0.971715688705
97161,0.98533141613
97162,0.90976023674
97163,0.571850061417
97164,0.953501403332
97169,0.930880784988
97170,0.902428805828
97171,0.865669250488
97177,0.995320141315
97178,0.836760878563
97179,0.65857475996
97180,0.85989177227
97181,0.944180965424
97183,0.966879069805
97185,0.958949327469
97186,0.976344347
97189,0.531459569931
97191,0.72828066349
97193,0.594216048717
97194,0.965713858604
97197,0.926540255547
97198,0.873016953468
97199,0.952228426933
97201,0.842786669731
97203,0.94439047575
97204,0.717130899429
97205,0.991967141628
97209,0.943938195705
97211,0.96670204401
97212,0.615563809872
97214,0.97682261467
97215,0.951383829117
97218,0.670223712921
97220,0.410147935152
97222,0.469861358404
97225,0.819011390209
97227,0.96757787466
97230,0.84434735775
97232,0.469688117504
97233,0.722839951515
97236,0.933463931084
97237,0.876430928707
97239,0.077122785151
97242,0.886716187
97244,0.882917523384
97246,0.380085587502
97247,0.712699949741
97248,0.964823424816
97249,0.963808774948
97250,0.84307205677
97252,0.97382068634
97253,0.773677229881
97254,0.844450712204
97255,0.932473897934
97256,0.839773118496
97259,0.984610557556
97261,0.931218206882
97264,0.923299789429
97268,0.222245961428
97271,0.877963066101
97272,0.768566966057
97273,0.953089296818
97275,0.986208081245
97276,0.950202465057
97278,0.93973326683
97281,0.839022040367
97282,0.986788153648
97287,0.949217617512
97290,0.853260099888
97292,0.75614875555
97295,0.969736993313
97296,0.87471061945
97297,0.930674433708
97299,0.599059998989
97301,0.912627995014
97303,0.557378470898
97308,0.682602107525
97309,0.747529447079
97313,0.802593529224
97314,0.944280445576
97316,0.766567528248
97321,0.787901878357
97323,0.955604076385
97326,0.768903076649
97327,0.514621496201
97329,0.994199037552
97330,0.856977045536
97332,0.969863116741
97333,0.988828480244
97336,0.649849593639
97339,0.963073134422
97341,0.935248851776
97342,0.89376860857
97344,0.986126124859
97345,0.955219984055
97346,0.759900450706
97347,0.556019127369
97348,0.981283485889
97352,0.802269279957
97354,0.962867319584
97355,0.684022605419
97357,0.85738748312
97360,0.717988908291
97361,0.846321463585
97364,0.519496798515
97369,0.868638038635
97370,0.908218324184
97374,0.660034358501
97377,0.922288715839
97378,0.603793382645
97380,0.854897677898
97381,0.787886500359
97382,0.975825726986
97383,0.677529454231
97390,0.853006899357
97393,0.782472789288
97394,0.747278273106
97398,0.566179215908
97399,0.882689893246
97401,0.779684960842
97403,0.803920269012
97405,0.791103243828
97406,0.98045539856
97408,0.719232857227
97410,0.874710083008
97411,0.921621799469
97412,0.895029246807
97414,0.92819750309
97418,0.89391708374
97420,0.856025159359
97423,0.47272002697
97428,0.736147224903
97430,0.808950185776
97433,0.943990051746
97435,0.978807210922
97437,0.951720774174
97438,0.684945583344
97439,0.739167869091
97440,0.849966347218
97441,0.932344794273
97443,0.607651114464
97444,0.645032346249
97446,0.609521329403
97447,0.957565367222
97448,0.989195942879
97449,0.45276337862
97453,0.799603760242
97455,0.870705008507
97456,0.769838869572
97461,0.874049246311
97463,0.933842897415
97466,0.983220338821
97467,0.926371097565
97469,0.741243600845
97471,0.957961916924
97472,0.319941967726
97478,0.841730833054
97479,0.96562731266
97482,0.0534260906279
97483,0.70344555378
97487,0.85631364584
97493,0.986324846745
97495,0.597723305225
97496,0.907947063446
97497,0.841692447662
97498,0.770691454411
97500,0.927375257015
97501,0.746088802814
97502,0.858136355877
97503,0.629037618637
97505,0.915999889374
97506,0.809379816055
97507,0.783919930458
97508,0.498404592276
97509,0.89382058382
97511,0.78089684248
97512,0.941490113735
97515,0.208194792271
97516,0.911958873272
97517,0.632444858551
97520,0.817818105221
97524,0.745413541794
97526,0.952292561531
97528,0.953362822533
97529,0.798521637917
97530,0.613404273987
97531,0.871514439583
97533,0.721689522266
97536,0.807981073856
97537,0.942309737206
97541,0.832635581493
97544,0.776245713234
97545,0.50554561615
97547,0.880112171173
97551,0.910025060177
97553,0.798002064228
97556,0.747022390366
97561,0.951694786549
97562,0.954895079136
97564,0.942078828812
97568,0.288890719414
97572,0.798367798328
97576,0.912163734436
97578,0.683128774166
97579,0.973585546017
97580,0.701965689659
97581,0.682332277298
97582,0.678111732006
97584,0.852392375469
97585,0.588228166103
97587,0.983489394188
97590,0.660932779312
97591,0.368124812841
97592,0.840608537197
97593,0.904237508774
97594,0.811437010765
97596,0.81600689888
97599,0.858611285686
97600,0.0916348025203
97602,0.673680007458
97603,0.619374811649
97609,0.839642822742
97610,0.636203110218
97611,0.891620874405
97615,0.812795817852
97618,0.819191217422
97620,0.847732245922
97621,0.978286266327
97622,0.834902763367
97623,0.98512160778
97625,0.861628651619
97627,0.837058186531
97629,0.393275976181
97630,0.833343803883
97632,0.777648091316
97633,0.37284386158
97637,0.946944773197
97638,0.478159040213
97639,0.963820934296
97641,0.718483507633
97644,0.976341247559
97645,0.992175281048
97648,0.969295620918
97649,0.720087110996
97653,0.862443983555
97655,0.984203100204
97657,0.987176835537
97658,0.811109662056
97662,0.858787357807
97663,0.970596134663
97667,0.784463703632
97668,0.824573278427
97669,0.981091141701
97671,0.718700826168
97672,0.478997647762
97675,0.612352490425
97676,0.965027093887
97679,0.596416354179
97684,0.577349841595
97687,0.647537231445
97688,0.675828516483
97689,0.910459041595
97692,0.963169038296
97694,0.924210011959
97695,0.982148766518
97701,0.904767692089
97702,0.621798694134
97704,0.898399651051
97705,0.903717160225
97706,0.959449589252
97708,0.78165781498
97709,0.979648053646
97710,0.567436337471
97714,0.897967338562
97719,0.681644558907
97720,0.928364932537
97728,0.825851678848
97729,0.614220321178
97731,0.679090499878
97733,0.9581412673
97735,0.976322889328
97739,0.7573325634
97740,0.803712368011
97741,0.79792714119
97743,0.976025938988
97748,0.917125344276
97749,0.944122552872
97750,0.776030302048
97751,0.0858876109123
97753,0.472290575504
97754,0.797911405563
97755,0.779941082001
97756,0.70123809576
97759,0.882704675198
97762,0.913701176643
97763,0.778990268707
97766,0.96560138464
97769,0.56578874588
97770,0.959231197834
97774,0.497777372599
97777,0.668402254581
97778,0.824349343777
97779,0.717207431793
97780,0.75897449255
97782,0.942427456379
97788,0.949686348438
97790,0.669430911541
97791,0.67813795805
97794,0.624217510223
97798,0.702870190144
97801,0.651474893093
97804,0.664802014828
97807,0.452492535114
97814,0.668926298618
97815,0.793793797493
97817,0.827694773674
97819,0.960647344589
97820,0.826931595802
97822,0.513233661652
97825,0.774299263954
97827,0.849247515202
97829,0.749937236309
97833,0.323748290539
97834,0.952110767365
97835,0.919900536537
97837,0.8691598773
97838,0.965038299561
97839,0.624549984932
97840,0.938290715218
97842,0.716382563114
97843,0.65294778347
97846,0.825655817986
97847,0.441058963537
97848,0.939360558987
97851,0.541385412216
97854,0.668227314949
97859,0.969271063805
97861,0.975486934185
97862,0.716968417168
97863,0.945774972439
97867,0.731491684914
97868,0.733453929424
97870,0.909430027008
97871,0.929690778255
97872,0.709716975689
97873,0.989452362061
97874,0.854736685753
97877,0.957791805267
97879,0.562686443329
97880,0.40004876256
97883,0.916562974453
97885,0.910807073116
97886,0.752933561802
97888,0.823515236378
97893,0.539094388485
97899,0.854016184807
97900,0.891920626163
97901,0.830959439278
97904,0.962143540382
97905,0.958312988281
97907,0.941429853439
97909,0.529981970787
97910,0.818937838078
97911,0.980134785175
97912,0.46807000041
97913,0.882246792316
97914,0.54597645998
97918,0.809426009655
97921,0.738285005093
97926,0.895285904408
97927,0.973366320133
97930,0.936829686165
97932,0.914450764656
97935,0.993070185184
97936,0.799052238464
97938,0.569379508495
97939,0.720853447914
97940,0.863338887691
97942,0.0388826951385
97944,0.924302995205
97946,0.562888026237
97948,0.96781027317
97949,0.943709135056
97950,0.926819264889
97953,0.972274661064
97954,0.839678585529
97955,0.95872849226
97956,0.769848167896
97957,0.716001868248
97958,0.912144720554
97959,0.728829205036
97960,0.940263092518
97962,0.954383671284
97966,0.689536213875
97967,0.87624078989
97968,0.920495092869
97969,0.642799794674
97973,0.656524300575
97978,0.855853438377
97979,0.890681922436
97980,0.950333058834
97981,0.369830042124
97982,0.795691609383
97984,0.809243381023
97985,0.928728699684
97988,0.194419875741
97990,0.541352927685
97991,0.675083637238
97992,0.857343137264
97993,0.89517301321
97994,0.983349561691
97997,0.663259804249
97998,0.81887447834
98002,0.706797063351
98003,0.88867598772
98006,0.795655786991
98007,0.770475387573
98011,0.393262267113
98016,0.739686667919
98017,0.8970464468
98020,0.769899189472
98021,0.800366997719
98022,0.95464271307
98023,0.772886395454
98024,0.748603463173
98025,0.839360058308
98027,0.9301841259
98029,0.595795154572
98030,0.894086062908
98031,0.436676740646
98034,0.431149125099
98035,0.774683058262
98037,0.573017477989
98038,0.773945689201
98042,0.944748520851
98044,0.954552769661
98049,0.80316644907
98050,0.899583101273
98051,0.361640453339
98052,0.839237391949
98053,0.773834824562
98055,0.852632761002
98059,0.958633720875
98060,0.813907325268
98061,0.157484322786
98064,0.966785132885
98067,0.889882266521
98068,0.640585720539
98071,0.881077528
98072,0.59412163496
98073,0.841001749039
98074,0.967822790146
98075,0.970943391323
98076,0.766726970673
98077,0.791376411915
98078,0.543485164642
98082,0.562228441238
98085,0.339457213879
98090,0.944001317024
98091,0.98397821188
98093,0.773783147335
98096,0.942622601986
98100,0.922513067722
98102,0.976344585419
98103,0.698835432529
98104,0.93125218153
98108,0.726284146309
98109,0.585537731647
98111,0.920648157597
98112,0.421204477549
98116,0.944812655449
98119,0.951556503773
98121,0.609040021896
98122,0.536900758743
98124,0.454245895147
98125,0.576550722122
98127,0.809700012207
98128,0.739879250526
98130,0.537516653538
98132,0.897071421146
98133,0.409716755152
98134,0.601832211018
98135,0.955601274967
98136,0.743551850319
98137,0.877829790115
98140,0.6685552001
98143,0.797132730484
98144,0.772339880466
98145,0.720328390598
98148,0.884356617928
98150,0.989750444889
98151,0.811696708202
98152,0.777808427811
98154,0.670128107071
98156,0.877709627151
98159,0.641454637051
98162,0.966685771942
98163,0.703051030636
98165,0.956294834614
98168,0.287602812052
98169,0.717117190361
98171,0.388790547848
98172,0.838120639324
98175,0.771477103233
98179,0.95868241787
98180,0.93555778265
98181,0.791170239449
98187,0.893607974052
98192,0.808787345886
98193,0.616504609585
98194,0.915829002857
98195,0.906403422356
98198,0.934627175331
98200,0.509101390839
98202,0.928730726242
98203,0.773153305054
98205,0.744992673397
98206,0.787838637829
98210,0.782709360123
98211,0.839026868343
98217,0.923863232136
98222,0.81967651844
98225,0.508007228374
98226,0.372913599014
98228,0.902016103268
98230,0.919537842274
98233,0.968902528286
98234,0.914656579494
98236,0.898397028446
98237,0.734365344048
98239,0.602800309658
98241,0.982092618942
98242,0.53504216671
98243,0.970431983471
98244,0.83925485611
98245,0.636332333088
98246,0.776573956013
98248,0.809792637825
98252,0.631685435772
98255,0.556898295879
98257,0.978326201439
98258,0.8049300313
98262,0.904073834419
98263,0.961357116699
98265,0.834317862988
98266,0.76213157177
98271,0.897157490253
98272,0.393565654755
98273,0.518332481384
98274,0.960248589516
98275,0.974325120449
98276,0.904763877392
98277,0.913795590401
98278,0.548274159431
98280,0.880587041378
98282,0.807817339897
98284,0.308334350586
98286,0.986578166485
98287,0.943823516369
98289,0.916036009789
98292,0.875247657299
98293,0.915362596512
98294,0.716049849987
98295,0.755395531654
98296,0.899923205376
98299,0.89345574379
98300,0.891788065434
98301,0.850809037685
98303,0.614045023918
98304,0.953316032887
98305,0.969388365746
98306,0.98262399435
98307,0.932739019394
98308,0.837872624397
98309,0.815130770206
98310,0.502285897732
98312,0.979868471622
98314,0.866174459457
98315,0.638068675995
98317,0.0293187387288
98318,0.988379478455
98321,0.480247378349
98324,0.838044404984
98325,0.9508061409
98328,0.914802610874
98329,0.491822034121
98331,0.561554074287
98332,0.735855698586
98334,0.365704208612
98335,0.471492826939
98336,0.940691947937
98338,0.871883034706
98340,0.808897137642
98344,0.812292814255
98346,0.955703914165
98348,0.942856431007
98350,0.234935924411
98351,0.93917042017
98352,0.88060849905
98353,0.684217333794
98356,0.288416475058
98357,0.104823902249
98358,0.773052155972
98359,0.924437344074
98361,0.964608430862
98363,0.496116042137
98364,0.902265548706
98365,0.885229110718
98366,0.911240458488
98367,0.835255920887
98369,0.361711084843
98371,0.618327379227
98372,0.81101256609
98374,0.795042037964
98376,0.969586253166
98377,0.985774517059
98381,0.754007875919
98382,0.773265063763
98384,0.907219231129
98385,0.980258703232
98386,0.797035336494
98387,0.933234214783
98388,0.591158688068
98390,0.824351549149
98391,0.0357677191496
98392,0.943821251392
98395,0.81046974659
98398,0.873673558235
98401,0.412612974644
98402,0.832749009132
98405,0.799811422825
98408,0.974349319935
98410,0.777975738049
98411,0.822003960609
98414,0.657950222492
98416,0.727063298225
98418,0.759924352169
98419,0.972657203674
98421,0.818509161472
98425,0.839312016964
98426,0.248256653547
98427,0.700367331505
98432,0.920061290264
98433,0.91563898325
98436,0.832806408405
98437,0.744465470314
98438,0.787662446499
98441,0.805086612701
98444,0.866005480289
98446,0.754793763161
98448,0.60178989172
98452,0.836570680141
98455,0.897973895073
98456,0.637056469917
98457,0.963618099689
98458,0.255129754543
98459,0.927423715591
98461,0.635320961475
98462,0.874871850014
98465,0.978264212608
98467,0.909563541412
98471,0.809601962566
98474,0.601986706257
98475,0.728467404842
98476,0.837634086609
98481,0.728384196758
98483,0.594057261944
98486,0.728317558765
98488,0.768256485462
98489,0.634631574154
98493,0.828848063946
98495,0.830390751362
98498,0.951645433903
98500,0.982035577297
98501,0.901985526085
98503,0.926671028137
98504,0.881058454514
98507,0.854841291904
98512,0.923493921757
98515,0.557124137878
98516,0.690339803696
98523,0.588145136833
98524,0.885072588921
98525,0.741380631924
98527,0.642079055309
98528,0.941166341305
98529,0.50887799263
98530,0.761477530003
98533,0.993213415146
98536,0.859410583973
98537,0.783785462379
98540,0.864568412304
98544,0.760893046856
98546,0.505737185478
98547,0.910483539104
98548,0.931696414948
98549,0.972689568996
98550,0.804360330105
98553,0.951515495777
98554,0.545912504196
98555,0.562840759754
98558,0.555140793324
98559,0.84006690979
98560,0.867083847523
98562,0.750206649303
98566,0.829362332821
98567,0.665951371193
98568,0.906632781029
98569,0.696205496788
98571,0.785622298717
98575,0.838125288486
98581,0.850524961948
98583,0.836817145348
98586,0.7627171278
98590,0.824500858784
98591,0.863622844219
98595,0.675403833389
98599,0.642029583454
98600,0.950298726559
98601,0.670613527298
98602,0.492297738791
98603,0.659123539925
98604,0.586484849453
98605,0.951799929142
98606,0.9391477108
98608,0.983970344067
98610,0.799242079258
98613,0.961302697659
98614,0.887979865074
98615,0.892682909966
98616,0.618459999561
98618,0.932349443436
98622,0.74709457159
98623,0.688232004642
98624,0.925379216671
98626,0.841028273106
98628,0.669824242592
98629,0.585872769356
98632,0.964756965637
98634,0.0598750449717
98635,0.808876097202
98636,0.699867188931
98639,0.711003661156
98640,0.437292128801
98642,0.986477613449
98645,0.665645241737
98646,0.749208271503
98648,0.882423222065
98650,0.739367306232
98651,0.967883765697
98652,0.969267606735
98653,0.831613063812
98654,0.322043180466
98656,0.486083030701
98657,0.574468135834
98659,0.917090952396
98663,0.985538005829
98664,0.821726500988
98665,0.926037490368
98667,0.839113175869
98668,0.0963903963566
98669,0.835297226906
98673,0.935241878033
98675,0.9636246562
98676,0.847534835339
98677,0.631185412407
98678,0.697567939758
98679,0.956172227859
98680,0.475601196289
98681,0.923922777176
98683,0.741469860077
98686,0.880558848381
98687,0.760285437107
98688,0.791196465492
98690,0.835870981216
98691,0.713794827461
98693,0.987702071667
98696,0.979832530022
98697,0.883324444294
98698,0.924943327904
98702,0.956335186958
98706,0.606119155884
98708,0.786437630653
98713,0.649013459682
98714,0.547757983208
98715,0.967046797276
98716,0.607526183128
98718,0.272995471954
98720,0.624019384384
98722,0.274936407804
98723,0.711502552032
98726,0.828378796577
98727,0.731320142746
98737,0.929192006588
98739,0.879887700081
98740,0.79634052515
98742,0.796689093113
98744,0.809406638145
98746,0.834542572498
98748,0.516381621361
98751,0.371937602758
98752,0.860563158989
98757,0.936736166477
98759,0.616029798985
98760,0.961147069931
98762,0.966832280159
98763,0.874455690384
98764,0.708370566368
98767,0.936790466309
98770,0.830096244812
98771,0.90918970108
98772,0.29820010066
98774,0.435395389795
98775,0.845411121845
98776,0.863575220108
98777,0.788974881172
98778,0.83641910553
98779,0.991629123688
98781,0.842049300671
98783,0.795153141022
98784,0.977753162384
98785,0.988305449486
98788,0.598846673965
98791,0.933173239231
98793,0.3683552742
98796,0.550578534603
98801,0.939393162727
98802,0.648348510265
98803,0.902776956558
98806,0.894052624702
98807,0.0908263102174
98809,0.90516358614
98811,0.57601416111
98812,0.856012701988
98813,0.567969322205
98814,0.590528726578
98816,0.901316702366
98818,0.591432750225
98822,0.166005179286
98824,0.576900959015
98825,0.437267452478
98829,0.98691701889
98832,0.148446202278
98833,0.152335852385
98836,0.780221700668
98841,0.899855256081
98842,0.874802231789
98843,0.766982078552
98845,0.241841688752
98848,0.69137185812
98851,0.744344472885
98853,0.41685333848
98854,0.821097254753
98858,0.724695503712
98859,0.637628436089
98862,0.780163109303
98864,0.702645719051
98865,0.874920547009
98869,0.851449668407
98870,0.950187444687
98873,0.790470421314
98874,0.923171579838
98875,0.945101857185
98876,0.912393987179
98877,0.715832173824
98879,0.975143790245
98881,0.638074338436
98882,0.197639226913
98884,0.774152636528
98885,0.970805823803
98888,0.881047487259
98889,0.7657802701
98892,0.76565515995
98895,0.949843645096
98897,0.783041954041
98898,0.973791599274
98905,0.784451544285
98906,0.849538981915
98907,0.979039013386
98908,0.78585588932
98909,0.932410240173
98911,0.962891340256
98912,0.37296846509
98914,0.712683320045
98920,0.588303923607
98922,0.918356895447
98924,0.936376214027
98926,0.776939213276
98927,0.746756136417
98928,0.689732372761
98931,0.994982302189
98933,0.700405716896
98934,0.989371061325
98935,0.950751304626
98937,0.818137288094
98942,0.494632720947
98945,0.835370957851
98947,0.113413088024
98949,0.978512108326
98950,0.828184008598
98951,0.890048742294
98952,0.485719680786
98953,0.76043266058
98954,0.949108600616
98955,0.859744846821
98956,0.0942652598023
98957,0.625778019428
98959,0.700743854046
98960,0.966541051865
98963,0.630306661129
98964,0.718811631203
98965,0.918009877205
98966,0.965526580811
98967,0.727208673954
98968,0.653449237347
98970,0.986190915108
98972,0.966038405895
98977,0.982308626175
98982,0.658479571342
98983,0.784490823746
98984,0.920421361923
98988,0.878212988377
98992,0.721008300781
98993,0.831267356873
98994,0.593248069286
98996,0.715052723885
98998,0.932888925076
98999,0.923216044903
99002,0.953950762749
99003,0.932793080807
99004,0.922614872456
99006,0.486540496349
99007,0.710353910923
99009,0.712605059147
99011,0.719833731651
99012,0.617535948753
99014,0.659169077873
99017,0.926949441433
99018,0.746052205563
99022,0.943716585636
99024,0.931923508644
99025,0.458866089582
99027,0.739840269089
99029,0.414866626263
99030,0.39196112752
99034,0.187332093716
99035,0.97971779108
99036,0.549157321453
99037,0.558780252934
99038,0.840295433998
99043,0.815738379955
99046,0.747944355011
99047,0.881408691406
99049,0.796367883682
99050,0.950330615044
99052,0.97679066658
99056,0.986135840416
99057,0.899577200413
99059,0.945243418217
99061,0.735953211784
99065,0.777701377869
99067,0.940085113049
99068,0.389121949673
99072,0.933149516582
99074,0.639137506485
99081,0.786746382713
99084,0.98579710722
99088,0.922221422195
99089,0.83544832468
99091,0.850469708443
99094,0.96561807394
99095,0.797381401062
99096,0.696957945824
99097,0.222407832742
99102,0.132482469082
99108,0.974403202534
99111,0.728552997112
99112,0.746199429035
99114,0.711275279522
99116,0.979804635048
99120,0.834586620331
99123,0.908304989338
99124,0.627856731415
99129,0.824469864368
99130,0.826288342476
99136,0.834249258041
99138,0.936133801937
99140,0.928333818913
99141,0.632003903389
99142,0.860138058662
99151,0.851544737816
99152,0.914645195007
99154,0.664316177368
99155,0.622639358044
99159,0.917829394341
99160,0.862130820751
99161,0.845509231091
99163,0.834682703018
99166,0.377507299185
99168,0.732984662056
99178,0.846449494362
99182,0.959664165974
99184,0.655974447727
99186,0.667576730251
99187,0.962617814541
99189,0.668022930622
99190,0.716387569904
99191,0.656564295292
99194,0.953864514828
99196,0.853690862656
99198,0.459189504385
99199,0.731590330601
99201,0.884053170681
99202,0.824414253235
99203,0.665645480156
99205,0.980770766735
99206,0.775296866894
99210,0.439223110676
99212,0.966778755188
99213,0.881248056889
99215,0.947931706905
99216,0.960644066334
99218,0.814324498177
99219,0.709942340851
99220,0.284033030272
99226,0.901203274727
99229,0.938630342484
99232,0.661187291145
99235,0.593737781048
99237,0.963697731495
99240,0.977562308311
99244,0.673203587532
99245,0.682321369648
99246,0.733754456043
99247,0.67618316412
99248,0.861307144165
99250,0.928531885147
99251,0.719069063663
99253,0.379930406809
99257,0.824947416782
99263,0.930149972439
99268,0.762851595879
99269,0.971291422844
99272,0.993063867092
99274,0.912413239479
99276,0.533013880253
99278,0.733255207539
99280,0.811438560486
99281,0.903157889843
99282,0.989675819874
99285,0.918754279613
99288,0.12883259356
99290,0.634408652782
99293,0.944612562656
99296,0.722139298916
99299,0.928682506084
99300,0.698422431946
99301,0.676343739033
99302,0.736273050308
99305,0.967987179756
99307,0.962374985218
99308,0.862306594849
99310,0.863329291344
99313,0.69995957613
99316,0.218014255166
99318,0.648536682129
99319,0.717114567757
99320,0.600833058357
99322,0.989914178848
99323,0.967129766941
99324,0.980102241039
99326,0.922770917416
99327,0.913284361362
99328,0.756023466587
99330,0.679291605949
99331,0.7913646698
99332,0.720418274403
99335,0.936477124691
99337,0.962673187256
99338,0.660391330719
99339,0.635621726513
99340,0.797058045864
99341,0.683823525906
99342,0.489100635052
99344,0.762908220291
99346,0.711951375008
99347,0.829572916031
99348,0.661437630653
99349,0.823582053185
99351,0.359697878361
99352,0.950221300125
99354,0.644431233406
99355,0.872914791107
99356,0.960213422775
99360,0.646380186081
99363,0.955471098423
99368,0.787440180779
99369,0.933681666851
99372,0.937852144241
99373,0.908811151981
99374,0.839579880238
99376,0.782909750938
99377,0.531778693199
99378,0.755295395851
99379,0.899417281151
99380,0.73396974802
99381,0.83269494772
99385,0.97988909483
99387,0.981185495853
99389,0.524030447006
99390,0.865463852882
99394,0.679004728794
99398,0.886325180531
99400,0.603549957275
99401,0.941107213497
99403,0.635752797127
99404,0.812700688839
99407,0.85971224308
99409,0.723436832428
99410,0.320726692677
99412,0.719769120216
99413,0.928422689438
99416,0.825788497925
99421,0.849357008934
99423,0.702134072781
99424,0.824279487133
99425,0.575477063656
99426,0.933839797974
99430,0.172769218683
99432,0.376328587532
99433,0.682310342789
99435,0.946397185326
99436,0.656869411469
99439,0.989360570908
99440,0.780692517757
99441,0.68553340435
99444,0.236342191696
99446,0.902256309986
99448,0.87500679493
99450,0.813855946064
99451,0.821352362633
99455,0.952078580856
99456,0.821429550648
99459,0.97948795557
99460,0.940534770489
99464,0.156172290444
99466,0.56140601635
99471,0.960431337357
99472,0.940533280373
99475,0.958729803562
99476,0.784117877483
99477,0.369407713413
99481,0.782001376152
99482,0.816862463951
99488,0.840356886387
99492,0.976359546185
99494,0.96411383152
99500,0.95412427187
99501,0.960770130157
99504,0.793985903263
99505,0.101005218923
99508,0.937866508961
99509,0.976103127003
99511,0.393176913261
99514,0.707300007343
99515,0.862708747387
99516,0.85455930233
99519,0.937675774097
99521,0.991667449474
99522,0.946221530437
99523,0.709370970726
99525,0.879648864269
99526,0.752647995949
99527,0.978580594063
99528,0.829544901848
99529,0.967099249363
99531,0.929122745991
99533,0.725349664688
99534,0.749598324299
99535,0.845571756363
99537,0.944368243217
99538,0.827969908714
99539,0.509445905685
99541,0.88483774662
99543,0.87751352787
99547,0.568701207638
99549,0.516742825508
99556,0.725342035294
99557,0.889433443546
99558,0.816852211952
99559,0.516808867455
99560,0.417806982994
99561,0.718338489532
99562,0.823662400246
99563,0.806483566761
99564,0.775723457336
99565,0.979018092155
99567,0.946208119392
99568,0.925200521946
99569,0.882728219032
99570,0.950136840343
99572,0.752370715141
99573,0.992970883846
99574,0.802492320538
99575,0.362454950809
99577,0.972123265266
99578,0.79135966301
99579,0.437462151051
99580,0.78525686264
99582,0.856012284756
99584,0.645125508308
99585,0.85614824295
99586,0.675634622574
99587,0.695599198341
99590,0.730750739574
99591,0.621268868446
99594,0.705193281174
99595,0.77532595396
99599,0.830550730228
99601,0.919468283653
99604,0.783225178719
99606,0.875017940998
99608,0.970692932606
99610,0.803127586842
99614,0.888687670231
99615,0.942460477352
99618,0.948463857174
99621,0.588837981224
99622,0.742427945137
99626,0.836428940296
99629,0.814535439014
99630,0.940224409103
99633,0.371546983719
99635,0.777952134609
99636,0.627863049507
99637,0.794081032276
99639,0.838408052921
99640,0.62168431282
99642,0.646755456924
99643,0.853037774563
99644,0.790274143219
99648,0.715585768223
99650,0.819409191608
99652,0.990903913975
99653,0.336133807898
99658,0.946295440197
99659,0.771864950657
99661,0.893679618835
99666,0.961917042732
99669,0.846799135208
99672,0.630913972855
99673,0.879164338112
99674,0.861981272697
99675,0.871777892113
99676,0.7526871562
99678,0.609201729298
99679,0.704923570156
99681,0.898393452168
99682,0.845717132092
99683,0.828288674355
99685,0.936327338219
99686,0.756719827652
99688,0.862657725811
99689,0.651775419712
99690,0.798101723194
99691,0.923885822296
99693,0.96079492569
99694,0.834948897362
99696,0.921672105789
99699,0.902584016323
99703,0.929428517818
99704,0.989273488522
99705,0.887443900108
99709,0.986282765865
99716,0.714822649956
99717,0.815367460251
99720,0.5241060853
99722,0.806784808636
99724,0.860631048679
99725,0.800861895084
99726,0.768635571003
99727,0.775638639927
99729,0.382220745087
99732,0.504862070084
99733,0.920079350471
99734,0.857990026474
99738,0.885864853859
99740,0.851092278957
99742,0.51304680109
99743,0.867830991745
99744,0.981988132
99745,0.705384254456
99746,0.942441225052
99750,0.806109547615
99751,0.790417075157
99754,0.787425756454
99755,0.880251526833
99756,0.948307335377
99758,0.601961731911
99759,0.316100180149
99760,0.779003083706
99762,0.986278116703
99767,0.824867069721
99769,0.888800442219
99770,0.628129601479
99771,0.434797525406
99774,0.895676732063
99776,0.574680030346
99782,0.565875589848
99786,0.617440998554
99788,0.980975031853
99789,0.848025143147
99793,0.672012388706
99794,0.883745968342
99798,0.851516008377
99804,0.709816157818
99805,0.168058231473
99807,0.342380315065
99808,0.900844871998
99809,0.787554442883
99810,0.46196642518
99811,0.940049171448
99812,0.984253227711
99814,0.208344876766
99815,0.884481489658
99816,0.79902112484
99817,0.954437434673
99822,0.81291437149
99825,0.860877811909
99826,0.930479228497
99827,0.974067151546
99828,0.730379521847
99829,0.684750020504
99830,0.989938020706
99833,0.970990121365
99835,0.88368076086
99836,0.809114992619
99837,0.392006844282
99838,0.859671354294
99841,0.933809518814
99842,0.937945961952
99843,0.898528695107
99845,0.763475596905
99846,0.695454955101
99847,0.77724301815
99850,0.694311857224
99851,0.506610155106
99852,0.934182941914
99853,0.851876974106
99854,0.569571435452
99860,0.720419883728
99862,0.808745801449
99864,0.784075438976
99865,0.735376656055
99866,0.675206303596
99867,0.908829689026
99868,0.878295481205
99869,0.857867777348
99870,0.869869291782
99871,0.852735638618
99872,0.886838793755
99874,0.111391991377
99875,0.867792844772
99877,0.695714652538
99878,0.709146440029
99879,0.978911757469
99880,0.861569702625
99886,0.84975707531
99887,0.912279486656
99888,0.567644715309
99893,0.669942140579
99895,0.740059316158
99897,0.835285186768
99898,0.760389268398
99901,0.55828332901
99902,0.730775773525
99903,0.648758888245
99904,0.86700284481
99910,0.672460377216
99916,0.761073827744
99917,0.759924471378
99921,0.976479351521
99924,0.633609771729
99925,0.874100983143
99927,0.736850142479
99929,0.652676284313
99931,0.329261660576
99932,0.229030191898
99933,0.63333272934
99938,0.832389056683
99940,0.395646870136
99941,0.306784957647
99943,0.656951606274
99946,0.825617134571
99947,0.844769597054
99948,0.632679104805
99952,0.298045575619
99954,0.671548843384
99957,0.750281572342
99958,0.755945265293
99959,0.831967949867
99960,0.847696363926
99963,0.563362181187
99969,0.453822076321
99970,0.736178338528
99971,0.706032454967
99972,0.864128053188
99973,0.663015663624
99974,0.98295134306
99975,0.0416215918958
99976,0.467008054256
99978,0.6296864748
99979,0.98307299614
99983,0.601696968079
99984,0.145261794329
99985,0.937866687775
99986,0.887396335602
99988,0.948927462101
99989,0.774467229843
99990,0.913922548294
99992,0.948662281036
99996,0.978452980518
100002,0.565329670906
100003,0.83852994442
100005,0.678351223469
100009,0.857496500015
100010,0.944651126862
100012,0.970433533192
100013,0.727762103081
100014,0.769766032696
100015,0.47886967659
100017,0.966141104698
100020,0.949052870274
100021,0.88869035244
100024,0.910766661167
100025,0.777032136917
100026,0.970866382122
100028,0.959004044533
100030,0.915952861309
100031,0.950230062008
100033,0.420569270849
100037,0.941516816616
100040,0.810450136662
100043,0.872785449028
100044,0.836476922035
100046,0.568325161934
100049,0.878179550171
100050,0.951661527157
100051,0.893920898438
100052,0.96815097332
100053,0.785945892334
100054,0.886672496796
100055,0.638735592365
100058,0.87177503109
100062,0.10257396847
100065,0.835567235947
100066,0.397228807211
100067,0.636159241199
100070,0.608176589012
100075,0.979772567749
100077,0.902853906155
100081,0.937902331352
100082,0.858112812042
100083,0.988936901093
100085,0.797021627426
100087,0.971450507641
100089,0.906086623669
100093,0.88029563427
100096,0.883634030819
100097,0.981814086437
100098,0.94916421175
100099,0.975773870945
100100,0.736199498177
100101,0.901717722416
100102,0.910526692867
100105,0.885497748852
100106,0.708897531033
100107,0.486522883177
100108,0.676874399185
100109,0.342457234859
100112,0.668021857738
100113,0.854135394096
100117,0.617108821869
100118,0.625668764114
100119,0.772858977318
100125,0.771788716316
100127,0.774487137794
100130,0.644792675972
100131,0.859959840775
100133,0.505354642868
100135,0.889215826988
100139,0.431017696857
100140,0.232958421111
100144,0.712065517902
100145,0.719272613525
100146,0.922992706299
100148,0.697723686695
100149,0.861088752747
100150,0.669242322445
100151,0.927686214447
100153,0.913891375065
100154,0.55703318119
100155,0.921869635582
100158,0.891264379025
100163,0.570015907288
100167,0.074923530221
100172,0.621038138866
100174,0.507759988308
100175,0.871701478958
100177,0.932404994965
100180,0.519451916218
100181,0.795208096504
100182,0.845678567886
100183,0.799948036671
100184,0.634051144123
100187,0.933443367481
100189,0.882367491722
100192,0.632312715054
100195,0.948719799519
100197,0.669592797756
100199,0.961286306381
100201,0.933390378952
100202,0.876349568367
100203,0.845926463604
100204,0.83635276556
100206,0.552854835987
100211,0.457242518663
100212,0.905025184155
100213,0.905558943748
100216,0.320170462132
100219,0.869924604893
100220,0.972308397293
100226,0.641955375671
100230,0.958532989025
100231,0.760049641132
100233,0.705722630024
100240,0.138346791267
100241,0.949645042419
100242,0.77486795187
100244,0.878873169422
100247,0.698336243629
100248,0.874743402004
100249,0.969850897789
100253,0.758272111416
100254,0.982679009438
100255,0.687575399876
100257,0.575716674328
100258,0.868565201759
100260,0.976668417454
100261,0.887482345104
100262,0.762298464775
100264,0.640696048737
100266,0.832981467247
100267,0.630276918411
100271,0.72599118948
100272,0.973836004734
100274,0.709891736507
100277,0.682924211025
100278,0.791294932365
100279,0.74082839489
100280,0.954384326935
100281,0.669946432114
100283,0.804947197437
100284,0.876021385193
100285,0.758925616741
100287,0.827085018158
100288,0.698672235012
100289,0.608966529369
100291,0.969636321068
100297,0.643131494522
100300,0.61411935091
100301,0.825766205788
100302,0.929376482964
100304,0.98385065794
100305,0.910162568092
100306,0.980559289455
100310,0.732531607151
100313,0.949909806252
100314,0.6601151824
100316,0.838862121105
100317,0.790021836758
100320,0.916292965412
100321,0.69067722559
100324,0.148816332221
100326,0.545373558998
100327,0.883251905441
100328,0.975188672543
100329,0.784434556961
100330,0.986844778061
100331,0.995243251324
100335,0.653688788414
100336,0.854023098946
100337,0.846584796906
100338,0.340025544167
100339,0.338000029325
100340,0.964281618595
100341,0.568194448948
100342,0.554455518723
100344,0.885668098927
100345,0.786889433861
100346,0.709292829037
100348,0.819910943508
100351,0.621243238449
100355,0.982596576214
100358,0.968473792076
100362,0.596207976341
100364,0.974056780338
100367,0.759653568268
100368,0.600472092628
100371,0.847449123859
100372,0.815504670143
100377,0.377502679825
100378,0.924952089787
100379,0.848200440407
100384,0.828701078892
100385,0.967383742332
100388,0.800000667572
100390,0.720541357994
100393,0.865318179131
100395,0.673666238785
100396,0.773944377899
100399,0.693301320076
100401,0.965247392654
100402,0.814531266689
100403,0.600594580173
100405,0.89877820015
100408,0.811225771904
100411,0.55716830492
100412,0.282179743052
100414,0.724848628044
100415,0.878995716572
100417,0.493691116571
100418,0.554705202579
100420,0.923459708691
100421,0.840572655201
100423,0.968355476856
100424,0.671926796436
100427,0.980346798897
100429,0.90494710207
100430,0.904110431671
100431,0.968945503235
100432,0.981854438782
100433,0.81728541851
100435,0.676084280014
100439,0.826283454895
100440,0.78278195858
100442,0.651531636715
100443,0.845301508904
100445,0.942014575005
100446,0.656413912773
100449,0.747069358826
100450,0.63373363018
100453,0.897865355015
100454,0.754186570644
100457,0.836753547192
100460,0.970798432827
100461,0.960490167141
100462,0.771289467812
100463,0.721892774105
100464,0.742624342442
100468,0.75485086441
100469,0.898225009441
100472,0.769379377365
100475,0.740976750851
100476,0.909579515457
100477,0.498857855797
100478,0.578726708889
100481,0.971662044525
100483,0.782074987888
100486,0.98985272646
100487,0.630401909351
100488,0.926605701447
100491,0.956282317638
100493,0.679035544395
100494,0.785003960133
100495,0.712854862213
100497,0.88567173481
100500,0.723126709461
100501,0.848794162273
100503,0.275234550238
100505,0.937060415745
100508,0.78103864193
100515,0.366626441479
100516,0.864724695683
100518,0.944699883461
100521,0.827094733715
100522,0.854774653912
100525,0.727142214775
100526,0.982527792454
100527,0.934706032276
100528,0.159751161933
100529,0.656328201294
100530,0.594780504704
100531,0.833290278912
100533,0.777806580067
100534,0.645495474339
100537,0.65828371048
100538,0.697382330894
100540,0.699028432369
100545,0.971691191196
100546,0.736242592335
100547,0.866378009319
100551,0.927068412304
100552,0.853835105896
100553,0.0822422653437
100554,0.836156487465
100555,0.681802868843
100556,0.731146216393
100562,0.528872668743
100567,0.951197266579
100568,0.90049469471
100569,0.285087227821
100570,0.575743198395
100571,0.674964487553
100572,0.395976424217
100573,0.807158589363
100574,0.663597106934
100575,0.491855412722
100580,0.988741457462
100582,0.849937498569
100584,0.804209649563
100585,0.974744915962
100590,0.935488939285
100596,0.631237864494
100601,0.159652963281
100602,0.763481914997
100603,0.988259553909
100606,0.890934407711
100608,0.98836773634
100611,0.910375237465
100612,0.902780771255
100614,0.166551277041
100617,0.501987874508
100619,0.624594390392
100621,0.956195652485
100622,0.58010238409
100623,0.639150321484
100630,0.922278702259
100631,0.821021556854
100632,0.767831206322
100633,0.971198558807
100635,0.848852992058
100641,0.951990365982
100642,0.719856262207
100650,0.727289676666
100651,0.718916833401
100652,0.711837649345
100653,0.943003058434
100654,0.822137594223
100661,0.873660743237
100662,0.850973725319
100663,0.985117316246
100664,0.973954975605
100665,0.950869977474
100667,0.804188549519
100670,0.818190217018
100671,0.96201133728
100673,0.982307195663
100675,0.60763001442
100677,0.685125529766
100678,0.69688898325
100680,0.954699456692
100682,0.951721787453
100686,0.959652900696
100687,0.743466734886
100689,0.489287674427
100690,0.593903243542
100691,0.987201929092
100693,0.833226382732
100695,0.790665030479
100696,0.71040302515
100698,0.436750799417
100701,0.978357791901
100704,0.875296294689
100705,0.940684437752
100708,0.987031042576
100709,0.534671664238
100710,0.878646910191
100711,0.774929225445
100715,0.992964029312
100716,0.46692726016
100717,0.812305092812
100718,0.713223099709
100720,0.707753360271
100721,0.910820126534
100724,0.841545641422
100725,0.974347293377
100727,0.971093654633
100728,0.915029525757
100730,0.894630372524
100731,0.7633010149
100733,0.813249945641
100734,0.240032836795
100735,0.637968182564
100737,0.707970499992
100738,0.942222297192
100741,0.987667858601
100743,0.560531795025
100744,0.828018009663
100745,0.736873745918
100746,0.803570628166
100747,0.980073273182
100749,0.654499828815
100751,0.903910815716
100752,0.742989778519
100757,0.949352443218
100758,0.964886009693
100770,0.983378827572
100773,0.660792052746
100774,0.965686321259
100779,0.977881968021
100782,0.604217529297
100785,0.285481065512
100787,0.7206838727
100788,0.484837174416
100790,0.874232769012
100791,0.295086860657
100792,0.0631930828094
100795,0.68748152256
100796,0.94534099102
100797,0.760013222694
100798,0.867193281651
100799,0.933637320995
100800,0.703623235226
100804,0.961417615414
100806,0.784431695938
100808,0.878689706326
100810,0.977269649506
100811,0.853029727936
100812,0.919740557671
100813,0.652048230171
100814,0.749126017094
100816,0.777038812637
100817,0.820513784885
100819,0.917016088963
100820,0.892448782921
100821,0.948974609375
100823,0.710760056973
100824,0.701949119568
100825,0.978088021278
100828,0.85923576355
100830,0.722402632236
100831,0.958414793015
100832,0.753026127815
100833,0.800859093666
100834,0.937108755112
100835,0.735605597496
100837,0.968538403511
100839,0.740808606148
100840,0.465555280447
100848,0.589144527912
100849,0.569273650646
100851,0.739665567875
100852,0.962274432182
100853,0.735208570957
100855,0.834458529949
100856,0.933219134808
100862,0.891793251038
100864,0.360063225031
100865,0.959838807583
100868,0.502904653549
100869,0.836286723614
100870,0.705810785294
100871,0.618762791157
100873,0.872687399387
100875,0.717719256878
100876,0.871098339558
100877,0.950981080532
100878,0.0605980604887
100881,0.963969826698
100884,0.667562305927
100886,0.966614663601
100888,0.934567511082
100889,0.757213234901
100890,0.920791149139
100891,0.949951350689
100892,0.865745663643
100893,0.902076303959
100899,0.955648183823
100900,0.90481698513
100902,0.915387868881
100903,0.938990831375
100904,0.223886400461
100906,0.615681111813
100909,0.514161288738
100910,0.926871418953
100911,0.360974431038
100912,0.968622863293
100914,0.901131868362
100915,0.89878898859
100917,0.849361121655
100919,0.900202572346
100920,0.541511237621
100922,0.866510570049
100923,0.914399445057
100925,0.668827593327
100929,0.882748126984
100930,0.965548694134
100933,0.851355552673
100935,0.918256044388
100936,0.908397912979
100938,0.920083463192
100939,0.575053274632
100940,0.969841480255
100942,0.914774239063
100943,0.566340684891
100947,0.987921118736
100948,0.8273858428
100951,0.95378446579
100953,0.87912350893
100954,0.971577823162
100955,0.856917262077
100956,0.915283977985
100960,0.527049779892
100961,0.596361279488
100962,0.938045322895
100964,0.811726748943
100966,0.808331787586
100969,0.733079731464
100970,0.515014469624
100971,0.942739605904
100973,0.82567858696
100975,0.916721820831
100979,0.880283892155
100980,0.928189277649
100982,0.990133166313
100983,0.720231354237
100984,0.379770040512
100986,0.725469708443
100988,0.951148331165
100989,0.899465501308
100995,0.835330188274
100998,0.860097825527
101001,0.703496277332
101002,0.955525040627
101003,0.661068856716
101004,0.631624877453
101006,0.96708136797
101010,0.901872634888
101012,0.661433458328
101015,0.274563789368
101016,0.961097598076
101017,0.77111518383
101020,0.988705575466
101022,0.954297065735
101023,0.830725491047
101029,0.871253490448
101030,0.218548491597
101031,0.659792304039
101032,0.660712718964
101033,0.990500926971
101034,0.859426558018
101035,0.804424285889
101036,0.705127358437
101037,0.843269765377
101042,0.835473775864
101043,0.845298111439
101045,0.702508270741
101047,0.849141538143
101049,0.591456651688
101050,0.798748135567
101051,0.901588141918
101054,0.980625510216
101056,0.982182323933
101057,0.877477884293
101058,0.8408395648
101063,0.881027579308
101064,0.914378106594
101065,0.799339830875
101067,0.526616573334
101068,0.947898626328
101069,0.957770287991
101072,0.981425404549
101073,0.9215041399
101074,0.691924452782
101076,0.98694473505
101077,0.963753163815
101080,0.986924648285
101081,0.687671065331
101083,0.68901270628
101084,0.957995712757
101085,0.168266057968
101087,0.87137311697
101090,0.861313521862
101091,0.426422506571
101092,0.488643199205
101093,0.836440563202
101094,0.897910654545
101095,0.920063257217
101096,0.483050793409
101100,0.917083024979
101101,0.702974617481
101104,0.910508334637
101108,0.842882037163
101109,0.717378258705
101110,0.793293535709
101111,0.752493798733
101112,0.798725485802
101114,0.948289752007
101117,0.748296976089
101119,0.169334948063
101122,0.428236663342
101127,0.955664277077
101129,0.828878641129
101132,0.857445001602
101133,0.461158812046
101138,0.598783314228
101140,0.895359039307
101141,0.750603914261
101142,0.261778861284
101146,0.900229156017
101148,0.453585088253
101149,0.813828408718
101150,0.944131791592
101153,0.9742141366
101154,0.918927788734
101156,0.903763413429
101159,0.912303090096
101167,0.338075995445
101171,0.994846820831
101172,0.763203144073
101173,0.737924396992
101178,0.916981697083
101180,0.9591807127
101182,0.928852796555
101183,0.495275616646
101184,0.912676334381
101185,0.149121046066
101190,0.637280285358
101192,0.395234078169
101193,0.947109043598
101195,0.677328407764
101197,0.523366987705
101200,0.682185530663
101201,0.910662233829
101202,0.987040698528
101203,0.930499851704
101205,0.86295235157
101214,0.973554253578
101215,0.75537520647
101216,0.514876484871
101218,0.845391392708
101220,0.799689292908
101222,0.844829857349
101223,0.593054294586
101224,0.780043840408
101227,0.554911315441
101228,0.622695326805
101229,0.866717278957
101230,0.872425198555
101231,0.708232939243
101233,0.965768694878
101235,0.812002182007
101236,0.380580455065
101237,0.649185061455
101241,0.661608994007
101242,0.726162493229
101243,0.965706110001
101246,0.872312784195
101251,0.986855149269
101254,0.920042276382
101256,0.985427796841
101259,0.960150122643
101260,0.670462489128
101262,0.797279119492
101263,0.712124288082
101265,0.962433040142
101266,0.455131947994
101269,0.589857161045
101273,0.741873025894
101274,0.819009900093
101276,0.821373283863
101277,0.758695781231
101282,0.785763859749
101284,0.919738471508
101288,0.637009561062
101289,0.410035818815
101294,0.871173501015
101295,0.90423220396
101296,0.864531517029
101298,0.720383048058
101301,0.806643605232
101302,0.830791175365
101304,0.558629453182
101305,0.744346857071
101309,0.463445186615
101313,0.534281432629
101314,0.816805720329
101315,0.451703041792
101316,0.872170865536
101317,0.645534038544
101318,0.510346472263
101324,0.869931280613
101326,0.181359559298
101328,0.875602960587
101329,0.867919802666
101330,0.146529093385
101336,0.880865097046
101341,0.924902975559
101342,0.891778588295
101345,0.86437857151
101348,0.803850591183
101350,0.533653378487
101351,0.901080489159
101352,0.746234297752
101353,0.981049597263
101355,0.956998884678
101357,0.513311564922
101358,0.955946147442
101359,0.784331440926
101360,0.806294977665
101362,0.811629593372
101366,0.512244880199
101367,0.876370608807
101369,0.593405723572
101370,0.710295081139
101371,0.935171723366
101374,0.852574706078
101381,0.731331408024
101382,0.429393708706
101383,0.915329515934
101384,0.977410376072
101385,0.807020127773
101387,0.868626832962
101395,0.448134839535
101396,0.973561525345
101397,0.975413620472
101398,0.986319541931
101400,0.901658892632
101401,0.828798532486
101402,0.720041692257
101403,0.724081039429
101405,0.973026990891
101408,0.748449206352
101410,0.933209717274
101412,0.977788746357
101413,0.272054105997
101416,0.72993350029
101418,0.89236164093
101420,0.615710794926
101422,0.632151782513
101423,0.900588214397
101424,0.940810799599
101426,0.90729624033
101427,0.421116888523
101428,0.87095707655
101430,0.606337249279
101431,0.89128446579
101434,0.867979943752
101436,0.435033470392
101440,0.863100290298
101443,0.941470444202
101445,0.708951592445
101450,0.884779632092
101451,0.586010992527
101452,0.917172968388
101453,0.406696736813
101455,0.969388902187
101456,0.909800410271
101459,0.608614861965
101461,0.928674459457
101463,0.952335357666
101464,0.665558338165
101468,0.462676495314
101472,0.965599954128
101474,0.681459128857
101475,0.855817258358
101478,0.96686065197
101481,0.745326757431
101483,0.823175013065
101485,0.907102286816
101487,0.485037446022
101488,0.617458760738
101491,0.721773445606
101494,0.592519104481
101495,0.875052809715
101497,0.731906652451
101498,0.92564022541
101500,0.87201410532
101502,0.682427465916
101506,0.789324223995
101512,0.753011882305
101513,0.59881824255
101514,0.438394546509
101518,0.645059585571
101523,0.831578016281
101526,0.946303546429
101528,0.659332573414
101529,0.736411511898
101531,0.540613472462
101535,0.368464082479
101538,0.930697143078
101539,0.83203715086
101541,0.791120767593
101542,0.815002560616
101545,0.631368041039
101547,0.717446982861
101548,0.959437668324
101549,0.28688377142
101550,0.984088003635
101551,0.810705184937
101552,0.891095578671
101554,0.754089891911
101556,0.973037838936
101557,0.868374347687
101558,0.667243421078
101560,0.864638447762
101561,0.225222632289
101562,0.822207152843
101564,0.884966313839
101566,0.74009680748
101567,0.577360808849
101569,0.939405679703
101570,0.763238847256
101572,0.665859043598
101573,0.972751498222
101582,0.762082099915
101584,0.922582089901
101587,0.892418205738
101592,0.784292697906
101595,0.908308744431
101596,0.651881814003
101597,0.778179168701
101600,0.973994791508
101601,0.85271769762
101602,0.358025163412
101603,0.9344227314
101604,0.665016889572
101607,0.463808178902
101610,0.859514057636
101611,0.578477442265
101616,0.614330232143
101618,0.513409972191
101619,0.705634236336
101621,0.929631531239
101624,0.720449924469
101625,0.739633619785
101629,0.700937747955
101632,0.790128231049
101633,0.945376336575
101634,0.538460314274
101635,0.736907124519
101636,0.876930117607
101637,0.972071886063
101638,0.833190262318
101641,0.877388954163
101643,0.703412473202
101645,0.682637453079
101646,0.720520615578
101650,0.687716722488
101654,0.698500990868
101656,0.525976896286
101658,0.901673138142
101662,0.867093026638
101663,0.758268415928
101665,0.924826145172
101666,0.973681986332
101667,0.88454079628
101668,0.951830923557
101669,0.349777191877
101672,0.845607578754
101673,0.525967359543
101674,0.953465521336
101677,0.881890058517
101678,0.785764813423
101680,0.751126050949
101681,0.973807573318
101683,0.802827596664
101684,0.697884142399
101688,0.913136899471
101692,0.68775087595
101697,0.931779921055
101699,0.913375854492
101700,0.762885332108
101705,0.581278800964
101706,0.592339754105
101708,0.988883435726
101712,0.87370967865
101713,0.854127049446
101715,0.844945311546
101716,0.937291800976
101720,0.987049758434
101721,0.884376645088
101722,0.386806219816
101723,0.380538880825
101724,0.739159166813
101726,0.651612818241
101728,0.867416322231
101730,0.446525752544
101731,0.732551574707
101733,0.850192189217
101734,0.716528654099
101735,0.396574169397
101737,0.790071427822
101738,0.948739886284
101740,0.939318776131
101741,0.510773777962
101742,0.743239283562
101743,0.577250301838
101744,0.462502837181
101748,0.746303915977
101749,0.912316203117
101752,0.778254270554
101754,0.982117593288
101756,0.918857753277
101757,0.821916103363
101759,0.835610330105
101762,0.749645113945
101766,0.775047063828
101767,0.901930332184
101768,0.531141400337
101770,0.695982277393
101772,0.973092615604
101773,0.892554342747
101778,0.928907334805
101782,0.956220507622
101784,0.992867946625
101787,0.776176691055
101790,0.771997332573
101793,0.941392362118
101794,0.335886627436
101795,0.928723633289
101796,0.425545066595
101798,0.978474974632
101799,0.313429236412
101802,0.846123099327
101804,0.48223438859
101805,0.678013563156
101806,0.892724752426
101807,0.863963067532
101808,0.942872345448
101810,0.495281815529
101812,0.723097026348
101813,0.829688191414
101814,0.857145249844
101815,0.550031602383
101818,0.595504403114
101821,0.942755579948
101823,0.188439548016
101825,0.948893785477
101832,0.971705257893
101833,0.570752978325
101836,0.968741416931
101837,0.655714809895
101840,0.984877824783
101841,0.964001715183
101842,0.885551214218
101846,0.652304887772
101847,0.975304067135
101848,0.707172572613
101850,0.905832409859
101851,0.635297298431
101852,0.37303674221
101853,0.760259866714
101854,0.908392012119
101858,0.9436237216
101860,0.968585133553
101861,0.723032534122
101862,0.651294291019
101863,0.906395316124
101869,0.587247550488
101871,0.784138202667
101873,0.982154607773
101876,0.945620834827
101877,0.733766138554
101879,0.497860610485
101881,0.874543845654
101882,0.858421385288
101883,0.961931347847
101892,0.987671852112
101894,0.803714931011
101897,0.852736890316
101899,0.553356707096
101900,0.969385921955
101902,0.809680700302
101903,0.75886374712
101904,0.626244723797
101908,0.748898625374
101909,0.85738825798
101910,0.525688171387
101911,0.883021056652
101912,0.725270152092
101913,0.974387466908
101914,0.757026672363
101916,0.740016937256
101918,0.378167152405
101919,0.828260064125
101920,0.52484357357
101921,0.871530175209
101922,0.959697246552
101924,0.862847268581
101929,0.838850259781
101930,0.800492703915
101932,0.873879313469
101935,0.774112701416
101936,0.835160732269
101938,0.757613062859
101939,0.742234110832
101941,0.961191654205
101944,0.807531476021
101945,0.598456859589
101948,0.502036631107
101950,0.473895072937
101951,0.844855368137
101952,0.679118096828
101953,0.885723054409
101955,0.66232419014
101956,0.73656052351
101959,0.649636805058
101960,0.896483361721
101963,0.0996768996119
101964,0.777114748955
101966,0.880810558796
101967,0.673878610134
101969,0.991191923618
101971,0.88150280714
101972,0.611962676048
101973,0.795773208141
101974,0.783341169357
101979,0.923240125179
101980,0.716417312622
101981,0.801089823246
101982,0.83314883709
101983,0.830264151096
101984,0.970902919769
101987,0.945249795914
101989,0.813438475132
101993,0.911580383778
101994,0.826021134853
101996,0.97696107626
101999,0.79664683342
102001,0.914081454277
102004,0.757277965546
102005,0.928653538227
102011,0.885526716709
102014,0.869549572468
102017,0.287262409925
102020,0.682923913002
102023,0.701789081097
102027,0.904659569263
102028,0.686483383179
102029,0.982026517391
102030,0.921589672565
102032,0.697400689125
102036,0.964791357517
102039,0.565113663673
102040,0.683722317219
102041,0.778356015682
102045,0.331744015217
102051,0.945051729679
102052,0.956602156162
102054,0.697796463966
102055,0.834141969681
102056,0.909240663052
102057,0.562516331673
102058,0.7452480793
102059,0.886477410793
102062,0.440952211618
102063,0.741342961788
102064,0.985982358456
102066,0.691779851913
102067,0.909544110298
102069,0.962789058685
102070,0.319016128778
102071,0.754926145077
102072,0.87706810236
102075,0.923409879208
102077,0.939860343933
102078,0.853986263275
102081,0.648914933205
102082,0.807848989964
102083,0.817210674286
102084,0.896044790745
102088,0.770667254925
102089,0.92172986269
102090,0.706198096275
102092,0.979099810123
102093,0.97658008337
102095,0.956260621548
102096,0.991525948048
102098,0.946201145649
102100,0.886298060417
102101,0.900964260101
102102,0.809978425503
102103,0.959611177444
102104,0.68064904213
102112,0.885151207447
102116,0.527407586575
102117,0.977144539356
102118,0.57214564085
102119,0.966526269913
102120,0.740156888962
102123,0.855689466
102126,0.493303656578
102128,0.804790318012
102129,0.966168820858
102136,0.849884986877
102137,0.926464319229
102138,0.80527806282
102140,0.94760286808
102142,0.944840729237
102143,0.523072302341
102146,0.891244232655
102147,0.811933040619
102148,0.854784071445
102150,0.953964233398
102151,0.513964891434
102153,0.895305037498
102157,0.951649188995
102159,0.663708329201
102160,0.840278089046
102162,0.911669552326
102165,0.876098036766
102166,0.935879588127
102169,0.445662200451
102172,0.815506696701
102176,0.775501430035
102178,0.462459266186
102179,0.973316609859
102180,0.723905742168
102183,0.806067228317
102184,0.544248461723
102187,0.479262262583
102188,0.987551152706
102195,0.792883098125
102196,0.751564800739
102197,0.557068526745
102200,0.978641748428
102203,0.94332754612
102207,0.839149475098
102211,0.72765481472
102215,0.964267671108
102219,0.806895136833
102220,0.969891250134
102221,0.719699263573
102222,0.571548879147
102224,0.981753468513
102226,0.813562572002
102230,0.59329855442
102232,0.855051100254
102233,0.819412827492
102236,0.642566025257
102237,0.974759757519
102238,0.493319898844
102239,0.791742861271
102240,0.459176540375
102241,0.426526099443
102242,0.920295059681
102243,0.835293352604
102244,0.737262785435
102245,0.875280439854
102246,0.913472414017
102248,0.849766790867
102249,0.908120632172
102252,0.818536877632
102253,0.807939171791
102254,0.952722132206
102257,0.924349009991
102261,0.512059092522
102264,0.815732002258
102266,0.894282221794
102267,0.98464846611
102268,0.794094562531
102271,0.653424024582
102272,0.685067415237
102275,0.944090783596
102276,0.583653450012
102277,0.836895346642
102280,0.959816157818
102281,0.905815124512
102287,0.804174184799
102291,0.913555145264
102292,0.815531253815
102293,0.89279204607
102295,0.370135933161
102297,0.541468381882
102301,0.702573299408
102302,0.381359368563
102304,0.775108397007
102305,0.782895863056
102306,0.750344514847
102308,0.674119651318
102313,0.751373767853
102314,0.704939186573
102316,0.588965415955
102318,0.80170750618
102319,0.658794105053
102320,0.879739046097
102321,0.56319975853
102325,0.148573845625
102327,0.833553731441
102328,0.903943181038
102332,0.844672381878
102334,0.967921972275
102335,0.972379803658
102336,0.844457685947
102337,0.933435440063
102339,0.934223949909
102341,0.564588785172
102345,0.393559008837
102347,0.865855932236
102349,0.36010119319
102350,0.642778933048
102351,0.978168666363
102357,0.272498756647
102359,0.622145712376
102360,0.713391125202
102362,0.693400979042
102363,0.711253225803
102364,0.641920685768
102369,0.776629686356
102372,0.340997338295
102374,0.92821341753
102375,0.912570476532
102377,0.804931104183
102378,0.611480534077
102380,0.106655038893
102381,0.609293043613
102384,0.621369600296
102385,0.612701952457
102388,0.910187661648
102389,0.954201519489
102390,0.979164838791
102391,0.772694051266
102393,0.990666329861
102395,0.874784529209
102400,0.916952431202
102401,0.9445271492
102402,0.697030723095
102403,0.853841125965
102404,0.79838347435
102406,0.861679971218
102411,0.83721768856
102412,0.796008169651
102414,0.48644760251
102415,0.920539736748
102417,0.92159473896
102418,0.943819761276
102419,0.930325984955
102421,0.886953175068
102422,0.743194699287
102424,0.690455973148
102425,0.840625107288
102427,0.810203015804
102431,0.610139667988
102432,0.57774335146
102433,0.964547097683
102434,0.713972210884
102436,0.852068781853
102443,0.869490802288
102448,0.704329490662
102449,0.671280145645
102450,0.868746101856
102452,0.807703852654
102455,0.992355585098
102456,0.967782735825
102457,0.966709136963
102458,0.756326377392
102461,0.58385258913
102462,0.416004687548
102465,0.923625588417
102467,0.730873644352
102468,0.89016777277
102469,0.522564232349
102470,0.987168908119
102472,0.671258032322
102474,0.674261868
102475,0.977531254292
102476,0.92956662178
102486,0.758853137493
102487,0.965340018272
102488,0.126450151205
102492,0.978128015995
102495,0.661326169968
102496,0.889013230801
102501,0.798536002636
102505,0.740732550621
102506,0.473890841007
102507,0.801144838333
102511,0.975434482098
102512,0.952327251434
102514,0.567111730576
102516,0.734607219696
102517,0.752231419086
102518,0.951869189739
102520,0.965826392174
102522,0.709959089756
102525,0.875837266445
102526,0.4945140481
102527,0.944140076637
102528,0.679528951645
102529,0.765670418739
102530,0.871105015278
102533,0.890378654003
102535,0.857744634151
102536,0.614159703255
102537,0.828573048115
102538,0.936229944229
102539,0.822619199753
102543,0.959237754345
102548,0.928045809269
102549,0.7859146595
102550,0.817716002464
102552,0.859239399433
102553,0.966571688652
102554,0.678560197353
102556,0.3791693151
102557,0.662676751614
102558,0.907267987728
102559,0.773196816444
102562,0.967294573784
102564,0.82923668623
102567,0.737128019333
102569,0.893299996853
102570,0.667921543121
102571,0.684466421604
102572,0.90265583992
102574,0.710440337658
102579,0.850432634354
102580,0.635143458843
102582,0.928602337837
102585,0.98559731245
102587,0.719730377197
102597,0.965905487537
102600,0.991628527641
102601,0.567731320858
102602,0.977353990078
102603,0.842360377312
102605,0.839202344418
102606,0.865222930908
102607,0.641863703728
102608,0.966371178627
102609,0.276790589094
102611,0.445817738771
102613,0.974349021912
102618,0.719300150871
102619,0.750041127205
102620,0.96713668108
102621,0.853738129139
102624,0.93816691637
102628,0.151458606124
102630,0.301569253206
102633,0.95894664526
102634,0.96540158987
102635,0.398081749678
102636,0.948533475399
102643,0.729961752892
102648,0.97772538662
102649,0.655749678612
102651,0.984285891056
102653,0.734206020832
102656,0.20221593976
102657,0.813506424427
102658,0.829294383526
102661,0.881196856499
102662,0.979476869106
102663,0.750616371632
102665,0.990923821926
102666,0.694897472858
102668,0.8629540205
102669,0.766924321651
102672,0.780399024487
102673,0.952453672886
102674,0.814815700054
102678,0.727761983871
102679,0.665802299976
102681,0.907389760017
102683,0.802482187748
102687,0.648343980312
102690,0.885023891926
102695,0.798103034496
102698,0.615740120411
102699,0.956504464149
102700,0.875951468945
102706,0.818976700306
102707,0.447013020515
102708,0.769386351109
102709,0.964649200439
102710,0.992133080959
102712,0.964287161827
102713,0.674221873283
102715,0.735276579857
102716,0.92831069231
102718,0.905100405216
102719,0.711376786232
102721,0.982969403267
102723,0.770973443985
102724,0.275292575359
102726,0.967701554298
102732,0.912568628788
102733,0.913651764393
102735,0.985915780067
102737,0.757062494755
102749,0.850323081017
102751,0.929564774036
102752,0.834889829159
102753,0.613323092461
102754,0.797986209393
102755,0.978283166885
102756,0.775944948196
102757,0.913157165051
102762,0.721415102482
102763,0.815278887749
102769,0.824795305729
102770,0.890176475048
102771,0.663305997849
102772,0.74711227417
102775,0.706504702568
102778,0.929695904255
102779,0.75469326973
102783,0.950768232346
102784,0.575850009918
102786,0.513178944588
102787,0.853987336159
102790,0.932609498501
102791,0.37064820528
102793,0.838215768337
102795,0.940468251705
102798,0.947650492191
102802,0.961766898632
102807,0.713386952877
102808,0.68986839056
102811,0.798523366451
102814,0.803200781345
102816,0.700319886208
102817,0.76219779253
102819,0.886995077133
102822,0.798455536366
102823,0.768968760967
102825,0.842482864857
102830,0.547514796257
102831,0.975827693939
102832,0.739586114883
102834,0.890505135059
102838,0.396862566471
102840,0.989096462727
102841,0.937685310841
102842,0.873060166836
102843,0.780035197735
102845,0.866083025932
102848,0.886902987957
102850,0.769595503807
102851,0.927634477615
102852,0.931473612785
102854,0.955718934536
102855,0.787399828434
102858,0.705858767033
102859,0.389121353626
102862,0.806788146496
102864,0.941887259483
102865,0.965104699135
102866,0.893077492714
102867,0.964930415154
102868,0.555219471455
102869,0.73754709959
102870,0.812129378319
102873,0.867009222507
102875,0.894870460033
102876,0.791753947735
102877,0.789369404316
102878,0.988829791546
102880,0.910825312138
102881,0.397494137287
102882,0.835717916489
102884,0.899010717869
102887,0.224848225713
102889,0.855794131756
102890,0.847134947777
102893,0.478558272123
102894,0.962101578712
102895,0.64934784174
102896,0.844861030579
102897,0.580469191074
102902,0.725307524204
102907,0.77477568388
102909,0.141978174448
102910,0.922431647778
102911,0.848485827446
102912,0.552392482758
102919,0.874328374863
102920,0.576924145222
102922,0.474944144487
102923,0.583971917629
102927,0.239178091288
102930,0.820008695126
102931,0.657091617584
102932,0.707241237164
102933,0.782899737358
102934,0.971521794796
102935,0.96447467804
102937,0.591475367546
102938,0.906559407711
102941,0.769549071789
102942,0.774050831795
102944,0.977852225304
102948,0.589563131332
102950,0.423135638237
102951,0.942570090294
102959,0.829850435257
102960,0.949550926685
102961,0.499481379986
102962,0.360447734594
102964,0.987994074821
102967,0.798562169075
102970,0.762952446938
102973,0.848769664764
102974,0.92754393816
102978,0.823156952858
102982,0.81719905138
102983,0.749769389629
102984,0.533580541611
102985,0.819072365761
102986,0.820552766323
102987,0.930205464363
102989,0.911434471607
102990,0.61798197031
102991,0.783277451992
102992,0.722231149673
102993,0.873973011971
102995,0.612297832966
102999,0.772984266281
103003,0.858934342861
103004,0.604189991951
103005,0.511886298656
103010,0.916995108128
103011,0.987962782383
103012,0.983505189419
103013,0.831995606422
103014,0.748999238014
103015,0.816495656967
103017,0.654731214046
103018,0.965475916862
103020,0.696102261543
103023,0.977788150311
103024,0.955747663975
103027,0.961362302303
103029,0.952738821507
103031,0.956069588661
103032,0.977209091187
103033,0.462258368731
103035,0.795799970627
103037,0.522330284119
103038,0.849735736847
103039,0.969768464565
103040,0.627375781536
103041,0.936981320381
103047,0.775177896023
103049,0.920432448387
103051,0.597952485085
103052,0.11009068042
103055,0.821388721466
103056,0.604315936565
103058,0.775499343872
103066,0.678622543812
103067,0.741909265518
103069,0.727099776268
103072,0.84048050642
103073,0.910226166248
103074,0.876728534698
103075,0.541924834251
103078,0.80476051569
103079,0.957140922546
103082,0.71239989996
103086,0.895273625851
103087,0.758480191231
103088,0.917708873749
103091,0.853320837021
103092,0.714689016342
103098,0.722729802132
103100,0.962692499161
103102,0.638382136822
103104,0.852815270424
103105,0.939363360405
103106,0.909883201122
103108,0.955957233906
103112,0.820966422558
103113,0.916556060314
103115,0.942155838013
103118,0.917370378971
103120,0.691945910454
103124,0.866151690483
103127,0.575467526913
103130,0.903822302818
103131,0.864654481411
103134,0.471317768097
103135,0.694831609726
103136,0.862028121948
103137,0.373594790697
103139,0.709423780441
103140,0.865267813206
103143,0.884469091892
103145,0.70199406147
103146,0.720188617706
103147,0.92513692379
103150,0.561368942261
103151,0.994835853577
103152,0.778783977032
103154,0.755527019501
103155,0.83228212595
103156,0.628096103668
103157,0.656684339046
103158,0.964400827885
103159,0.886897683144
103164,0.930451750755
103165,0.897839426994
103166,0.682368457317
103170,0.138197436929
103172,0.858503878117
103173,0.420939564705
103174,0.565640568733
103178,0.656519711018
103180,0.955645263195
103181,0.935144364834
103182,0.753246068954
103183,0.818683385849
103184,0.751443445683
103185,0.818375885487
103192,0.832406580448
103196,0.418788820505
103197,0.759083986282
103199,0.91416156292
103200,0.799158155918
103201,0.85178989172
103203,0.890137135983
103207,0.79038131237
103209,0.987875699997
103212,0.864716887474
103215,0.743542134762
103217,0.804914355278
103218,0.792409062386
103221,0.90919226408
103227,0.952974557877
103228,0.939351916313
103237,0.745137631893
103239,0.939268708229
103242,0.864191889763
103245,0.815731942654
103246,0.730268955231
103247,0.638184070587
103248,0.992990732193
103251,0.692714869976
103254,0.663867533207
103255,0.558027923107
103258,0.576930999756
103261,0.742021918297
103264,0.620456576347
103265,0.556320309639
103267,0.91999578476
103268,0.753026127815
103269,0.867115437984
103276,0.562846899033
103277,0.946859180927
103279,0.954766273499
103286,0.986210763454
103287,0.507575333118
103288,0.602445602417
103292,0.632387578487
103296,0.704761683941
103297,0.717233896255
103303,0.93911921978
103305,0.975320398808
103309,0.609592139721
103310,0.724150002003
103311,0.855009198189
103313,0.701320886612
103314,0.966904819012
103318,0.783136069775
103319,0.98731136322
103320,0.939348340034
103321,0.820782899857
103322,0.984892725945
103324,0.731019973755
103325,0.809067666531
103326,0.987076699734
103328,0.87177836895
103331,0.602718532085
103334,0.822939574718
103335,0.38386541605
103336,0.932507812977
103337,0.640590906143
103339,0.320260167122
103340,0.891452312469
103342,0.976782917976
103343,0.775820493698
103344,0.685364603996
103345,0.356351226568
103346,0.920622885227
103348,0.626138865948
103349,0.583209753036
103351,0.975772619247
103352,0.908753395081
103353,0.397582709789
103354,0.715026915073
103355,0.699489355087
103357,0.853730559349
103362,0.857998967171
103365,0.736290931702
103368,0.98590195179
103369,0.744369864464
103370,0.811793208122
103371,0.608506679535
103372,0.693381726742
103373,0.436621785164
103376,0.746066987514
103379,0.369211435318
103381,0.934071660042
103382,0.963247001171
103383,0.672342181206
103385,0.548837006092
103387,0.900953412056
103389,0.910564005375
103392,0.779641926289
103393,0.969158768654
103394,0.861715137959
103395,0.988434255123
103396,0.789768636227
103398,0.960107922554
103401,0.826244235039
103402,0.979167222977
103405,0.757067918777
103407,0.499922931194
103408,0.892697393894
103411,0.838257849216
103413,0.691596150398
103414,0.966466546059
103416,0.976256966591
103420,0.72594499588
103421,0.916949391365
103422,0.517329573631
103425,0.882072269917
103426,0.838602423668
103430,0.427842646837
103432,0.922326147556
103436,0.856445074081
103437,0.60780107975
103439,0.961464524269
103444,0.986403942108
103446,0.45119613409
103448,0.974481105804
103450,0.944807469845
103451,0.807208001614
103452,0.982596158981
103454,0.761005222797
103455,0.554118275642
103457,0.803899765015
103458,0.560193181038
103460,0.53134316206
103461,0.970185160637
103462,0.978396475315
103463,0.808499157429
103464,0.858686208725
103466,0.73095870018
103467,0.935016691685
103468,0.812188029289
103469,0.803558409214
103470,0.519576787949
103471,0.972936868668
103472,0.821108937263
103473,0.914667904377
103474,0.284499287605
103475,0.89353531599
103476,0.955522537231
103477,0.980460464954
103478,0.779107451439
103482,0.963226556778
103483,0.728333711624
103484,0.909736275673
103485,0.98922264576
103486,0.777363955975
103487,0.966694355011
103489,0.951782882214
103492,0.699021339417
103493,0.844312548637
103495,0.899224698544
103499,0.83487612009
103500,0.750601828098
103503,0.991991221905
103504,0.89083892107
103506,0.699066638947
103509,0.866879761219
103510,0.967421114445
103511,0.789543092251
103514,0.948822081089
103515,0.655492424965
103516,0.768859922886
103517,0.767842769623
103522,0.9804469347
103523,0.91100949049
103525,0.791427016258
103526,0.911937177181
103527,0.9302932024
103529,0.809114277363
103531,0.97718334198
103532,0.923673033714
103534,0.735956311226
103538,0.602927207947
103539,0.912260770798
103545,0.929548382759
103546,0.735845267773
103548,0.928037703037
103553,0.30466607213
103555,0.943154633045
103556,0.965021848679
103559,0.716399252415
103560,0.980782687664
103561,0.681357979774
103563,0.927610695362
103564,0.762790024281
103566,0.912946820259
103568,0.969607889652
103569,0.959337890148
103573,0.656783401966
103574,0.839206695557
103576,0.733340978622
103579,0.920918703079
103582,0.543017327785
103584,0.466927677393
103587,0.87468701601
103588,0.902796566486
103589,0.865207850933
103590,0.544958591461
103591,0.868653893471
103594,0.885220587254
103596,0.883920788765
103598,0.816280543804
103602,0.980821251869
103605,0.392410755157
103606,0.940142452717
103607,0.778567671776
103608,0.817680716515
103609,0.0763387605548
103610,0.969963371754
103611,0.913495600224
103617,0.469876378775
103618,0.630053579807
103619,0.712582468987
103621,0.954465270042
103623,0.884743332863
103627,0.500358104706
103629,0.865848243237
103631,0.820427656174
103633,0.936044812202
103634,0.752880454063
103635,0.972246706486
103636,0.723314881325
103637,0.742786407471
103639,0.895019054413
103642,0.330268353224
103643,0.848761796951
103645,0.839808046818
103647,0.989732325077
103648,0.867112278938
103649,0.928139388561
103650,0.892839252949
103654,0.295237660408
103655,0.863895714283
103657,0.827109336853
103658,0.995131850243
103660,0.95558065176
103665,0.958797991276
103669,0.959553956985
103673,0.987830460072
103676,0.412953197956
103677,0.776365399361
103678,0.907433271408
103680,0.838201284409
103682,0.561657428741
103684,0.86150598526
103685,0.953808009624
103691,0.842322826385
103692,0.874733805656
103697,0.937389314175
103698,0.906444311142
103699,0.868793725967
103700,0.854514837265
103702,0.922916531563
103703,0.769109785557
103704,0.580975115299
103705,0.706163108349
103706,0.89861869812
103711,0.875236988068
103713,0.607852339745
103714,0.409393131733
103716,0.631288349628
103719,0.595812559128
103723,0.64857929945
103724,0.534969985485
103725,0.961056411266
103727,0.74770373106
103736,0.798803389072
103737,0.990085363388
103740,0.409079790115
103742,0.887835681438
103743,0.60740852356
103746,0.516585826874
103747,0.859751939774
103750,0.915888488293
103753,0.896316409111
103754,0.951305806637
103756,0.654696941376
103759,0.849001586437
103761,0.385002374649
103762,0.956798374653
103765,0.9558416605
103766,0.946632564068
103771,0.468604534864
103773,0.578789830208
103779,0.848508954048
103781,0.557838201523
103783,0.820377826691
103791,0.503738045692
103792,0.969061493874
103795,0.578899681568
103797,0.980234444141
103798,0.834073781967
103799,0.637235403061
103800,0.776192486286
103803,0.710360050201
103804,0.624840438366
103805,0.826655864716
103806,0.97358751297
103808,0.83887398243
103811,0.525986075401
103812,0.752584397793
103814,0.650952219963
103815,0.841673254967
103816,0.858672857285
103818,0.983959615231
103819,0.963186740875
103820,0.90167838335
103824,0.815285503864
103825,0.597269713879
103826,0.740114688873
103827,0.98158454895
103829,0.632422924042
103830,0.944023430347
103831,0.818419873714
103832,0.887732207775
103835,0.768454670906
103836,0.922435164452
103837,0.970801234245
103840,0.976693093777
103843,0.465565413237
103845,0.888979315758
103846,0.725549936295
103847,0.920497000217
103848,0.982846438885
103850,0.844277262688
103852,0.539148926735
103857,0.0723687335849
103858,0.918615758419
103862,0.882144629955
103863,0.915106356144
103865,0.973477900028
103866,0.969427227974
103867,0.823603451252
103868,0.309773892164
103869,0.262868881226
103870,0.816177010536
103872,0.562679648399
103874,0.902415573597
103875,0.854974687099
103876,0.775560081005
103879,0.885459423065
103880,0.976018309593
103881,0.905004918575
103882,0.874016344547
103883,0.846456110477
103884,0.922167479992
103885,0.595184624195
103886,0.495753377676
103888,0.78189009428
103892,0.683147370815
103893,0.971498608589
103895,0.856769263744
103896,0.771945059299
103901,0.924033582211
103902,0.792171537876
103903,0.707077860832
103906,0.910820066929
103907,0.942289948463
103909,0.82791364193
103910,0.848377466202
103911,0.880630254745
103916,0.970848083496
103917,0.889640688896
103923,0.887479007244
103930,0.507447302341
103933,0.805986702442
103936,0.864833652973
103940,0.965805947781
103941,0.834521055222
103942,0.937783777714
103943,0.94083148241
103946,0.458795815706
103951,0.291116803885
103952,0.876376926899
103954,0.932148039341
103956,0.561718761921
103957,0.700410604477
103959,0.702993690968
103964,0.872614324093
103967,0.568530917168
103974,0.959145486355
103977,0.914885818958
103979,0.697897732258
103981,0.689779162407
103986,0.529358506203
103989,0.878319680691
103991,0.818322956562
103992,0.851152896881
103999,0.758715808392
104001,0.55546683073
104003,0.841686367989
104010,0.910908579826
104011,0.946456730366
104012,0.842971622944
104017,0.902575671673
104019,0.865654170513
104021,0.695838809013
104022,0.739639222622
104023,0.672007203102
104024,0.888232290745
104025,0.976921021938
104026,0.97532504797
104027,0.973639786243
104029,0.98609572649
104032,0.511181354523
104033,0.935368061066
104034,0.895688772202
104036,0.819089531898
104037,0.752228438854
104039,0.623018920422
104041,0.897722899914
104042,0.728145778179
104046,0.908766746521
104053,0.667847037315
104054,0.729538202286
104059,0.911321401596
104064,0.902248740196
104069,0.694258332253
104073,0.805363714695
104074,0.805782437325
104077,0.765171468258
104080,0.870366573334
104081,0.622783064842
104084,0.639862835407
104085,0.875789523125
104088,0.293636471033
104090,0.667099356651
104091,0.977969646454
104097,0.876084148884
104098,0.863151192665
104100,0.976209044456
104103,0.945241928101
104104,0.841307163239
104109,0.235390409827
104110,0.990585505962
104111,0.392884522676
104115,0.697067558765
104121,0.98480784893
104123,0.531417071819
104125,0.961988925934
104129,0.805281698704
104130,0.97881925106
104131,0.929146409035
104132,0.885861217976
104134,0.878781020641
104135,0.602445483208
104137,0.96762740612
104138,0.445551395416
104139,0.627650201321
104142,0.920011818409
104145,0.866093754768
104146,0.840386927128
104148,0.760922908783
104153,0.710558235645
104154,0.644922673702
104155,0.412600368261
104157,0.892200648785
104160,0.487322002649
104162,0.891430675983
104163,0.643642961979
104164,0.700258731842
104165,0.767294764519
104170,0.801899313927
104175,0.901020586491
104177,0.627675652504
104178,0.49388936162
104179,0.768623948097
104180,0.780275821686
104182,0.878977775574
104183,0.749131560326
104184,0.755024731159
104186,0.977005004883
104189,0.839435577393
104190,0.648190259933
104196,0.703454971313
104197,0.889804124832
104204,0.614116966724
104205,0.867785215378
104206,0.79209792614
104207,0.777278721333
104209,0.497571051121
104210,0.552818357944
104216,0.966638982296
104217,0.954601585865
104218,0.835364818573
104220,0.727082252502
104222,0.935039639473
104229,0.991307318211
104231,0.900178849697
104232,0.583968162537
104233,0.663143098354
104235,0.990222930908
104237,0.747660696507
104238,0.827758014202
104239,0.652535974979
104241,0.937423884869
104243,0.626556515694
104246,0.762247025967
104249,0.893555521965
104252,0.319171994925
104253,0.463159620762
104255,0.793649613857
104256,0.915435314178
104258,0.624896943569
104259,0.599184632301
104262,0.796605706215
104263,0.768801867962
104264,0.967478811741
104265,0.881691038609
104266,0.611126840115
104269,0.798804879189
104272,0.707159638405
104273,0.936306536198
104276,0.396682143211
104280,0.771564424038
104281,0.649141490459
104282,0.943557262421
104283,0.984584271908
104285,0.976389110088
104288,0.867595374584
104291,0.981805503368
104292,0.609992325306
104296,0.899277329445
104298,0.725727319717
104299,0.715330481529
104302,0.586659014225
104303,0.923355698586
104305,0.756147921085
104306,0.857612490654
104308,0.691157400608
104309,0.667796611786
104311,0.883829891682
104314,0.68669116497
104315,0.828909575939
104318,0.641024947166
104320,0.679320037365
104321,0.980961740017
104322,0.51897841692
104323,0.493548899889
104324,0.916322886944
104326,0.820272266865
104327,0.762147367001
104330,0.870079398155
104332,0.868401229382
104333,0.589682459831
104335,0.810303807259
104336,0.628574311733
104338,0.501101672649
104339,0.976639986038
104340,0.838392198086
104341,0.822671234608
104342,0.911920666695
104344,0.849060237408
104346,0.672198355198
104348,0.875946164131
104349,0.832790911198
104351,0.590515673161
104354,0.980276465416
104355,0.781831264496
104357,0.878149390221
104358,0.647942900658
104360,0.614487886429
104362,0.888169467449
104363,0.474703878164
104364,0.0484655946493
104369,0.896147489548
104370,0.936456441879
104372,0.901880025864
104373,0.750274479389
104375,0.831879675388
104377,0.942078709602
104378,0.425739854574
104379,0.981610178947
104380,0.840974569321
104381,0.840884804726
104382,0.872284114361
104383,0.751378536224
104384,0.861487925053
104386,0.778900802135
104387,0.95195287466
104388,0.588107943535
104390,0.95532387495
104391,0.456731468439
104394,0.890059351921
104396,0.925118982792
104399,0.953404843807
104400,0.835385501385
104401,0.852425992489
104402,0.950709819794
104407,0.975295901299
104411,0.746692895889
104413,0.898866117001
104414,0.645066082478
104416,0.849628031254
104417,0.91518342495
104419,0.69031304121
104423,0.538227558136
104425,0.985092103481
104426,0.92405629158
104428,0.759547054768
104429,0.6300740242
104431,0.749622583389
104433,0.769363701344
104434,0.964371860027
104435,0.733813822269
104436,0.781382441521
104437,0.483159422874
104441,0.7945291996
104442,0.663373947144
104443,0.652770936489
104448,0.855115175247
104450,0.96559214592
104451,0.820967316628
104452,0.92482727766
104455,0.813640236855
104457,0.936511099339
104459,0.937480866909
104460,0.97431153059
104465,0.624379336834
104468,0.69533342123
104471,0.711927473545
104473,0.940114855766
104474,0.983625948429
104475,0.933225393295
104478,0.462934792042
104481,0.963188827038
104483,0.911871016026
104484,0.975701153278
104485,0.656633198261
104486,0.323234677315
104487,0.83210682869
104488,0.872804701328
104490,0.77558028698
104491,0.861811280251
104492,0.82822239399
104493,0.698986291885
104507,0.985589444637
104508,0.90169018507
104510,0.69310849905
104511,0.981332302094
104514,0.60314053297
104515,0.378908008337
104517,0.64870929718
104518,0.973458468914
104519,0.910080909729
104520,0.767293274403
104522,0.810703754425
104523,0.794377803802
104524,0.814756453037
104525,0.709156751633
104526,0.780696570873
104527,0.536222457886
104531,0.924753367901
104533,0.667095661163
104535,0.753487288952
104536,0.760339200497
104540,0.768486499786
104541,0.780914008617
104543,0.825791597366
104545,0.911052286625
104547,0.850206553936
104549,0.836270034313
104550,0.812982559204
104553,0.548040032387
104556,0.841643512249
104558,0.540271103382
104559,0.931187570095
104560,0.970295011997
104561,0.738246440887
104562,0.746574878693
104564,0.888884186745
104568,0.944400250912
104570,0.826560974121
104571,0.887938320637
104573,0.970851540565
104576,0.77736890316
104577,0.969306051731
104578,0.473043590784
104579,0.651428282261
104583,0.977773666382
104584,0.761412739754
104585,0.895259737968
104590,0.627811729908
104591,0.92225587368
104593,0.910881757736
104594,0.899694740772
104595,0.888637840748
104596,0.643328666687
104598,0.948477387428
104600,0.61759352684
104604,0.874718844891
104605,0.416802346706
104609,0.721007883549
104611,0.936569333076
104612,0.875595510006
104613,0.874068975449
104614,0.752866029739
104615,0.984630763531
104618,0.903945624828
104620,0.946900963783
104622,0.912013590336
104623,0.728850245476
104625,0.909286618233
104627,0.850177526474
104628,0.905864417553
104630,0.689126551151
104632,0.821389019489
104636,0.893103897572
104638,0.974495232105
104644,0.631404936314
104646,0.725352466106
104647,0.655302286148
104649,0.818506360054
104652,0.691478431225
104654,0.937535881996
104655,0.818637669086
104659,0.934109508991
104661,0.85905122757
104664,0.734493911266
104666,0.795177638531
104667,0.947632730007
104670,0.854448854923
104671,0.799502849579
104672,0.860426425934
104674,0.558255195618
104676,0.844902634621
104677,0.904272317886
104678,0.933223724365
104679,0.578797399998
104681,0.927218914032
104684,0.779305934906
104686,0.876183688641
104689,0.955556213856
104692,0.73654794693
104694,0.847571730614
104695,0.989045500755
104697,0.895726561546
104700,0.911419332027
104702,0.595981419086
104703,0.842170715332
104704,0.950156509876
104705,0.636939585209
104708,0.92167109251
104710,0.958101272583
104714,0.86368137598
104715,0.85430508852
104718,0.568480312824
104719,0.414904296398
104721,0.782512664795
104723,0.456894427538
104724,0.303388357162
104726,0.976510167122
104728,0.967699766159
104731,0.941065192223
104732,0.865431010723
104734,0.937671720982
104735,0.0892821252346
104736,0.883981704712
104740,0.482217103243
104741,0.987372159958
104744,0.96907389164
104745,0.445342630148
104746,0.883716106415
104747,0.480362355709
104748,0.647787928581
104749,0.84463095665
104752,0.865410447121
104755,0.799226641655
104758,0.989047586918
104761,0.982519745827
104762,0.892876982689
104763,0.938813269138
104764,0.985129594803
104766,0.81514197588
104768,0.918769180775
104769,0.905564665794
104770,0.774517893791
104774,0.469224512577
104775,0.51446300745
104784,0.920339047909
104786,0.901899158955
104787,0.568730473518
104796,0.684933960438
104797,0.75302875042
104798,0.974194526672
104800,0.931574106216
104801,0.57696813345
104802,0.776178658009
104806,0.897957742214
104808,0.960369884968
104809,0.707166016102
104813,0.980271756649
104814,0.830759584904
104815,0.801181852818
104816,0.675644516945
104817,0.630072116852
104819,0.991632938385
104821,0.76734828949
104822,0.894105434418
104823,0.93086630106
104825,0.700701773167
104830,0.771350979805
104832,0.900571763515
104834,0.652381420135
104836,0.913919448853
104840,0.703020215034
104841,0.0973437950015
104843,0.758347392082
104844,0.645019352436
104846,0.775618612766
104855,0.814505040646
104856,0.803633987904
104858,0.643295586109
104863,0.844024896622
104864,0.652678787708
104868,0.917507708073
104869,0.928123056889
104871,0.757277488708
104878,0.892638266087
104879,0.563890218735
104880,0.557153224945
104881,0.354390889406
104884,0.948161303997
104885,0.760481953621
104887,0.955605506897
104895,0.878303766251
104896,0.937980294228
104897,0.386881291866
104898,0.9865847826
104900,0.617304563522
104902,0.732441365719
104906,0.977103769779
104907,0.955825328827
104913,0.759686112404
104914,0.973674297333
104916,0.952133357525
104920,0.917162060738
104921,0.980176925659
104922,0.966173052788
104923,0.85738825798
104924,0.547001004219
104925,0.977632284164
104926,0.708005845547
104927,0.959079146385
104929,0.453008174896
104931,0.537227988243
104934,0.725542902946
104937,0.707875609398
104940,0.752923488617
104943,0.730770409107
104944,0.448990315199
104947,0.581507444382
104948,0.558667480946
104949,0.764529824257
104951,0.989578008652
104953,0.79616612196
104955,0.757139205933
104958,0.938647866249
104959,0.951192200184
104962,0.72465133667
104963,0.790540158749
104966,0.599459826946
104967,0.938335955143
104968,0.727925181389
104969,0.947900414467
104971,0.88725477457
104972,0.597279965878
104974,0.985430240631
104975,0.855949342251
104977,0.718784630299
104978,0.815346837044
104979,0.98082613945
104983,0.94130975008
104987,0.927762031555
104988,0.410554617643
104989,0.149796947837
104994,0.863563835621
104997,0.917079806328
104998,0.843654036522
104999,0.960616230965
105000,0.846104443073
105002,0.921600818634
105003,0.960024893284
105004,0.747644841671
105006,0.955128073692
105009,0.721042871475
105010,0.508210003376
105011,0.981270074844
105013,0.980874121189
105015,0.942833781242
105016,0.801926314831
105017,0.808562338352
105019,0.724705755711
105021,0.967087268829
105022,0.914076209068
105023,0.776635825634
105027,0.79574996233
105028,0.50990909338
105032,0.886234939098
105033,0.880134522915
105034,0.896575450897
105036,0.644506931305
105038,0.565736532211
105039,0.769683778286
105040,0.694986760616
105041,0.859729111195
105044,0.911623120308
105055,0.936441659927
105056,0.978853702545
105057,0.994004547596
105060,0.790430366993
105061,0.817808449268
105062,0.913453221321
105064,0.902816414833
105066,0.949710309505
105067,0.984388232231
105069,0.270810604095
105070,0.944254219532
105076,0.770989358425
105077,0.87162643671
105078,0.821991622448
105079,0.828500628471
105081,0.97840321064
105086,0.973934173584
105088,0.608511865139
105089,0.982288122177
105090,0.813418507576
105092,0.917177557945
105095,0.922169268131
105099,0.815149486065
105100,0.35928863287
105103,0.963978111744
105107,0.633868992329
105108,0.799553155899
105109,0.764086127281
105118,0.850531458855
105120,0.667822480202
105121,0.892946004868
105124,0.463813960552
105127,0.749950647354
105128,0.601934432983
105131,0.739021062851
105132,0.94705748558
105133,0.974585592747
105136,0.991559326649
105137,0.837224304676
105138,0.697330772877
105143,0.941397726536
105144,0.892769694328
105147,0.980060100555
105148,0.825882732868
105149,0.971996426582
105151,0.722273468971
105155,0.715903878212
105156,0.691816568375
105157,0.989172816277
105158,0.455921202898
105160,0.878969430923
105161,0.846440732479
105162,0.848970711231
105164,0.915844261646
105167,0.710556566715
105169,0.575669050217
105170,0.836844027042
105172,0.929931998253
105174,0.931509494781
105176,0.817318320274
105177,0.867371559143
105179,0.923049449921
105180,0.922622978687
105181,0.756999015808
105183,0.941231191158
105184,0.961702108383
105187,0.903780698776
105189,0.794303774834
105192,0.803778886795
105194,0.38910612464
105196,0.888752698898
105197,0.735742032528
105200,0.856557786465
105201,0.436323583126
105202,0.781132936478
105203,0.780534982681
105206,0.929899334908
105210,0.968430042267
105211,0.682457745075
105212,0.969148159027
105213,0.848273694515
105214,0.884978413582
105215,0.69902831316
105216,0.937458455563
105218,0.985642373562
105219,0.845076322556
105221,0.914578258991
105223,0.80552482605
105224,0.815539181232
105225,0.806580662727
105226,0.939974009991
105229,0.627407968044
105231,0.757959067822
105232,0.983946800232
105235,0.943779885769
105236,0.744010150433
105237,0.785982906818
105238,0.619595825672
105241,0.755575120449
105244,0.965261280537
105246,0.530612111092
105248,0.592161953449
105249,0.939135074615
105250,0.56744158268
105254,0.594319999218
105255,0.705659985542
105258,0.952907562256
105259,0.611989796162
105262,0.931974053383
105263,0.58578389883
105264,0.960861802101
105267,0.948895037174
105268,0.77192479372
105269,0.873293280602
105270,0.847103357315
105274,0.513224065304
105276,0.676775038242
105277,0.84286659956
105279,0.853967249393
105281,0.856979489326
105282,0.967192530632
105284,0.613812208176
105288,0.825206756592
105289,0.580480694771
105291,0.819310963154
105293,0.255523592234
105295,0.655344367027
105297,0.35938462615
105301,0.60477232933
105302,0.880467116833
105304,0.812883138657
105310,0.828830122948
105311,0.921009302139
105315,0.833417773247
105316,0.186286792159
105318,0.888469457626
105320,0.99310874939
105321,0.844896554947
105322,0.756273329258
105327,0.804064869881
105328,0.683642029762
105330,0.763044834137
105332,0.966446638107
105333,0.642016112804
105336,0.809858500957
105339,0.426992833614
105342,0.674367725849
105343,0.669708549976
105345,0.931426525116
105346,0.783567011356
105348,0.691555321217
105349,0.979839205742
105351,0.564852654934
105354,0.788222193718
105359,0.737840414047
105360,0.956589818001
105361,0.831992268562
105365,0.595820903778
105368,0.854323804379
105369,0.845062971115
105370,0.91408097744
105373,0.874041974545
105377,0.792750477791
105381,0.985879838467
105382,0.9589214921
105384,0.0728726759553
105385,0.548152625561
105386,0.944418668747
105391,0.704547941685
105392,0.813693284988
105393,0.813736200333
105394,0.804439425468
105405,0.756197154522
105408,0.411419928074
105413,0.708590984344
105414,0.585714459419
105416,0.768173754215
105417,0.936717748642
105418,0.887357056141
105424,0.652039289474
105425,0.196139708161
105426,0.853093922138
105427,0.713743686676
105432,0.940993607044
105434,0.76031768322
105439,0.892641067505
105442,0.561414659023
105443,0.719918966293
105445,0.518215358257
105446,0.952595591545
105450,0.905374526978
105456,0.959584355354
105457,0.829765915871
105458,0.314136207104
105459,0.949914038181
105463,0.882580578327
105464,0.90053665638
105465,0.660989403725
105466,0.977868080139
105467,0.66029125452
105469,0.748444199562
105471,0.786897838116
105475,0.805369734764
105480,0.805916726589
105481,0.8264092803
105482,0.900919735432
105483,0.939645171165
105488,0.778932332993
105489,0.771020174026
105490,0.7232208848
105491,0.972295403481
105492,0.61496758461
105493,0.798256039619
105494,0.96342843771
105499,0.944652855396
105502,0.891231060028
105503,0.610568106174
105507,0.412500798702
105510,0.929220318794
105511,0.99049860239
105512,0.593867123127
105513,0.88353228569
105514,0.88241571188
105516,0.578326106071
105517,0.749520599842
105518,0.954134583473
105519,0.143320992589
105520,0.81560844183
105521,0.872410774231
105522,0.973075449467
105523,0.900637328625
105524,0.894759953022
105525,0.944820225239
105526,0.891844391823
105528,0.848282873631
105529,0.884474754333
105530,0.915664851665
105532,0.98782813549
105534,0.902757406235
105537,0.859475493431
105538,0.917989373207
105539,0.942629933357
105540,0.624342024326
105542,0.813518643379
105543,0.582096457481
105545,0.968488991261
105548,0.654091775417
105551,0.905277192593
105554,0.889953196049
105555,0.979115247726
105557,0.778518378735
105558,0.972795605659
105559,0.68490332365
105560,0.672352254391
105562,0.972806990147
105565,0.98628950119
105567,0.936498641968
105574,0.603208243847
105577,0.673403501511
105580,0.821882605553
105581,0.972235441208
105582,0.929789483547
105584,0.794960618019
105589,0.475721895695
105590,0.913554370403
105591,0.533137321472
105592,0.931624829769
105593,0.657443702221
105596,0.931566357613
105598,0.96147954464
105599,0.607175827026
105605,0.864927351475
105606,0.785605072975
105607,0.955583512783
105609,0.513882339001
105610,0.808591723442
105611,0.698346734047
105613,0.738706707954
105616,0.850342094898
105623,0.941694378853
105624,0.903255105019
105625,0.811967611313
105626,0.818721413612
105629,0.715436041355
105630,0.639540851116
105631,0.902897715569
105632,0.803371787071
105636,0.798262298107
105646,0.967551290989
105647,0.804021418095
105648,0.867251217365
105652,0.79772144556
105660,0.969693362713
105666,0.943429708481
105667,0.476431787014
105668,0.701788127422
105671,0.713415384293
105673,0.873296260834
105675,0.96357935667
105676,0.836592793465
105678,0.517380058765
105680,0.979750573635
105681,0.856788337231
105683,0.942227721214
105684,0.877295553684
105685,0.98323649168
105686,0.734820127487
105688,0.941885054111
105689,0.72736364603
105690,0.89234662056
105691,0.582632541656
105692,0.772452235222
105693,0.959114134312
105694,0.953216910362
105695,0.660739541054
105696,0.973530113697
105697,0.856202602386
105698,0.7580499053
105701,0.762842535973
105702,0.71992713213
105703,0.778568506241
105705,0.577316761017
105706,0.765413820744
105707,0.946429491043
105709,0.432335793972
105710,0.542330443859
105711,0.897816956043
105712,0.911901175976
105717,0.972527861595
105719,0.957291126251
105720,0.906055092812
105721,0.881845116615
105722,0.969088554382
105723,0.415345430374
105727,0.567057132721
105728,0.965653657913
105729,0.828190565109
105730,0.973832845688
105731,0.830553412437
105732,0.917360723019
105735,0.988094508648
105736,0.509159684181
105742,0.761384189129
105743,0.745648503304
105744,0.403014868498
105745,0.485643059015
105748,0.91840928793
105751,0.69652146101
105752,0.884085118771
105753,0.681417822838
105754,0.526744186878
105756,0.664831697941
105759,0.736134529114
105761,0.718740463257
105764,0.686481416225
105765,0.609896957874
105767,0.708361268044
105768,0.945167601109
105769,0.915577173233
105770,0.904228687286
105771,0.88848733902
105774,0.225683569908
105775,0.954650342464
105776,0.786875545979
105777,0.767605066299
105778,0.919142782688
105780,0.884844601154
105781,0.674453675747
105782,0.970952570438
105784,0.610462486744
105789,0.827925801277
105790,0.982920229435
105796,0.931408762932
105801,0.875873923302
105802,0.913391113281
105803,0.819534361362
105806,0.806443750858
105808,0.851560890675
105812,0.432982444763
105813,0.5906432271
105814,0.9615265131
105815,0.849954605103
105817,0.813504695892
105819,0.760951042175
105823,0.730657458305
105824,0.890764951706
105826,0.953080654144
105828,0.668688178062
105829,0.539825379848
105831,0.705279290676
105833,0.956919848919
105834,0.961898624897
105837,0.905126154423
105841,0.964660644531
105842,0.915828883648
105845,0.922939062119
105846,0.613023340702
105847,0.600826859474
105849,0.526778459549
105852,0.721806406975
105853,0.727898418903
105855,0.695178389549
105856,0.764629006386
105857,0.850841701031
105858,0.912231206894
105859,0.750821053982
105860,0.484752893448
105861,0.734101235867
105862,0.887678980827
105865,0.981095969677
105866,0.905862748623
105868,0.462799936533
105869,0.796649813652
105871,0.958580732346
105873,0.918291866779
105874,0.99153226614
105876,0.8820515275
105877,0.941330134869
105878,0.907588362694
105879,0.541161417961
105881,0.776627242565
105882,0.484688818455
105883,0.786761105061
105884,0.908342659473
105886,0.866929888725
105889,0.56673848629
105890,0.78020721674
105892,0.961427867413
105896,0.963676035404
105897,0.852298796177
105898,0.850069642067
105902,0.700417757034
105903,0.870695054531
105904,0.343115985394
105905,0.602767527103
105906,0.873253643513
105907,0.769008219242
105908,0.872575938702
105911,0.970776975155
105912,0.806268453598
105913,0.568189144135
105914,0.872276127338
105917,0.792275309563
105918,0.91872549057
105919,0.681782662868
105920,0.838370084763
105922,0.811240077019
105929,0.699174642563
105930,0.76826941967
105932,0.93044167757
105934,0.916644394398
105937,0.851506531239
105938,0.804276227951
105939,0.69290459156
105940,0.867437303066
105941,0.104918077588
105943,0.991121888161
105945,0.826481938362
105951,0.93435549736
105952,0.669710457325
105953,0.931702017784
105954,0.700621128082
105955,0.892960071564
105956,0.617024183273
105958,0.751278996468
105960,0.724971950054
105961,0.78412681818
105962,0.92301928997
105963,0.880532920361
105964,0.175483599305
105965,0.637129604816
105966,0.969312667847
105967,0.720552921295
105969,0.865454494953
105973,0.925410032272
105974,0.922398686409
105975,0.708639621735
105977,0.898836493492
105979,0.370022833347
105980,0.980687439442
105988,0.982586145401
105989,0.950617909431
105992,0.961827993393
105995,0.959349215031
105996,0.531774401665
105998,0.734353363514
106000,0.692041218281
106005,0.906784296036
106006,0.53706908226
106007,0.811409890652
106008,0.780657052994
106009,0.958443582058
106010,0.767651200294
106011,0.966291129589
106016,0.812883794308
106017,0.711658775806
106020,0.812346696854
106021,0.839078485966
106022,0.730900168419
106024,0.899880349636
106026,0.810325801373
106027,0.626680910587
106028,0.873544096947
106029,0.555394291878
106031,0.843034267426
106034,0.665727972984
106035,0.420284748077
106039,0.661284983158
106042,0.839984178543
106043,0.694985806942
106044,0.906230509281
106045,0.980984210968
106050,0.770547330379
106052,0.901153206825
106055,0.76051813364
106059,0.781266629696
106060,0.292177945375
106069,0.779656350613
106071,0.823629081249
106072,0.810402929783
106075,0.913958668709
106076,0.958419203758
106077,0.942096590996
106078,0.795504152775
106083,0.821088314056
106084,0.518593192101
106086,0.162666887045
106089,0.721708297729
106093,0.779508531094
106095,0.731269776821
106096,0.50355309248
106098,0.859376788139
106099,0.80558693409
106101,0.916844666004
106102,0.663864731789
106103,0.669870316982
106105,0.732575416565
106107,0.671732842922
106109,0.799100339413
106110,0.842884242535
106111,0.58206820488
106113,0.636941611767
106114,0.643517494202
106116,0.566321074963
106119,0.799322187901
106120,0.571770787239
106121,0.965610146523
106122,0.931292116642
106123,0.72858864069
106124,0.575530588627
106125,0.822593688965
106126,0.453287035227
106128,0.841303348541
106131,0.762281894684
106132,0.917177557945
106133,0.957765579224
106134,0.910357177258
106135,0.871350228786
106136,0.744225144386
106137,0.725614190102
106142,0.68924677372
106143,0.416749328375
106144,0.855754494667
106145,0.755303144455
106146,0.899561583996
106147,0.613505840302
106149,0.900480687618
106150,0.660093486309
106154,0.712967813015
106155,0.879308998585
106156,0.706217586994
106157,0.941191792488
106160,0.531443953514
106161,0.583669602871
106162,0.646547734737
106163,0.445334255695
106164,0.452259361744
106165,0.753895580769
106170,0.801291704178
106171,0.572225391865
106172,0.684322714806
106173,0.909142792225
106174,0.940010249615
106176,0.866608381271
106178,0.984103560448
106179,0.73890298605
106183,0.861083745956
106186,0.933850049973
106187,0.768082022667
106188,0.939250946045
106190,0.985473334789
106192,0.403186887503
106196,0.978753685951
106197,0.479594409466
106198,0.867020487785
106199,0.591541647911
106201,0.920799434185
106202,0.298697352409
106204,0.838247597218
106206,0.920396745205
106207,0.86164867878
106211,0.955633282661
106213,0.922593057156
106214,0.600232422352
106215,0.81736946106
106216,0.954558432102
106217,0.654580116272
106218,0.682303547859
106220,0.825200974941
106223,0.980072498322
106230,0.795989215374
106232,0.862919986248
106234,0.521383821964
106235,0.794435560703
106246,0.76873844862
106247,0.863359212875
106248,0.962843120098
106250,0.366353541613
106251,0.576554834843
106252,0.968668460846
106255,0.778040468693
106262,0.938966751099
106263,0.896004080772
106264,0.904618620872
106265,0.525378644466
106272,0.95286232233
106274,0.5175563097
106275,0.910117149353
106276,0.732845723629
106277,0.740734994411
106279,0.875729441643
106283,0.990256249905
106287,0.86919772625
106288,0.533778786659
106289,0.908864557743
106290,0.982699155807
106291,0.414238244295
106292,0.947074174881
106293,0.976478219032
106295,0.813248753548
106297,0.852813065052
106300,0.916602134705
106303,0.745929479599
106308,0.71409457922
106311,0.746234536171
106312,0.0660279542208
106314,0.750023245811
106316,0.717792153358
106317,0.315426975489
106324,0.981296598911
106325,0.534520864487
106327,0.432525098324
106328,0.890465378761
106331,0.396897017956
106332,0.924844026566
106333,0.772430300713
106334,0.865466475487
106335,0.748735249043
106336,0.938694953918
106337,0.987969398499
106339,0.666572570801
106340,0.575662255287
106342,0.859995186329
106343,0.976072132587
106344,0.845005750656
106347,0.88264220953
106348,0.854627370834
106349,0.924258291721
106350,0.909033536911
106351,0.950227677822
106353,0.738020658493
106355,0.793032288551
106359,0.96975672245
106360,0.938624918461
106362,0.449152141809
106364,0.872893452644
106366,0.178583934903
106368,0.795519411564
106369,0.91960555315
106370,0.719626247883
106371,0.835123300552
106372,0.893073499203
106375,0.891058743
106379,0.761969268322
106380,0.62840282917
106383,0.703980028629
106384,0.922569215298
106385,0.771866321564
106387,0.782793164253
106388,0.97382068634
106389,0.971674621105
106390,0.846198439598
106392,0.989959836006
106393,0.779199898243
106396,0.964727222919
106397,0.93452244997
106399,0.986369729042
106402,0.929329931736
106405,0.954005360603
106406,0.843208134174
106407,0.725488483906
106408,0.249686926603
106409,0.625412166119
106411,0.867134749889
106412,0.637701928616
106414,0.748917341232
106415,0.815585136414
106416,0.50207978487
106418,0.463291615248
106419,0.949701070786
106421,0.707157254219
106423,0.950001239777
106424,0.994420468807
106425,0.765065014362
106426,0.783910572529
106427,0.788096964359
106428,0.507321834564
106429,0.930952072144
106431,0.608631968498
106434,0.894516766071
106435,0.746694087982
106437,0.498942345381
106438,0.93312728405
106440,0.806993961334
106442,0.848007380962
106443,0.824841380119
106446,0.640654921532
106449,0.974954307079
106452,0.768001317978
106453,0.727454602718
106455,0.881993055344
106458,0.864198207855
106463,0.769104421139
106464,0.953440070152
106465,0.971454620361
106466,0.77828335762
106468,0.967491924763
106469,0.853275775909
106470,0.857766509056
106472,0.468039274216
106475,0.705179393291
106476,0.975724041462
106477,0.976146519184
106483,0.739073634148
106488,0.953752577305
106492,0.839961588383
106494,0.990235626698
106498,0.759203016758
106499,0.988283991814
106500,0.768776655197
106501,0.864461123943
106502,0.715953350067
106503,0.629266679287
106504,0.869147360325
106506,0.758964896202
106508,0.732686340809
106509,0.863529980183
106514,0.52804762125
106515,0.976426303387
106516,0.838106513023
106517,0.718598008156
106520,0.949898540974
106521,0.90232026577
106522,0.718629002571
106524,0.684352636337
106525,0.847312748432
106526,0.448695152998
106528,0.594511151314
106530,0.982088923454
106531,0.951472818851
106532,0.820519268513
106534,0.849632680416
106535,0.900078296661
106538,0.961559772491
106541,0.0901848971844
106547,0.972707808018
106548,0.898743629456
106550,0.945497393608
106551,0.987746953964
106552,0.466864645481
106553,0.893161654472
106554,0.619570314884
106555,0.864108026028
106557,0.91836977005
106558,0.913924217224
106559,0.961869060993
106561,0.642340242863
106563,0.94247508049
106564,0.504004955292
106565,0.682629883289
106566,0.735273063183
106567,0.83085411787
106568,0.973313570023
106569,0.838891327381
106570,0.385296523571
106571,0.858146727085
106572,0.984640955925
106575,0.960856199265
106576,0.921981990337
106577,0.950404882431
106578,0.579308092594
106580,0.584290266037
106583,0.698690593243
106584,0.778406381607
106588,0.772301018238
106594,0.727625310421
106600,0.799276530743
106601,0.926716387272
106602,0.967388868332
106604,0.804433166981
106605,0.843199491501
106606,0.926421046257
106607,0.958831071854
106608,0.542999267578
106609,0.906813800335
106610,0.48695114255
106611,0.764090418816
106617,0.890621125698
106618,0.804663538933
106619,0.41983678937
106620,0.985040843487
106622,0.990549147129
106623,0.377905935049
106624,0.731784522533
106626,0.695194423199
106627,0.925144374371
106628,0.799574792385
106635,0.959522247314
106636,0.815164685249
106637,0.935808420181
106638,0.700282633305
106641,0.858878970146
106643,0.80687469244
106644,0.965029001236
106645,0.957556545734
106647,0.908906400204
106651,0.647598147392
106653,0.795547962189
106656,0.86910533905
106661,0.52928429842
106664,0.738030135632
106665,0.732792317867
106668,0.818022966385
106669,0.541767299175
106672,0.901760458946
106674,0.948928833008
106675,0.980539560318
106680,0.936574578285
106681,0.924029946327
106683,0.550495564938
106686,0.911983847618
106687,0.882113397121
106689,0.992189645767
106691,0.978938698769
106693,0.513360440731
106694,0.96248871088
106695,0.413996011019
106698,0.867234885693
106699,0.827872872353
106700,0.750374853611
106702,0.750926017761
106704,0.795011222363
106705,0.677803516388
106707,0.643892884254
106708,0.781795024872
106709,0.864426136017
106711,0.461826831102
106714,0.631254374981
106715,0.802118122578
106722,0.831421732903
106724,0.448979824781
106725,0.66719776392
106726,0.9829454422
106728,0.685592472553
106730,0.969570457935
106731,0.977708637714
106734,0.644540965557
106735,0.981706321239
106738,0.990265667439
106741,0.967282891273
106743,0.79430603981
106744,0.937005341053
106747,0.758304834366
106748,0.38912987709
106749,0.800681173801
106750,0.674758195877
106752,0.941244184971
106753,0.461579114199
106756,0.848049759865
106757,0.281342297792
106764,0.817706346512
106765,0.487290710211
106766,0.851203858852
106768,0.89086163044
106771,0.808130025864
106772,0.9818328619
106773,0.654768228531
106777,0.542800068855
106778,0.19366273284
106780,0.982371091843
106782,0.590755999088
106784,0.558986783028
106785,0.925513803959
106786,0.899699568748
106787,0.908302605152
106789,0.945751309395
106790,0.84501850605
106791,0.958525538445
106792,0.92236405611
106794,0.807700395584
106795,0.959124147892
106799,0.934368789196
106800,0.893815457821
106801,0.952906250954
106802,0.537723124027
106804,0.888664007187
106806,0.649409353733
106808,0.476122051477
106809,0.903556406498
106812,0.74238550663
106813,0.923195660114
106815,0.437146902084
106816,0.580222249031
106825,0.982426404953
106826,0.788217663765
106828,0.911189675331
106829,0.943632185459
106830,0.653738617897
106833,0.49801415205
106835,0.988645195961
106846,0.980316340923
106847,0.590505123138
106851,0.721486330032
106852,0.867332220078
106854,0.647046089172
106855,0.407345056534
106856,0.741797208786
106859,0.501524448395
106862,0.63231420517
106864,0.554446876049
106865,0.98583906889
106867,0.663432240486
106871,0.952884078026
106872,0.8769775033
106874,0.859764397144
106876,0.722543120384
106883,0.843393266201
106885,0.767339587212
106888,0.940518558025
106890,0.856319069862
106892,0.810375630856
106898,0.401072889566
106900,0.551780343056
106901,0.884062111378
106903,0.964934289455
106905,0.750191271305
106907,0.769849121571
106910,0.955096542835
106911,0.950816273689
106912,0.58614975214
106913,0.612556040287
106917,0.710402905941
106920,0.783633887768
106922,0.760675370693
106925,0.56884264946
106926,0.541762113571
106927,0.319905072451
106929,0.995359957218
106932,0.76079416275
106933,0.296209603548
106935,0.809996128082
106936,0.943441033363
106937,0.752925932407
106938,0.966177284718
106939,0.716407120228
106942,0.794752061367
106946,0.926756203175
106947,0.949730634689
106948,0.737243711948
106949,0.6962916255
106950,0.853831171989
106952,0.724748253822
106953,0.135721817613
106954,0.75956851244
106957,0.92906165123
106960,0.637565433979
106961,0.751411497593
106962,0.662708580494
106964,0.851472556591
106965,0.951391816139
106967,0.546071887016
106969,0.984459161758
106970,0.540070950985
106973,0.595055699348
106974,0.860607504845
106976,0.890118658543
106979,0.93890529871
106982,0.837498426437
106983,0.415489405394
106984,0.855016767979
106986,0.53404968977
106988,0.982231199741
106989,0.751650691032
106995,0.663275301456
106997,0.847524940968
106998,0.879838943481
106999,0.823380589485
107000,0.984942436218
107001,0.892012059689
107002,0.927167057991
107007,0.721010506153
107009,0.767197132111
107010,0.804612874985
107011,0.833434164524
107014,0.855296254158
107015,0.579307198524
107017,0.411971449852
107022,0.949401736259
107023,0.895860433578
107028,0.675745904446
107031,0.922967731953
107034,0.848498702049
107044,0.806693851948
107045,0.745464384556
107048,0.627522289753
107049,0.784366130829
107052,0.98312908411
107053,0.745553135872
107055,0.827282071114
107056,0.826219379902
107057,0.583641767502
107058,0.948565125465
107059,0.781993150711
107060,0.829923510551
107061,0.881140589714
107063,0.816545128822
107064,0.919293045998
107066,0.921746730804
107068,0.935814976692
107069,0.947292566299
107074,0.801435351372
107077,0.936871647835
107078,0.71349966526
107079,0.848972082138
107087,0.811827361584
107091,0.921597719193
107092,0.948799550533
107095,0.972010016441
107096,0.890752732754
107098,0.600345134735
107103,0.432548195124
107105,0.895487844944
107106,0.799624145031
107107,0.757573664188
107108,0.977757394314
107114,0.621734559536
107115,0.71173530817
107117,0.993479967117
107119,0.93809646368
107120,0.955632090569
107121,0.963841974735
107123,0.681825220585
107133,0.954253196716
107136,0.929491102695
107138,0.980298817158
107139,0.858366072178
107140,0.749626338482
107142,0.732634365559
107144,0.851144015789
107147,0.969150841236
107148,0.745278477669
107150,0.362782686949
107153,0.971312463284
107155,0.821592986584
107156,0.724501907825
107159,0.948326826096
107160,0.729884922504
107161,0.92676192522
107162,0.729006111622
107168,0.691605508327
107173,0.783456802368
107178,0.905148923397
107182,0.684318184853
107183,0.92858505249
107184,0.8765822649
107185,0.625335097313
107186,0.7472666502
107187,0.795204162598
107193,0.313464313745
107195,0.91474634409
107199,0.927320420742
107200,0.0826263949275
107202,0.954723119736
107203,0.936546325684
107204,0.919329345226
107207,0.982422053814
107208,0.790267407894
107210,0.703961610794
107211,0.74090462923
107213,0.756267309189
107215,0.105426453054
107216,0.599373281002
107219,0.650024533272
107221,0.830841422081
107222,0.493450194597
107223,0.911051988602
107227,0.896773636341
107228,0.935062170029
107230,0.925650537014
107232,0.871887207031
107237,0.885639488697
107239,0.544789791107
107240,0.649690449238
107241,0.884034454823
107242,0.981732070446
107243,0.651346862316
107244,0.967780053616
107245,0.529951393604
107252,0.414278447628
107253,0.773330628872
107255,0.989068329334
107256,0.941277742386
107258,0.750566005707
107260,0.81954228878
107262,0.47907692194
107263,0.803058087826
107264,0.965891599655
107266,0.599843561649
107267,0.726778686047
107268,0.723601162434
107269,0.574778139591
107270,0.720749676228
107272,0.957887172699
107273,0.905443191528
107279,0.975409567356
107280,0.847067594528
107281,0.757256805897
107287,0.786967337132
107290,0.788897335529
107292,0.925881624222
107293,0.830773472786
107294,0.995838403702
107296,0.86961388588
107297,0.33595392108
107298,0.943066239357
107302,0.882007837296
107304,0.831514298916
107308,0.702259480953
107309,0.659897685051
107310,0.662904024124
107311,0.934844791889
107312,0.637463033199
107314,0.848101019859
107319,0.82606190443
107320,0.854090511799
107321,0.754142403603
107322,0.843174755573
107323,0.968535840511
107324,0.969467997551
107325,0.625673413277
107327,0.913362324238
107331,0.663012623787
107334,0.139798566699
107336,0.865346193314
107337,0.887067437172
107339,0.962019085884
107343,0.663421213627
107345,0.979394495487
107347,0.959267258644
107348,0.976541757584
107351,0.633331894875
107355,0.700151860714
107357,0.802847623825
107358,0.863662242889
107359,0.538476169109
107361,0.599584937096
107362,0.887393295765
107365,0.754674196243
107366,0.21791946888
107367,0.913781940937
107368,0.981687128544
107370,0.352099895477
107371,0.903974413872
107373,0.375689476728
107374,0.942933797836
107375,0.10867343843
107377,0.908580720425
107378,0.860379517078
107379,0.612313747406
107381,0.744924902916
107382,0.54640096426
107383,0.753294408321
107385,0.664784550667
107388,0.747723758221
107390,0.984107494354
107391,0.966271400452
107393,0.681080162525
107397,0.932379364967
107399,0.458369344473
107403,0.972225427628
107404,0.377126663923
107405,0.609973609447
107406,0.740681529045
107407,0.941356658936
107408,0.785717368126
107410,0.633418560028
107411,0.988646149635
107412,0.86878567934
107413,0.12200910598
107416,0.974421560764
107417,0.974610626698
107418,0.891206979752
107419,0.276661068201
107420,0.888688325882
107422,0.92104446888
107423,0.982917845249
107424,0.839128732681
107426,0.487064570189
107428,0.904535412788
107429,0.967101454735
107438,0.747672021389
107439,0.940115571022
107441,0.709414482117
107443,0.910193562508
107444,0.969988405704
107446,0.816110253334
107447,0.951474487782
107448,0.721281707287
107449,0.866623401642
107451,0.925976276398
107453,0.917309999466
107455,0.885256171227
107456,0.852191209793
107465,0.851201176643
107466,0.776923596859
107470,0.980154931545
107472,0.908194065094
107475,0.989535391331
107476,0.912312746048
107477,0.908324182034
107478,0.842117965221
107479,0.953693807125
107482,0.980576097965
107484,0.657357633114
107485,0.695404052734
107487,0.957545816898
107490,0.662597119808
107492,0.748452663422
107496,0.601754903793
107497,0.82934242487
107499,0.915914297104
107500,0.903442800045
107503,0.943407714367
107505,0.983734607697
107506,0.958042860031
107510,0.831225633621
107511,0.846780598164
107512,0.61496424675
107514,0.925669252872
107515,0.977638304234
107518,0.691417872906
107521,0.973608613014
107528,0.984058439732
107529,0.633097112179
107530,0.631953120232
107532,0.314272135496
107533,0.822968125343
107535,0.904406309128
107536,0.972779929638
107539,0.969225287437
107542,0.852799892426
107543,0.930267989635
107544,0.795566260815
107545,0.86822271347
107546,0.781099379063
107548,0.764748215675
107551,0.906109154224
107552,0.930190563202
107553,0.911857247353
107554,0.936193048954
107556,0.936729371548
107558,0.841774582863
107559,0.98079931736
107560,0.41997101903
107563,0.813353478909
107564,0.974777340889
107565,0.881583452225
107566,0.848342239857
107567,0.833761334419
107571,0.922234356403
107573,0.978062808514
107579,0.965073406696
107581,0.972513854504
107583,0.511628866196
107585,0.614536702633
107586,0.777731001377
107588,0.927684247494
107589,0.668335199356
107591,0.609006226063
107593,0.839239060879
107594,0.583164334297
107595,0.705586731434
107596,0.521841406822
107597,0.644780099392
107598,0.774550259113
107599,0.920643568039
107600,0.578078150749
107601,0.965252757072
107604,0.397478699684
107606,0.50735604763
107607,0.303067058325
107608,0.929663777351
107609,0.846165895462
107610,0.919161081314
107614,0.920043408871
107615,0.660825908184
107618,0.903209030628
107621,0.89180457592
107622,0.61553221941
107623,0.957077264786
107624,0.474272191525
107625,0.948724627495
107627,0.974903285503
107630,0.756506204605
107634,0.113722719252
107635,0.832046687603
107637,0.900405406952
107638,0.945726037025
107641,0.374448060989
107642,0.683126807213
107643,0.670383036137
107650,0.88288128376
107652,0.894631206989
107655,0.840649008751
107656,0.810959875584
107659,0.518074035645
107661,0.0974880233407
107663,0.879712104797
107667,0.550151228905
107670,0.649446368217
107671,0.513365387917
107672,0.532279372215
107675,0.651740193367
107679,0.74706941843
107681,0.530452311039
107682,0.733262479305
107685,0.957975149155
107686,0.8652125597
107687,0.764983594418
107690,0.913013398647
107691,0.949836373329
107699,0.706800282001
107703,0.84896594286
107704,0.751085042953
107705,0.872369408607
107706,0.758258640766
107708,0.733849942684
107711,0.880223631859
107712,0.822608292103
107713,0.975993454456
107716,0.972082912922
107717,0.717907130718
107718,0.567888200283
107720,0.533684432507
107722,0.721794307232
107723,0.517566740513
107724,0.844366431236
107726,0.432644307613
107730,0.643422424793
107731,0.892286241055
107732,0.885395348072
107733,0.896665036678
107734,0.545564413071
107737,0.890277326107
107740,0.951856970787
107741,0.654851853848
107742,0.991740107536
107743,0.976455152035
107744,0.755777716637
107746,0.751613557339
107749,0.615531384945
107751,0.7873660326
107753,0.984463870525
107754,0.738357484341
107755,0.790891468525
107756,0.643708944321
107757,0.464051246643
107759,0.897491812706
107763,0.843260407448
107764,0.678740084171
107765,0.844439089298
107766,0.938340961933
107767,0.935852050781
107771,0.604626297951
107773,0.904006183147
107775,0.958446681499
107778,0.339846611023
107779,0.94411444664
107782,0.681264102459
107783,0.946770608425
107785,0.417472541332
107789,0.317495375872
107792,0.958936214447
107793,0.563056468964
107797,0.134138569236
107798,0.442113757133
107800,0.790226757526
107803,0.986798107624
107807,0.897244989872
107811,0.984293162823
107812,0.188159197569
107815,0.734798967838
107817,0.957749724388
107819,0.740964949131
107826,0.633421242237
107834,0.813442051411
107839,0.800275564194
107840,0.813369691372
107843,0.870089888573
107844,0.982684791088
107845,0.89670842886
107846,0.405776828527
107848,0.857606291771
107850,0.674104869366
107852,0.865366518497
107854,0.617832362652
107855,0.568354427814
107858,0.744736909866
107859,0.953065693378
107860,0.826408207417
107862,0.697336614132
107863,0.963404536247
107865,0.335659623146
107868,0.897556483746
107869,0.7522970438
107874,0.946978807449
107876,0.286485105753
107877,0.721963465214
107879,0.505755186081
107881,0.888768911362
107882,0.777568936348
107885,0.943782389164
107887,0.501901686192
107889,0.413902759552
107890,0.750403225422
107895,0.862443029881
107898,0.671272218227
107900,0.950133919716
107902,0.580508053303
107903,0.556509792805
107904,0.715921223164
107905,0.891468286514
107906,0.960967898369
107911,0.770835280418
107917,0.672804534435
107920,0.946477353573
107921,0.973252475262
107923,0.902532398701
107924,0.771801292896
107926,0.721315562725
107927,0.433787643909
107928,0.96750074625
107929,0.727489054203
107933,0.0887908488512
107935,0.987751126289
107940,0.69164454937
107946,0.748312056065
107947,0.975595057011
107948,0.894110560417
107956,0.883028030396
107958,0.931123375893
107962,0.379316687584
107963,0.889641940594
107965,0.882973074913
107966,0.15722669661
107967,0.885350584984
107968,0.837047934532
107969,0.990464687347
107970,0.577801346779
107972,0.85434949398
107975,0.710020840168
107976,0.492163270712
107978,0.817345798016
107980,0.700075566769
107983,0.830386400223
107985,0.899720132351
107990,0.843231499195
107993,0.601482391357
107994,0.668391466141
107995,0.760688126087
107997,0.923806250095
107998,0.944587945938
107999,0.120303578675
108001,0.977810025215
108002,0.892874121666
108003,0.830678105354
108005,0.21887229383
108007,0.437126129866
108009,0.824344336987
108012,0.468404620886
108013,0.96163547039
108014,0.941197514534
108015,0.968060612679
108016,0.908122777939
108017,0.976272881031
108020,0.991155743599
108021,0.923853456974
108022,0.964197039604
108023,0.745627820492
108024,0.702241539955
108029,0.89378964901
108030,0.429534673691
108032,0.836084246635
108033,0.109094142914
108035,0.969779253006
108038,0.900392472744
108040,0.912680089474
108042,0.873961150646
108043,0.523079037666
108045,0.822689831257
108046,0.900210618973
108047,0.964356899261
108049,0.542071521282
108050,0.610565841198
108051,0.666257143021
108052,0.83521348238
108056,0.73776704073
108060,0.856060504913
108062,0.710343956947
108064,0.771653413773
108065,0.477743715048
108066,0.708363771439
108070,0.385485559702
108074,0.957620501518
108075,0.568019330502
108076,0.975081086159
108077,0.97375112772
108079,0.792941629887
108081,0.977723538876
108083,0.983614444733
108084,0.868741035461
108085,0.602219045162
108086,0.937262773514
108090,0.847057163715
108091,0.980057835579
108094,0.980749249458
108096,0.969529628754
108097,0.655072689056
108102,0.909061312675
108104,0.583719611168
108107,0.988844692707
108108,0.640089631081
108109,0.909698963165
108111,0.973899662495
108112,0.814841449261
108113,0.700759470463
108114,0.97032725811
108115,0.837619841099
108118,0.63365650177
108121,0.983014464378
108122,0.602921426296
108124,0.635629832745
108125,0.740030348301
108126,0.921607613564
108133,0.663633108139
108134,0.831694602966
108136,0.862418889999
108137,0.909301400185
108138,0.943501830101
108139,0.952503204346
108140,0.717071294785
108141,0.87550842762
108142,0.656775891781
108145,0.748867988586
108147,0.886262536049
108149,0.508947789669
108151,0.828857183456
108152,0.810032010078
108155,0.552811086178
108156,0.807631075382
108157,0.849020242691
108159,0.920827746391
108165,0.957889378071
108166,0.657103180885
108167,0.762345135212
108168,0.223926112056
108170,0.448930293322
108177,0.881979107857
108178,0.943434715271
108179,0.8735486269
108180,0.93629860878
108182,0.694054782391
108183,0.862168073654
108185,0.0923430100083
108186,0.832761824131
108187,0.783209383488
108188,0.7987434268
108190,0.887335240841
108191,0.721956849098
108194,0.53001499176
108196,0.900745332241
108197,0.927278459072
108200,0.546306073666
108201,0.903788328171
108202,0.961757540703
108203,0.965197622776
108209,0.850121855736
108214,0.762587368488
108215,0.770031154156
108219,0.929802656174
108220,0.586959660053
108224,0.828023135662
108226,0.950610399246
108231,0.9026466012
108232,0.593524813652
108233,0.834928274155
108236,0.984692811966
108237,0.871918261051
108239,0.971166491508
108242,0.985841572285
108244,0.94030559063
108246,0.761555850506
108247,0.987833499908
108248,0.751247644424
108249,0.884117841721
108250,0.621205449104
108251,0.957417547703
108252,0.488000303507
108256,0.692312896252
108258,0.755517244339
108262,0.478145509958
108264,0.639317214489
108265,0.953508377075
108268,0.946123361588
108269,0.7328966856
108272,0.912867844105
108273,0.873542010784
108274,0.846504151821
108275,0.856110751629
108277,0.9673589468
108278,0.64603292942
108281,0.987695336342
108284,0.583904922009
108288,0.920528411865
108289,0.737380683422
108290,0.932503163815
108291,0.923095881939
108299,0.76193434
108301,0.963841915131
108302,0.784499287605
108303,0.484598875046
108304,0.950484156609
108308,0.980913937092
108311,0.624013364315
108313,0.894812524319
108315,0.70576775074
108321,0.857497572899
108323,0.736999809742
108324,0.516461312771
108331,0.735072910786
108332,0.945929288864
108333,0.848572552204
108335,0.635382890701
108336,0.275236696005
108337,0.653812885284
108338,0.954839646816
108340,0.984976530075
108341,0.482382923365
108347,0.668562889099
108349,0.848004519939
108350,0.953427314758
108352,0.893115699291
108353,0.743045508862
108354,0.76769810915
108355,0.92391961813
108358,0.9080747962
108360,0.774375319481
108362,0.857165634632
108363,0.66603410244
108364,0.882413208485
108365,0.74710470438
108366,0.277812808752
108372,0.923779428005
108373,0.961732506752
108374,0.857004463673
108375,0.791280567646
108376,0.951404869556
108378,0.867470502853
108379,0.731600344181
108380,0.922952771187
108382,0.978069782257
108384,0.889256954193
108385,0.921305060387
108386,0.789668321609
108387,0.972207307816
108390,0.722867250443
108392,0.972582757473
108394,0.646749794483
108395,0.553885936737
108396,0.901701629162
108402,0.993450880051
108405,0.959781348705
108406,0.718810081482
108414,0.707089781761
108415,0.570562958717
108418,0.571001172066
108422,0.784744203091
108423,0.946709573269
108424,0.92461669445
108425,0.38635763526
108427,0.666381895542
108430,0.905283212662
108433,0.955696821213
108434,0.893171787262
108435,0.986706912518
108439,0.585923910141
108441,0.872200787067
108444,0.871482312679
108445,0.861215293407
108446,0.968019902706
108447,0.893415629864
108451,0.898487508297
108452,0.837262570858
108453,0.672884821892
108454,0.902273654938
108455,0.808442950249
108458,0.876017510891
108460,0.854001581669
108461,0.742917239666
108462,0.787284255028
108464,0.681324064732
108467,0.572555243969
108470,0.979176163673
108471,0.986426234245
108474,0.932166159153
108476,0.812445521355
108477,0.714283227921
108481,0.784395813942
108482,0.743756592274
108485,0.507990598679
108486,0.846442461014
108487,0.6464433074
108488,0.476257324219
108490,0.988061189651
108492,0.320891499519
108501,0.737383067608
108502,0.905424237251
108505,0.862800300121
108506,0.766732215881
108507,0.987743258476
108508,0.403088629246
108512,0.844886779785
108513,0.967563152313
108516,0.782486319542
108519,0.717400968075
108520,0.604090034962
108522,0.74734389782
108523,0.938720703125
108524,0.816426217556
108527,0.815254628658
108528,0.936484098434
108529,0.454435765743
108531,0.842629134655
108538,0.863701164722
108540,0.97737121582
108541,0.694159448147
108542,0.933737158775
108544,0.987682640553
108546,0.798725008965
108548,0.610608696938
108550,0.887944817543
108555,0.976718485355
108558,0.956397473812
108559,0.782517850399
108561,0.740965485573
108563,0.941385626793
108576,0.340250223875
108577,0.856918632984
108578,0.981296956539
108581,0.862694084644
108583,0.870787978172
108584,0.527285397053
108585,0.805329859257
108587,0.683342397213
108590,0.710764527321
108591,0.955178439617
108592,0.873108327389
108597,0.694085180759
108599,0.985516250134
108600,0.66339725256
108603,0.903218150139
108605,0.908985197544
108609,0.773538410664
108611,0.68571293354
108612,0.915260195732
108614,0.903451323509
108616,0.821756660938
108617,0.808396935463
108619,0.979901075363
108621,0.33654654026
108622,0.862250447273
108626,0.314747005701
108628,0.642490506172
108629,0.766013264656
108630,0.901071310043
108632,0.6813595891
108634,0.614046633244
108639,0.926887691021
108640,0.70983093977
108643,0.943050742149
108645,0.553254008293
108646,0.762522339821
108647,0.61808848381
108649,0.849368393421
108654,0.988910794258
108655,0.839713931084
108658,0.813289225101
108660,0.979543209076
108661,0.908481359482
108662,0.677546024323
108664,0.45912617445
108665,0.915546298027
108667,0.571172714233
108670,0.928827881813
108673,0.833253502846
108674,0.727544307709
108675,0.498260259628
108677,0.749888420105
108678,0.970845282078
108679,0.546635150909
108682,0.644960999489
108683,0.803684651852
108685,0.908291697502
108689,0.549345850945
108691,0.630805850029
108692,0.472135871649
108696,0.989192903042
108699,0.960171580315
108700,0.552816569805
108701,0.383742362261
108704,0.744355976582
108705,0.653675079346
108706,0.693890750408
108709,0.757787406445
108711,0.266938120127
108712,0.984384059906
108713,0.901294827461
108715,0.722748398781
108717,0.438115119934
108719,0.943726241589
108722,0.983126699924
108724,0.977046906948
108726,0.75050753355
108727,0.708479762077
108733,0.651136338711
108734,0.669717252254
108735,0.699801921844
108740,0.4613468647
108745,0.645936310291
108747,0.852476656437
108749,0.716927528381
108750,0.984480202198
108752,0.876968860626
108753,0.98365098238
108754,0.386993259192
108755,0.846818864346
108758,0.342045366764
108760,0.853456258774
108763,0.778201758862
108765,0.324704825878
108766,0.942117214203
108767,0.835851967335
108768,0.933191299438
108769,0.837294995785
108770,0.709796965122
108771,0.938317716122
108772,0.837508559227
108774,0.630012154579
108776,0.74500054121
108778,0.915917277336
108782,0.956035673618
108783,0.991012752056
108784,0.97226947546
108786,0.348773151636
108787,0.746543943882
108791,0.601897001266
108792,0.982983231544
108794,0.947320759296
108796,0.965145766735
108798,0.856135725975
108799,0.625530481339
108800,0.789152801037
108801,0.919447600842
108802,0.975401163101
108803,0.915583789349
108804,0.679237663746
108806,0.873680651188
108807,0.792410194874
108810,0.512979507446
108811,0.815092623234
108814,0.710312724113
108815,0.918403446674
108816,0.874211013317
108820,0.915411651134
108823,0.431534290314
108824,0.96699732542
108825,0.99173271656
108827,0.801674127579
108830,0.830152988434
108832,0.846846044064
108833,0.512353241444
108834,0.729188978672
108835,0.846664190292
108837,0.88915348053
108838,0.71873575449
108843,0.925074279308
108844,0.963722288609
108847,0.880954563618
108850,0.683510839939
108851,0.970246315002
108853,0.477528840303
108854,0.831582784653
108855,0.74960654974
108856,0.968097984791
108857,0.45011395216
108858,0.865724563599
108859,0.929155707359
108860,0.82226395607
108862,0.983948290348
108863,0.893550157547
108864,0.855238616467
108865,0.917906284332
108866,0.12630648911
108868,0.57255256176
108877,0.899143815041
108878,0.983643710613
108882,0.730331003666
108884,0.596990704536
108885,0.832664549351
108887,0.591833233833
108888,0.400471746922
108890,0.409115761518
108891,0.566637098789
108892,0.964807987213
108893,0.905689477921
108895,0.987312376499
108899,0.902739644051
108903,0.397364884615
108904,0.732313334942
108905,0.972130477428
108907,0.413183301687
108908,0.89510756731
108909,0.912574529648
108910,0.899771332741
108912,0.775398313999
108913,0.96165907383
108915,0.433618754148
108917,0.984790980816
108920,0.986853718758
108921,0.831593930721
108922,0.883141636848
108923,0.96551835537
108924,0.872480511665
108925,0.457163184881
108926,0.261603653431
108927,0.795947670937
108928,0.392640978098
108929,0.29758515954
108931,0.977875709534
108932,0.727620303631
108936,0.523917257786
108937,0.424534499645
108939,0.867331683636
108940,0.601328134537
108942,0.936923921108
108943,0.656484305859
108944,0.700173020363
108948,0.59769564867
108949,0.887378394604
108950,0.679329991341
108951,0.557782053947
108956,0.479960143566
108957,0.564758956432
108960,0.958863854408
108961,0.820117533207
108962,0.916053295135
108963,0.779428720474
108964,0.697627842426
108968,0.983127713203
108969,0.504971444607
108970,0.923058629036
108971,0.849128365517
108972,0.769176125526
108973,0.894122958183
108974,0.844339311123
108975,0.718677043915
108980,0.830643057823
108982,0.838788986206
108991,0.824150800705
108995,0.570757031441
108996,0.781575798988
108997,0.925038099289
108999,0.986846506596
109000,0.92021548748
109004,0.657775342464
109006,0.475941032171
109007,0.895974159241
109012,0.952473461628
109014,0.575926959515
109017,0.927963197231
109018,0.952237665653
109020,0.934021651745
109021,0.923773288727
109023,0.744912087917
109024,0.737767279148
109025,0.16848666966
109026,0.926303267479
109028,0.909743487835
109029,0.460818737745
109030,0.911810278893
109032,0.932333767414
109038,0.983255386353
109040,0.582180082798
109042,0.918723523617
109044,0.808362424374
109045,0.913749694824
109046,0.6755900383
109047,0.600618302822
109053,0.795483350754
109056,0.899817764759
109058,0.256635785103
109061,0.871899306774
109063,0.560909450054
109064,0.96073615551
109065,0.937185108662
109066,0.310792446136
109067,0.887651562691
109069,0.965656399727
109070,0.799151062965
109071,0.967010617256
109074,0.831697583199
109075,0.809351980686
109076,0.623787939548
109077,0.801886081696
109082,0.964126348495
109083,0.553337037563
109086,0.7596539855
109091,0.903984069824
109092,0.986720442772
109095,0.922453939915
109099,0.316471368074
109102,0.977272152901
109103,0.629878342152
109104,0.615805029869
109108,0.981584370136
109109,0.906078398228
109110,0.771438419819
109112,0.692712366581
109113,0.568288862705
109114,0.33611753583
109117,0.716541111469
109118,0.773467123508
109124,0.955001354218
109127,0.962574005127
109135,0.891528069973
109136,0.710641920567
109137,0.963573753834
109138,0.503334522247
109139,0.45604005456
109140,0.894408106804
109141,0.653900563717
109142,0.788128852844
109143,0.966109156609
109144,0.88321441412
109145,0.99201798439
109146,0.673641622066
109148,0.902152776718
109149,0.521662771702
109153,0.994694173336
109154,0.818630874157
109157,0.887880861759
109160,0.805645704269
109161,0.901505589485
109163,0.73069113493
109165,0.776551246643
109166,0.798439919949
109168,0.937020659447
109169,0.880119204521
109174,0.947439968586
109175,0.796439349651
109176,0.964159488678
109177,0.369666904211
109179,0.767275512218
109180,0.980629086494
109181,0.767945289612
109182,0.535327374935
109183,0.943089425564
109184,0.495627820492
109186,0.518609106541
109187,0.501766383648
109189,0.553580999374
109191,0.976768493652
109197,0.842418015003
109201,0.429995387793
109202,0.982371091843
109205,0.945723354816
109206,0.977810740471
109208,0.958027124405
109209,0.684727311134
109212,0.811500251293
109214,0.922700881958
109215,0.958708226681
109219,0.931526124477
109222,0.782558739185
109223,0.699449062347
109224,0.971315264702
109228,0.648665606976
109229,0.682322859764
109231,0.949774205685
109232,0.631302714348
109234,0.846376717091
109238,0.969174802303
109241,0.439160645008
109242,0.76956987381
109244,0.898822128773
109246,0.825876772404
109248,0.982364058495
109249,0.91890835762
109250,0.693530082703
109253,0.905167281628
109256,0.550668179989
109260,0.749112427235
109263,0.88012945652
109264,0.938242316246
109265,0.903560161591
109267,0.930523395538
109268,0.718029439449
109271,0.8786059618
109272,0.748565793037
109274,0.524784147739
109275,0.852088451385
109278,0.623940289021
109280,0.814076006413
109281,0.428449183702
109282,0.71695625782
109283,0.615057229996
109284,0.401888757944
109286,0.369321674109
109287,0.920730829239
109288,0.926501214504
109289,0.835044384003
109290,0.25757625699
109291,0.570706605911
109295,0.889145731926
109301,0.826349318027
109303,0.360399067402
109304,0.971335291862
109306,0.729197502136
109307,0.830873370171
109310,0.864562511444
109311,0.798653841019
109312,0.453743427992
109313,0.473261654377
109314,0.939399898052
109317,0.729217588902
109318,0.972286403179
109319,0.708459496498
109320,0.720325708389
109321,0.536747574806
109324,0.471372961998
109325,0.840247869492
109333,0.780420958996
109334,0.346195310354
109335,0.816473722458
109337,0.852314651012
109340,0.771643102169
109344,0.735538125038
109346,0.891876220703
109347,0.887637734413
109348,0.969358325005
109349,0.532999277115
109350,0.945921838284
109351,0.63820463419
109353,0.724045336246
109355,0.873370289803
109358,0.599437832832
109361,0.649466633797
109363,0.767082571983
109366,0.923173189163
109371,0.863306164742
109373,0.973662436008
109374,0.325984865427
109376,0.695505023003
109377,0.689568400383
109380,0.875506997108
109385,0.88093239069
109386,0.12147141248
109389,0.70080935955
109392,0.748226344585
109395,0.920777201653
109398,0.178308531642
109399,0.257384538651
109400,0.598200201988
109401,0.810035586357
109402,0.935336053371
109403,0.340683847666
109405,0.834241211414
109407,0.574848294258
109408,0.723709404469
109409,0.954629600048
109410,0.68398296833
109411,0.920893311501
109412,0.686013638973
109413,0.952847778797
109418,0.714563012123
109419,0.336550861597
109420,0.880432546139
109423,0.487047672272
109424,0.981951236725
109426,0.973222434521
109427,0.859855890274
109428,0.776436328888
109432,0.957615435123
109434,0.659031927586
109440,0.623586058617
109441,0.203478977084
109450,0.739211678505
109451,0.714985072613
109453,0.985891401768
109454,0.718243837357
109457,0.924292087555
109459,0.758874118328
109461,0.940141379833
109464,0.860648572445
109465,0.965658426285
109467,0.669280052185
109468,0.937874257565
109474,0.930156707764
109477,0.906013846397
109478,0.903955340385
109479,0.825448393822
109480,0.746218502522
109482,0.62810844183
109484,0.801310956478
109487,0.134899020195
109489,0.837502539158
109490,0.627250671387
109491,0.388285130262
109493,0.666867733002
109494,0.968451619148
109495,0.806008279324
109496,0.791202127934
109498,0.578845143318
109501,0.759093880653
109502,0.660045325756
109503,0.959324419498
109504,0.943720936775
109507,0.801087081432
109514,0.802727162838
109516,0.612838149071
109517,0.941058635712
109520,0.853902637959
109521,0.667314231396
109525,0.841796815395
109527,0.888502717018
109530,0.961003780365
109532,0.86216032505
109534,0.91174018383
109535,0.749557852745
109540,0.846951246262
109545,0.951479554176
109546,0.716550588608
109547,0.610387921333
109548,0.949559509754
109553,0.781815767288
109555,0.535127520561
109556,0.610471189022
109560,0.819221496582
109562,0.903925061226
109564,0.879455864429
109565,0.949165701866
109567,0.845701992512
109569,0.690498292446
109570,0.787838459015
109572,0.772620081902
109575,0.83619260788
109576,0.694674551487
109581,0.785990178585
109582,0.578732609749
109584,0.859121441841
109586,0.30479747057
109587,0.756124615669
109588,0.940360069275
109592,0.774153351784
109595,0.918760538101
109597,0.574082553387
109599,0.859804809093
109601,0.817894339561
109602,0.576533377171
109605,0.838673770428
109606,0.599038660526
109613,0.97397261858
109614,0.917498290539
109616,0.717242956161
109617,0.788666665554
109625,0.593117535114
109632,0.899518966675
109636,0.980223894119
109644,0.565904557705
109645,0.87825858593
109647,0.982200503349
109649,0.623078286648
109650,0.582601845264
109653,0.99261122942
109657,0.90106600523
109658,0.797589600086
109659,0.94528067112
109660,0.753629803658
109662,0.772645711899
109663,0.807061195374
109664,0.848934054375
109665,0.924086034298
109666,0.858749091625
109668,0.977695763111
109669,0.170961007476
109672,0.950081110001
109674,0.115621104836
109677,0.816866576672
109678,0.611633121967
109679,0.890063285828
109681,0.816911220551
109682,0.883588194847
109683,0.734899699688
109685,0.6687951684
109687,0.943540811539
109688,0.762749135494
109689,0.931521654129
109691,0.578144311905
109693,0.685249388218
109694,0.883390545845
109697,0.939435422421
109698,0.834307312965
109699,0.983704388142
109700,0.606159746647
109701,0.945460021496
109704,0.739505112171
109706,0.975591182709
109713,0.814304769039
109714,0.592444837093
109715,0.830385327339
109716,0.788469493389
109717,0.796023309231
109718,0.768417358398
109719,0.94563305378
109720,0.934579908848
109723,0.814845204353
109725,0.649350583553
109727,0.964288592339
109729,0.740619003773
109735,0.624798238277
109736,0.311113715172
109737,0.500873565674
109739,0.765191197395
109740,0.898760080338
109741,0.982442140579
109744,0.36893415451
109747,0.774532973766
109749,0.713834881783
109750,0.762421488762
109752,0.756353497505
109754,0.993044674397
109755,0.818939268589
109759,0.645331025124
109760,0.81134313345
109764,0.707936763763
109765,0.938907623291
109766,0.836556077003
109773,0.722724616528
109774,0.680509150028
109778,0.711874723434
109779,0.540947139263
109780,0.883013486862
109781,0.598883092403
109782,0.895098030567
109784,0.447339504957
109786,0.718399882317
109788,0.479239940643
109794,0.485273689032
109796,0.192859202623
109799,0.775733172894
109803,0.983794689178
109804,0.780037999153
109805,0.746080815792
109806,0.770628988743
109807,0.831795692444
109810,0.981791138649
109816,0.848690271378
109818,0.922811865807
109819,0.70614284277
109820,0.977940320969
109822,0.737049937248
109824,0.561006188393
109825,0.665951132774
109827,0.86711037159
109829,0.692528426647
109830,0.789643883705
109831,0.604031920433
109834,0.941516697407
109836,0.753153264523
109837,0.880707621574
109842,0.759162902832
109843,0.984915852547
109845,0.75780493021
109846,0.968420982361
109848,0.722549855709
109849,0.982804954052
109853,0.616114318371
109854,0.982540905476
109856,0.347792357206
109857,0.572556912899
109859,0.68222039938
109862,0.869566500187
109864,0.645963668823
109870,0.799400627613
109871,0.942413985729
109872,0.913983881474
109873,0.954740107059
109877,0.928514838219
109879,0.983524680138
109881,0.827372670174
109884,0.979866206646
109885,0.923338115215
109894,0.921525597572
109895,0.818821191788
109901,0.926628232002
109905,0.611805379391
109907,0.80357581377
109910,0.230166107416
109911,0.51517868042
109912,0.798428058624
109913,0.858495771885
109914,0.895548582077
109915,0.735729694366
109916,0.656264066696
109917,0.935515761375
109921,0.948811650276
109922,0.969938457012
109923,0.896625518799
109924,0.551195383072
109925,0.773705482483
109927,0.682825684547
109928,0.920532763004
109931,0.827988147736
109933,0.606393158436
109934,0.142950758338
109935,0.725565135479
109942,0.754402637482
109943,0.821530342102
109944,0.911755084991
109948,0.64319807291
109952,0.851014375687
109953,0.714019954205
109954,0.907922387123
109955,0.772235155106
109960,0.684031844139
109961,0.953833937645
109962,0.765399098396
109964,0.913226187229
109967,0.912802278996
109968,0.628242909908
109969,0.974815011024
109971,0.906332731247
109972,0.785892963409
109973,0.728111326694
109976,0.831606864929
109979,0.846592724323
109980,0.963450908661
109981,0.848611235619
109985,0.537023484707
109988,0.273425489664
109989,0.839523017406
109990,0.72459256649
109992,0.819064736366
109994,0.779458701611
109996,0.744454503059
110000,0.881088674068
110001,0.875255703926
110003,0.947367846966
110005,0.94833701849
110007,0.939000487328
110008,0.737816929817
110009,0.95900952816
110010,0.479398608208
110014,0.537445306778
110015,0.862087845802
110016,0.325751841068
110017,0.91855096817
110018,0.779077231884
110020,0.891243994236
110025,0.365367084742
110027,0.783043920994
110030,0.946437418461
110031,0.823290169239
110032,0.956942975521
110033,0.51856648922
110037,0.75188845396
110041,0.551799178123
110042,0.969247102737
110044,0.930114209652
110046,0.937040746212
110047,0.539884269238
110048,0.573792040348
110049,0.959584593773
110051,0.435489296913
110053,0.433989793062
110054,0.877496540546
110055,0.811523795128
110057,0.696557104588
110059,0.589510798454
110061,0.77176117897
110065,0.780694067478
110068,0.935969591141
110069,0.631789922714
110070,0.894477903843
110072,0.94544583559
110073,0.767877161503
110074,0.334355324507
110077,0.96907299757
110079,0.816338062286
110080,0.929513275623
110083,0.505334317684
110084,0.988449037075
110088,0.920046329498
110089,0.98288166523
110094,0.762973964214
110098,0.950951635838
110099,0.953327834606
110101,0.984479606152
110102,0.949562072754
110103,0.816318273544
110104,0.810237288475
110109,0.885585606098
110110,0.988085865974
110112,0.625003635883
110114,0.76642626524
110115,0.848107635975
110116,0.667415261269
110118,0.42183727026
110119,0.904976069927
110124,0.882461369038
110125,0.0803884863853
110128,0.904833495617
110130,0.980513215065
110131,0.760436475277
110133,0.796503484249
110135,0.987369000912
110138,0.73113232851
110142,0.961240589619
110144,0.825877726078
110145,0.859864830971
110147,0.926820933819
110150,0.763645648956
110153,0.951080620289
110155,0.687383711338
110157,0.71527582407
110160,0.967273712158
110161,0.846636474133
110163,0.559255421162
110165,0.844205319881
110166,0.72064268589
110167,0.987106859684
110168,0.82413393259
110169,0.350988358259
110170,0.729546129704
110175,0.713169932365
110176,0.874246358871
110177,0.97216629982
110178,0.879302740097
110181,0.88907033205
110183,0.760670423508
110184,0.874492824078
110187,0.612571597099
110188,0.933500051498
110189,0.975924432278
110190,0.693805456161
110191,0.759667634964
110194,0.879627227783
110195,0.982575178146
110196,0.859447836876
110197,0.566268384457
110199,0.709229886532
110200,0.754347681999
110201,0.565937101841
110202,0.837701559067
110203,0.470096826553
110204,0.31314522028
110209,0.465502381325
110211,0.831008672714
110212,0.96437817812
110214,0.924727499485
110215,0.960411787033
110217,0.617075383663
110225,0.800381481647
110226,0.946112692356
110228,0.89901381731
110230,0.964679181576
110231,0.907340288162
110233,0.522706508636
110234,0.757427096367
110235,0.852486670017
110236,0.73898255825
110238,0.917028009892
110244,0.872013688087
110245,0.939831793308
110247,0.991187691689
110249,0.876711666584
110250,0.983013749123
110252,0.816939294338
110253,0.519648373127
110256,0.456747889519
110262,0.883146822453
110263,0.607846975327
110264,0.58099514246
110265,0.969642937183
110266,0.933154463768
110269,0.590467631817
110272,0.829775154591
110273,0.952731788158
110274,0.740517616272
110275,0.985701203346
110276,0.925461292267
110277,0.769604563713
110278,0.490867584944
110279,0.681685805321
110281,0.781780838966
110286,0.66235858202
110287,0.829294621944
110288,0.738678276539
110290,0.592066168785
110291,0.328590780497
110292,0.649104714394
110293,0.847083926201
110296,0.821007907391
110297,0.893317639828
110298,0.943362116814
110299,0.967390179634
110301,0.974386572838
110302,0.781122326851
110305,0.797900259495
110307,0.763825535774
110308,0.746642529964
110309,0.50856500864
110311,0.949173569679
110313,0.727004230022
110314,0.938488721848
110315,0.871516704559
110317,0.973091244698
110319,0.811814069748
110320,0.851041734219
110322,0.890793144703
110324,0.744988739491
110327,0.413569867611
110328,0.947373867035
110331,0.557508409023
110332,0.601017177105
110333,0.867546856403
110334,0.795720696449
110335,0.914506316185
110336,0.980111539364
110337,0.692671895027
110338,0.848697781563
110346,0.879787564278
110347,0.989921331406
110348,0.896265029907
110349,0.972716271877
110353,0.423382431269
110358,0.582504987717
110359,0.927976846695
110360,0.602341711521
110361,0.898089706898
110363,0.842932641506
110364,0.616425216198
110367,0.572309792042
110369,0.459962725639
110370,0.493836373091
110371,0.969270646572
110372,0.766047298908
110373,0.573009490967
110375,0.66648209095
110376,0.588814795017
110377,0.830062627792
110380,0.940489768982
110382,0.976416826248
110385,0.851175010204
110386,0.717068433762
110387,0.976446151733
110388,0.616356611252
110389,0.795717477798
110390,0.794358372688
110394,0.963155090809
110395,0.952052414417
110398,0.874080359936
110403,0.88558357954
110405,0.963754415512
110406,0.922901391983
110408,0.981461584568
110410,0.271113604307
110411,0.859691560268
110413,0.580351412296
110415,0.948997378349
110416,0.953623175621
110418,0.653817415237
110419,0.486417919397
110421,0.81780320406
110428,0.976586222649
110429,0.838523626328
110430,0.695743560791
110431,0.961516678333
110433,0.387510299683
110438,0.979311943054
110440,0.987156569958
110442,0.237200737
110444,0.261743307114
110446,0.903196454048
110448,0.831645011902
110450,0.606967329979
110451,0.95389944315
110452,0.984484553337
110453,0.979556024075
110454,0.90627938509
110455,0.981592595577
110456,0.737140119076
110457,0.845761358738
110458,0.936465740204
110459,0.795411586761
110460,0.954888224602
110465,0.850292980671
110467,0.97485512495
110468,0.571676969528
110469,0.642724215984
110470,0.912635445595
110472,0.698406040668
110473,0.690116643906
110474,0.800667226315
110475,0.909619390965
110476,0.903089821339
110479,0.90500664711
110482,0.502561748028
110483,0.942581653595
110486,0.938997983932
110490,0.889550685883
110491,0.619191706181
110495,0.657427847385
110496,0.984384417534
110497,0.918474137783
110498,0.932707726955
110499,0.979004383087
110500,0.843384206295
110503,0.761989593506
110505,0.824194967747
110506,0.867711484432
110508,0.318791151047
110510,0.755191743374
110513,0.930561900139
110520,0.712702393532
110521,0.63261705637
110524,0.715528309345
110529,0.895941197872
110530,0.570554494858
110531,0.917814195156
110537,0.807678580284
110541,0.990763962269
110542,0.766165971756
110543,0.726630032063
110545,0.826328754425
110546,0.907841205597
110548,0.65238147974
110552,0.792313694954
110555,0.616120159626
110559,0.672486305237
110560,0.664661705494
110563,0.695111632347
110565,0.676689445972
110567,0.558368563652
110568,0.80350279808
110573,0.515506803989
110576,0.525919616222
110577,0.508197724819
110579,0.84199732542
110580,0.980337738991
110583,0.787684738636
110584,0.984035909176
110585,0.39225423336
110586,0.963822603226
110588,0.966011941433
110589,0.49011027813
110592,0.868015527725
110593,0.153925999999
110594,0.750717878342
110596,0.860905110836
110601,0.796992003918
110602,0.887005865574
110603,0.946782648563
110605,0.814149320126
110607,0.978758573532
110610,0.970083832741
110615,0.95494812727
110616,0.640290260315
110617,0.67146897316
110618,0.842305064201
110621,0.884232997894
110622,0.749959051609
110623,0.966363012791
110624,0.948797821999
110626,0.634100973606
110628,0.923390984535
110630,0.609578371048
110632,0.960756182671
110640,0.773122787476
110643,0.879504621029
110644,0.865749955177
110648,0.87815707922
110655,0.75638705492
110656,0.818757116795
110657,0.900917410851
110658,0.915451526642
110662,0.625309228897
110663,0.739849328995
110664,0.783981323242
110665,0.241095378995
110666,0.373347640038
110667,0.0466411150992
110670,0.649806559086
110675,0.725363492966
110679,0.682362377644
110682,0.736032366753
110683,0.960444390774
110684,0.865719139576
110685,0.597264051437
110686,0.98034632206
110687,0.58477050066
110688,0.916277468204
110689,0.760144710541
110690,0.953260540962
110693,0.885341048241
110694,0.874095439911
110696,0.800198972225
110698,0.937449753284
110699,0.63770532608
110705,0.773907005787
110707,0.909888446331
110708,0.790193319321
110709,0.939716100693
110712,0.738870084286
110715,0.653480291367
110716,0.820840775967
110718,0.987663447857
110720,0.904173612595
110721,0.960577964783
110722,0.699788689613
110725,0.896684706211
110726,0.579084515572
110727,0.866217076778
110728,0.966161489487
110729,0.717003762722
110730,0.562316119671
110732,0.94082826376
110733,0.499194383621
110736,0.625149250031
110739,0.861032366753
110740,0.648649632931
110741,0.603153884411
110743,0.901185154915
110744,0.973649442196
110745,0.812267422676
110747,0.873554885387
110749,0.904955387115
110751,0.714078247547
110752,0.780217766762
110753,0.65561324358
110755,0.801066040993
110757,0.501706123352
110760,0.865402698517
110761,0.559679865837
110762,0.841597139835
110763,0.806924045086
110764,0.854985415936
110765,0.965547680855
110767,0.960270166397
110768,0.899424910545
110772,0.845940589905
110773,0.601251780987
110774,0.841516315937
110775,0.281436651945
110776,0.591792345047
110777,0.93949174881
110778,0.821417748928
110779,0.958252429962
110781,0.820083677769
110782,0.978034198284
110783,0.980849683285
110786,0.0484492704272
110791,0.700616896152
110792,0.925232052803
110793,0.921844601631
110794,0.983710289001
110796,0.467111349106
110799,0.974811434746
110800,0.902525901794
110801,0.961809277534
110802,0.861273705959
110804,0.394637078047
110805,0.848046660423
110811,0.767959713936
110813,0.805215537548
110814,0.833388268948
110817,0.357105493546
110818,0.67571157217
110819,0.816418290138
110820,0.920397341251
110826,0.839454770088
110827,0.987662196159
110829,0.898646771908
110831,0.897713243961
110832,0.975076675415
110833,0.983681917191
110834,0.85172188282
110837,0.909296631813
110841,0.571064293385
110842,0.414267748594
110844,0.95582318306
110847,0.878754496574
110848,0.982264339924
110851,0.975973129272
110852,0.791448175907
110855,0.628781974316
110856,0.970591723919
110857,0.575830876827
110858,0.589210391045
110860,0.659638702869
110864,0.27971047163
110865,0.913295090199
110866,0.685348689556
110868,0.674639284611
110870,0.954470694065
110873,0.781905353069
110881,0.170802786946
110882,0.886438965797
110885,0.927370548248
110886,0.88023263216
110887,0.864791035652
110892,0.788196265697
110893,0.705489695072
110894,0.887324988842
110895,0.697230517864
110896,0.942453086376
110900,0.893849790096
110902,0.967510700226
110909,0.916130661964
110911,0.814151287079
110914,0.791509211063
110917,0.51613265276
110918,0.724220216274
110920,0.910591781139
110922,0.86409497261
110925,0.839408993721
110927,0.7323564291
110931,0.740225613117
110935,0.946394920349
110939,0.780542194843
110944,0.93220192194
110946,0.962334573269
110948,0.952084481716
110951,0.916517496109
110952,0.73525094986
110953,0.950813233852
110956,0.970421731472
110957,0.753271341324
110960,0.885947287083
110962,0.90647560358
110966,0.934087693691
110969,0.778497219086
110973,0.620661735535
110974,0.807377457619
110975,0.687577843666
110976,0.897825956345
110978,0.642211735249
110979,0.937320291996
110980,0.947440862656
110981,0.778958261013
110984,0.701126813889
110985,0.411855638027
110989,0.537370324135
110990,0.506348669529
110991,0.95885848999
110992,0.738257944584
110995,0.753340125084
110997,0.845398664474
110998,0.617478728294
111000,0.706944823265
111001,0.605924427509
111002,0.969131588936
111005,0.95405960083
111006,0.828754365444
111007,0.722158372402
111010,0.696452915668
111013,0.827617228031
111014,0.54614841938
111015,0.980333387852
111018,0.689401626587
111022,0.587868750095
111024,0.923706173897
111025,0.830801546574
111026,0.920372307301
111027,0.707613527775
111028,0.687499642372
111031,0.651440799236
111033,0.853000819683
111034,0.905873715878
111035,0.891628980637
111036,0.629585564137
111037,0.165228277445
111040,0.979201078415
111045,0.67421746254
111046,0.501034140587
111048,0.727154016495
111051,0.904562413692
111052,0.426254987717
111055,0.656843245029
111057,0.829812347889
111059,0.948093175888
111062,0.727257370949
111064,0.940298378468
111065,0.880963981152
111066,0.95664960146
111067,0.316770404577
111068,0.697885215282
111069,0.58305978775
111074,0.877551078796
111079,0.922000646591
111080,0.915311038494
111082,0.795802175999
111083,0.821545898914
111084,0.951081931591
111085,0.581962585449
111086,0.912648439407
111090,0.984338879585
111091,0.968595445156
111092,0.664132237434
111093,0.652903437614
111096,0.986996173859
111099,0.948841035366
111100,0.724277853966
111101,0.82693874836
111102,0.888603687286
111103,0.946452915668
111104,0.780714154243
111107,0.92177259922
111108,0.68851685524
111110,0.646548628807
111112,0.962698578835
111115,0.769079267979
111116,0.920549929142
111117,0.931886553764
111119,0.805105745792
111121,0.746953010559
111126,0.974331021309
111127,0.950491666794
111128,0.853781163692
111129,0.932455360889
111130,0.967499554157
111131,0.823348343372
111134,0.777324616909
111135,0.738095223904
111136,0.635577738285
111137,0.452417165041
111140,0.219652757049
111141,0.974241137505
111143,0.614410758018
111145,0.693545222282
111146,0.108252003789
111147,0.961463332176
111148,0.931225538254
111149,0.843017220497
111159,0.885721743107
111160,0.774382591248
111163,0.81182962656
111164,0.890299856663
111168,0.981796979904
111172,0.532962739468
111179,0.8128464818
111180,0.608868420124
111182,0.937217772007
111185,0.801761507988
111189,0.109569273889
111191,0.772145867348
111194,0.990564823151
111197,0.968622505665
111198,0.905946969986
111199,0.769152581692
111201,0.735781133175
111202,0.664744138718
111204,0.890063226223
111212,0.707114577293
111216,0.822991371155
111217,0.42349177599
111219,0.904232561588
111222,0.72921282053
111224,0.785321950912
111225,0.610772848129
111226,0.31970462203
111228,0.558994710445
111230,0.601000368595
111233,0.80662882328
111236,0.765558719635
111237,0.750290691853
111240,0.874905884266
111244,0.711429655552
111245,0.718442201614
111250,0.805427253246
111251,0.811321437359
111252,0.700054764748
111253,0.900009989738
111256,0.887944400311
111257,0.945266604424
111258,0.512084007263
111260,0.913122117519
111261,0.992847681046
111264,0.737664401531
111265,0.597113013268
111267,0.972772717476
111270,0.815198838711
111273,0.991666615009
111275,0.808126747608
111276,0.690562605858
111278,0.795125544071
111279,0.828972220421
111280,0.966486752033
111281,0.661988079548
111282,0.683956325054
111286,0.85544604063
111287,0.865579664707
111288,0.847907543182
111289,0.843648433685
111290,0.789582133293
111291,0.531152129173
111292,0.780997335911
111293,0.61602896452
111294,0.814489066601
111295,0.818465769291
111297,0.911970853806
111302,0.972202241421
111303,0.595089018345
111305,0.701364815235
111306,0.698283910751
111308,0.770582377911
111312,0.936476409435
111313,0.874927580357
111315,0.830535948277
111317,0.945046067238
111319,0.81054520607
111320,0.612252473831
111326,0.660761594772
111328,0.490819960833
111329,0.6107442379
111333,0.942876040936
111334,0.921890079975
111335,0.657263934612
111336,0.70994502306
111338,0.911899387836
111339,0.66357088089
111340,0.712663173676
111341,0.9672935009
111343,0.720987319946
111345,0.691113770008
111347,0.918230950832
111348,0.910080730915
111350,0.95921254158
111352,0.604074895382
111353,0.890450656414
111356,0.588838875294
111359,0.759862184525
111364,0.889805614948
111365,0.262559562922
111366,0.806077480316
111368,0.796218514442
111369,0.983431279659
111370,0.852648735046
111373,0.759012818336
111375,0.925116121769
111377,0.707205057144
111379,0.808665633202
111388,0.805064678192
111391,0.873713493347
111392,0.904518067837
111393,0.656628489494
111395,0.279870033264
111396,0.931625425816
111397,0.64625030756
111398,0.93335711956
111399,0.505944013596
111405,0.905669510365
111406,0.843922495842
111409,0.817905664444
111410,0.780219197273
111412,0.86719417572
111413,0.826775193214
111416,0.864528715611
111419,0.837542235851
111426,0.939146637917
111429,0.708414018154
111430,0.698884189129
111431,0.764169991016
111432,0.659900188446
111436,0.785245358944
111439,0.463196635246
111440,0.8838519454
111445,0.939147055149
111447,0.963043212891
111449,0.984222471714
111450,0.808725118637
111452,0.617195129395
111454,0.97635436058
111455,0.631829202175
111457,0.803108036518
111462,0.626187562943
111464,0.702894806862
111473,0.978885948658
111478,0.835500001907
111483,0.984956562519
111485,0.827131509781
111487,0.244542554021
111489,0.734885454178
111491,0.898912191391
111494,0.541062831879
111495,0.804037094116
111497,0.911875188351
111498,0.770071268082
111499,0.35964089632
111501,0.396937638521
111503,0.841998696327
111506,0.712521851063
111507,0.973036944866
111510,0.743567585945
111511,0.655634939671
111512,0.347450941801
111513,0.82876765728
111519,0.546833693981
111521,0.542396366596
111522,0.917354226112
111523,0.816190958023
111524,0.75992000103
111525,0.715571165085
111526,0.835520982742
111527,0.818209350109
111528,0.564820945263
111530,0.57948154211
111531,0.6618450284
111532,0.717429041862
111533,0.96656024456
111534,0.742322921753
111535,0.848968207836
111537,0.671493709087
111538,0.702177226543
111540,0.738929867744
111542,0.165595412254
111543,0.855125129223
111545,0.881310522556
111549,0.844329535961
111557,0.981386721134
111559,0.615163385868
111560,0.950069665909
111561,0.919091641903
111562,0.346713006496
111571,0.982151508331
111572,0.803652644157
111576,0.884481191635
111581,0.86864644289
111583,0.0817547887564
111590,0.449028193951
111591,0.922472298145
111593,0.969360113144
111599,0.949257135391
111601,0.967982172966
111602,0.738400638103
111604,0.844677567482
111608,0.876430690289
111609,0.429219096899
111610,0.932723164558
111613,0.919567167759
111614,0.573185682297
111616,0.474449574947
111619,0.903271377087
111621,0.397790253162
111622,0.454510480165
111623,0.983611047268
111625,0.982968986034
111630,0.930257797241
111631,0.874613523483
111634,0.672622859478
111635,0.778161108494
111636,0.720601022243
111639,0.802330195904
111642,0.971694529057
111645,0.986031651497
111646,0.437856733799
111649,0.950212717056
111652,0.953015804291
111653,0.635101735592
111656,0.63672631979
111658,0.71547049284
111659,0.952986657619
111663,0.81671756506
111665,0.687921404839
111666,0.824926316738
111667,0.757431983948
111669,0.906882405281
111671,0.879919052124
111672,0.922896742821
111678,0.973817288876
111681,0.79246455431
111682,0.9696636796
111683,0.824212014675
111686,0.746683597565
111687,0.982111573219
111689,0.475569158792
111692,0.811630964279
111693,0.986469626427
111694,0.732321619987
111696,0.677575290203
111697,0.876328468323
111699,0.220101088285
111701,0.975127100945
111703,0.964564025402
111708,0.658221542835
111712,0.962020576
111716,0.683017253876
111717,0.508509099483
111719,0.882492721081
111720,0.975611805916
111728,0.862611413002
111732,0.820167958736
111737,0.714711248875
111739,0.96007090807
111740,0.971283912659
111743,0.780565500259
111746,0.14322181046
111747,0.702260792255
111748,0.944246470928
111749,0.714830577374
111752,0.360062927008
111753,0.819604098797
111754,0.882170677185
111755,0.465231835842
111756,0.699269652367
111759,0.908153176308
111760,0.693546295166
111761,0.868153333664
111762,0.717129528522
111763,0.780727982521
111766,0.493728250265
111767,0.729580104351
111768,0.339476823807
111772,0.982216000557
111773,0.476574867964
111774,0.859788656235
111778,0.837206065655
111779,0.965160012245
111782,0.892395794392
111786,0.0670594200492
111788,0.612242281437
111789,0.93529266119
111791,0.950113296509
111793,0.961490690708
111794,0.940978229046
111798,0.96581441164
111800,0.714832305908
111802,0.90499651432
111804,0.826510250568
111805,0.894461393356
111806,0.898165106773
111809,0.759506702423
111810,0.876021444798
111811,0.7990924716
111812,0.682705163956
111820,0.623516023159
111821,0.812078297138
111822,0.860143780708
111823,0.72995609045
111826,0.686170339584
111829,0.903513789177
111831,0.985878765583
111832,0.901666879654
111834,0.678719758987
111838,0.91220498085
111839,0.734517097473
111841,0.870924055576
111845,0.964394927025
111846,0.753001928329
111849,0.939418911934
111850,0.128072679043
111851,0.746862709522
111853,0.544268548489
111854,0.493536263704
111855,0.976403415203
111858,0.513879179955
111860,0.695441007614
111861,0.89119887352
111862,0.813136875629
111864,0.964625060558
111865,0.644204676151
111866,0.882652461529
111874,0.792652964592
111876,0.653800666332
111877,0.389347165823
111878,0.595057666302
111886,0.94725382328
111887,0.449722498655
111890,0.976223111153
111891,0.757462382317
111892,0.927929222584
111893,0.960262238979
111894,0.932871818542
111895,0.847643315792
111896,0.813262939453
111899,0.906607687473
111900,0.961895823479
111901,0.753482401371
111904,0.978253483772
111907,0.982181727886
111909,0.920381367207
111910,0.888748943806
111914,0.684065759182
111918,0.326309800148
111924,0.435609906912
111925,0.794266402721
111926,0.951589167118
111927,0.840285599232
111928,0.791871905327
111931,0.796009063721
111932,0.964962244034
111934,0.81975877285
111938,0.826518476009
111943,0.801689207554
111944,0.89953237772
111945,0.377153605223
111947,0.828669726849
111948,0.954728484154
111950,0.819464743137
111952,0.33772200346
111953,0.724053323269
111954,0.950431346893
111955,0.990203738213
111959,0.63863503933
111963,0.850912332535
111964,0.81449586153
111965,0.589092850685
111966,0.418100327253
111969,0.955306529999
111972,0.807422339916
111974,0.723506689072
111975,0.894722521305
111977,0.809187233448
111978,0.964236497879
111979,0.922161400318
111980,0.867998301983
111985,0.935679376125
111987,0.949265301228
111988,0.84451675415
111989,0.848632276058
111990,0.894107699394
111991,0.963438034058
111992,0.816036045551
111993,0.775104641914
111994,0.809220850468
111998,0.806233823299
111999,0.664989769459
112000,0.518758237362
112002,0.605326354504
112005,0.688930988312
112007,0.688606798649
112009,0.89349848032
112011,0.711952269077
112018,0.990316092968
112020,0.916626691818
112022,0.73703199625
112023,0.685393095016
112024,0.581910312176
112025,0.971423268318
112030,0.724120736122
112032,0.692556679249
112034,0.953437268734
112037,0.715065896511
112040,0.907281756401
112041,0.781608760357
112043,0.606102585793
112044,0.819441139698
112047,0.702545762062
112048,0.714948892593
112054,0.533429801464
112055,0.387675642967
112056,0.666848242283
112058,0.852351546288
112059,0.648125588894
112062,0.936799824238
112065,0.714688360691
112068,0.75980091095
112070,0.86530405283
112071,0.965957641602
112073,0.924668073654
112075,0.832256734371
112079,0.566350162029
112082,0.327460825443
112086,0.992207586765
112087,0.63638651371
112089,0.781233429909
112091,0.735028743744
112095,0.523228526115
112096,0.76887601614
112100,0.684820771217
112101,0.858342528343
112102,0.945917069912
112103,0.85817617178
112106,0.939152181149
112107,0.905953943729
112108,0.943875670433
112111,0.53996104002
112112,0.982066631317
112114,0.741287648678
112115,0.988223671913
112116,0.753584682941
112117,0.902768313885
112119,0.992047607899
112120,0.935980796814
112121,0.576198101044
112123,0.982427000999
112127,0.89718067646
112128,0.970091700554
112130,0.885356724262
112135,0.594184875488
112136,0.856488347054
112137,0.84701859951
112138,0.768011629581
112139,0.893133401871
112142,0.251779705286
112143,0.956682801247
112145,0.34282886982
112148,0.871236264706
112149,0.646214783192
112152,0.649264454842
112153,0.96473544836
112154,0.939796566963
112155,0.60698568821
112156,0.871499657631
112158,0.796145796776
112161,0.936650872231
112163,0.96673822403
112164,0.62460142374
112165,0.729335606098
112167,0.965791285038
112170,0.853326737881
112174,0.47588789463
112178,0.981142580509
112179,0.637722015381
112184,0.82378745079
112186,0.531897723675
112187,0.95443123579
112188,0.750346720219
112189,0.830583453178
112190,0.381858497858
112191,0.110236026347
112194,0.761946499348
112195,0.789938211441
112196,0.409777104855
112197,0.82767355442
112203,0.478614300489
112208,0.295929789543
112209,0.919864356518
112211,0.286356985569
112213,0.949860751629
112217,0.504644036293
112218,0.738930761814
112219,0.913310110569
112221,0.845076084137
112223,0.707855641842
112224,0.679227471352
112227,0.67317199707
112232,0.623656213284
112233,0.724478960037
112234,0.926579654217
112235,0.893735170364
112237,0.784712851048
112239,0.594272077084
112245,0.664465248585
112247,0.739131271839
112251,0.821893930435
112254,0.619948923588
112256,0.946416914463
112259,0.951668202877
112262,0.82657366991
112263,0.481414884329
112264,0.908998608589
112265,0.639578640461
112270,0.983169674873
112272,0.399683445692
112274,0.355144411325
112276,0.947576344013
112277,0.892658650875
112278,0.730651974678
112280,0.810270488262
112285,0.853422224522
112286,0.799788117409
112289,0.884854197502
112291,0.949162065983
112292,0.908891797066
112293,0.662834584713
112297,0.695170462132
112299,0.855985283852
112300,0.898554265499
112302,0.866707861423
112304,0.991587460041
112306,0.878007113934
112312,0.816737413406
112314,0.943139672279
112315,0.552272200584
112318,0.899230062962
112319,0.876553654671
112324,0.492130577564
112329,0.614777863026
112330,0.932372331619
112334,0.789614319801
112335,0.860773265362
112338,0.858953416348
112343,0.697608292103
112346,0.963610053062
112349,0.717356443405
112351,0.710927248001
112352,0.384542554617
112354,0.833929121494
112357,0.975122094154
112358,0.920261442661
112360,0.338313579559
112361,0.8936393857
112363,0.856461763382
112365,0.571492433548
112366,0.67466545105
112368,0.798332214355
112369,0.537354230881
112372,0.612863302231
112374,0.968283832073
112376,0.803658902645
112378,0.706016898155
112380,0.725338339806
112382,0.843411266804
112384,0.936776220798
112386,0.982870280743
112388,0.918966591358
112389,0.804497718811
112394,0.777022242546
112401,0.822886347771
112403,0.96929037571
112405,0.565018475056
112407,0.566695094109
112409,0.468423575163
112410,0.980063676834
112411,0.689924299717
112413,0.916587233543
112415,0.959116578102
112416,0.73345720768
112417,0.923946797848
112418,0.854809403419
112423,0.711467683315
112425,0.86693072319
112428,0.755523443222
112429,0.663016200066
112432,0.975429058075
112433,0.948509335518
112438,0.795144677162
112440,0.802949547768
112441,0.600504159927
112442,0.214861094952
112443,0.459008991718
112444,0.906390726566
112447,0.759714305401
112450,0.561912298203
112451,0.749258339405
112453,0.673914849758
112454,0.909724116325
112458,0.857610583305
112459,0.965185642242
112462,0.783852338791
112464,0.962311923504
112466,0.796505987644
112472,0.72879588604
112474,0.499218851328
112475,0.325484663248
112477,0.779416263103
112483,0.971667647362
112487,0.924857795238
112488,0.79504108429
112490,0.786968588829
112491,0.37549841404
112493,0.771806776524
112495,0.975373804569
112498,0.768477261066
112499,0.755787670612
112501,0.550182640553
112502,0.936948239803
112503,0.871856629848
112505,0.916606545448
112507,0.543760895729
112508,0.4865039289
112509,0.642732739449
112510,0.844247281551
112511,0.976607143879
112512,0.889835774899
112513,0.75710016489
112515,0.689663350582
112516,0.835066258907
112518,0.984969377518
112521,0.947005927563
112522,0.735655725002
112524,0.478084385395
112526,0.815431416035
112528,0.913451015949
112529,0.669935584068
112530,0.937079250813
112531,0.685141563416
112532,0.740993142128
112533,0.935913443565
112535,0.803617954254
112536,0.698864936829
112537,0.638646185398
112538,0.94323015213
112539,0.412696152925
112540,0.936147272587
112543,0.835771024227
112544,0.811573207378
112545,0.903568208218
112546,0.773744165897
112547,0.909075796604
112548,0.717490315437
112550,0.900840044022
112551,0.819605886936
112552,0.903768479824
112553,0.451248675585
112557,0.876296103001
112558,0.599470078945
112559,0.844064354897
112560,0.995322883129
112561,0.768055081367
112563,0.63974750042
112565,0.691562533379
112566,0.819026529789
112574,0.955476105213
112575,0.735345602036
112578,0.706818938255
112583,0.793409943581
112585,0.516290128231
112586,0.710124611855
112587,0.614194273949
112588,0.816042482853
112593,0.907153666019
112597,0.739931106567
112598,0.746899187565
112599,0.916847467422
112602,0.97878664732
112603,0.752495288849
112605,0.446915328503
112606,0.273572832346
112612,0.748854279518
112614,0.837001144886
112616,0.960204958916
112617,0.668385326862
112618,0.99220252037
112621,0.810695052147
112622,0.621712684631
112623,0.798263728619
112624,0.759013831615
112625,0.842958509922
112628,0.911084651947
112629,0.774454653263
112630,0.744576215744
112631,0.736357331276
112632,0.984414339066
112633,0.981989860535
112636,0.897199571133
112637,0.845506668091
112639,0.669423818588
112640,0.857268154621
112641,0.940372109413
112644,0.785877883434
112645,0.963775753975
112646,0.99037617445
112647,0.524205505848
112650,0.72169393301
112653,0.591743409634
112654,0.917577564716
112655,0.735090434551
112656,0.751189470291
112657,0.782751977444
112658,0.584937512875
112659,0.94254308939
112661,0.896253824234
112662,0.736747443676
112664,0.769626438618
112665,0.904666244984
112667,0.628056585789
112668,0.738158345222
112673,0.412434309721
112674,0.276087611914
112678,0.96685230732
112679,0.846550881863
112680,0.545129358768
112684,0.691032469273
112685,0.82470703125
112686,0.505535066128
112687,0.66567915678
112690,0.584512531757
112691,0.87147974968
112692,0.757912695408
112693,0.836804509163
112702,0.883004009724
112703,0.527085602283
112704,0.936898946762
112705,0.982814967632
112707,0.823443710804
112710,0.803549706936
112712,0.793790817261
112715,0.899253308773
112716,0.645845770836
112719,0.816035091877
112721,0.902402102947
112722,0.64602792263
112723,0.918692290783
112724,0.974662840366
112729,0.359360009432
112733,0.815124392509
112735,0.924674391747
112736,0.731369495392
112737,0.751049876213
112739,0.979175031185
112742,0.986911058426
112744,0.981446862221
112746,0.312592118979
112747,0.165187940001
112750,0.652689278126
112751,0.587517917156
112752,0.916491866112
112754,0.347036957741
112755,0.895194113255
112758,0.903243422508
112761,0.566279649734
112762,0.708237588406
112765,0.90810418129
112766,0.707566857338
112768,0.726102948189
112769,0.984229624271
112771,0.790505051613
112772,0.799641251564
112773,0.598533034325
112774,0.808032810688
112777,0.79834908247
112780,0.579879105091
112781,0.869322180748
112782,0.770627737045
112783,0.813665866852
112786,0.733061432838
112789,0.86972373724
112791,0.946961581707
112792,0.454443544149
112794,0.672920048237
112795,0.633646130562
112797,0.983764469624
112798,0.821907639503
112799,0.842300355434
112800,0.949786126614
112801,0.604123473167
112802,0.571222662926
112803,0.903705775738
112804,0.685759484768
112806,0.968864619732
112807,0.904961645603
112810,0.724864065647
112811,0.948744237423
112813,0.937554776669
112823,0.738909304142
112824,0.743103206158
112825,0.286894291639
112827,0.451375305653
112829,0.938504338264
112830,0.861894786358
112831,0.982818901539
112838,0.745552003384
112841,0.838629484177
112842,0.759180128574
112843,0.246677681804
112846,0.857452332973
112851,0.841569125652
112853,0.881849825382
112856,0.795143783092
112859,0.922168672085
112865,0.828719317913
112869,0.711243748665
112870,0.631181716919
112871,0.742952346802
112873,0.76081854105
112874,0.895299494267
112875,0.835559725761
112876,0.716514885426
112877,0.933497548103
112878,0.983372747898
112879,0.631240308285
112882,0.460702717304
112883,0.909704089165
112886,0.664740085602
112891,0.64595168829
112893,0.973781406879
112894,0.992460668087
112895,0.887465596199
112897,0.54710239172
112900,0.695574700832
112902,0.961765289307
112906,0.937726616859
112909,0.87353426218
112911,0.726884841919
112912,0.657835066319
112913,0.83304053545
112914,0.646939575672
112917,0.953733980656
112919,0.580268323421
112921,0.857595324516
112923,0.805038273335
112925,0.891134977341
112926,0.869438350201
112928,0.977320075035
112934,0.323204547167
112935,0.981413125992
112936,0.586863338947
112937,0.925879061222
112938,0.960419237614
112939,0.522488832474
112940,0.834796905518
112942,0.952728509903
112945,0.669090032578
112946,0.969268262386
112948,0.970983028412
112952,0.661648333073
112953,0.896453559399
112955,0.636320233345
112956,0.930253446102
112957,0.936613440514
112958,0.983355462551
112960,0.867865264416
112961,0.778120458126
112962,0.40896242857
112964,0.93623316288
112965,0.801954329014
112967,0.667030870914
112968,0.944847643375
112972,0.496665328741
112973,0.883418858051
112974,0.558572351933
112976,0.882116794586
112977,0.685104310513
112978,0.800003826618
112979,0.676044344902
112982,0.737405776978
112984,0.924785077572
112986,0.373844444752
112989,0.800252020359
112990,0.990655481815
112991,0.551635324955
112992,0.947398245335
112993,0.85434615612
112994,0.526649475098
112997,0.310365855694
112998,0.865575492382
112999,0.976806461811
113001,0.70715790987
113004,0.973961412907
113005,0.86719751358
113006,0.908818662167
113009,0.5977216959
113012,0.736141681671
113015,0.858921408653
113017,0.771247029305
113019,0.875018298626
113020,0.815510749817
113021,0.906391620636
113022,0.934569060802
113026,0.128662899137
113027,0.522004008293
113032,0.959268927574
113034,0.596199333668
113035,0.91782528162
113036,0.967703223228
113037,0.593013584614
113038,0.887932121754
113041,0.926108062267
113043,0.743496954441
113046,0.420290917158
113048,0.644272565842
113050,0.812690377235
113053,0.879792630672
113056,0.973798274994
113058,0.751537203789
113059,0.797065377235
113063,0.469470709562
113065,0.603809535503
113066,0.799430787563
113067,0.488161712885
113068,0.788023650646
113069,0.878877580166
113071,0.588933229446
113072,0.762806892395
113073,0.38700696826
113075,0.789232730865
113076,0.933559060097
113077,0.840937674046
113078,0.769625604153
113079,0.989483654499
113080,0.756662428379
113082,0.449382036924
113083,0.370209097862
113084,0.810925483704
113089,0.868343114853
113090,0.842718422413
113093,0.675665915012
113094,0.774081885815
113099,0.94346088171
113101,0.607871890068
113103,0.938026964664
113105,0.521168351173
113108,0.577793598175
113110,0.686709225178
113112,0.906948506832
113114,0.976944029331
113116,0.859567284584
113118,0.879962801933
113120,0.566471874714
113125,0.902140140533
113128,0.991482615471
113130,0.785590112209
113131,0.742866158485
113135,0.591286420822
113137,0.61401027441
113138,0.370760977268
113140,0.479640096426
113144,0.810064315796
113145,0.877745270729
113146,0.672485232353
113147,0.897386968136
113150,0.862344443798
113152,0.720954298973
113154,0.963563799858
113157,0.530498087406
113159,0.928001046181
113161,0.902190685272
113163,0.867431044579
113166,0.756443202496
113169,0.86824208498
113171,0.798712551594
113172,0.72920691967
113175,0.907240390778
113176,0.606230258942
113177,0.772394359112
113178,0.874133229256
113179,0.898499250412
113180,0.856467545033
113185,0.959107816219
113187,0.763260066509
113188,0.46248114109
113189,0.745237708092
113191,0.831146419048
113192,0.911213636398
113196,0.437528789043
113197,0.923597753048
113198,0.937548279762
113200,0.921370327473
113202,0.249579891562
113206,0.670060455799
113207,0.913413524628
113213,0.980669081211
113214,0.773059427738
113216,0.754416704178
113217,0.759060263634
113218,0.555794239044
113221,0.92809098959
113225,0.697388470173
113227,0.815534234047
113230,0.583428561687
113232,0.906361162663
113233,0.741998016834
113234,0.586279571056
113241,0.970048964024
113245,0.93660479784
113246,0.862172484398
113250,0.720989048481
113253,0.624753713608
113257,0.740850806236
113258,0.910121679306
113259,0.817151844501
113260,0.949572622776
113262,0.95748770237
113265,0.823234140873
113267,0.843463301659
113268,0.467392235994
113269,0.351714730263
113271,0.977413237095
113272,0.927159249783
113274,0.607267200947
113275,0.966410219669
113276,0.721816420555
113277,0.416207939386
113279,0.689322769642
113282,0.700564324856
113284,0.787158966064
113285,0.978798866272
113286,0.787771582603
113287,0.916193306446
113290,0.633974432945
113291,0.962336778641
113292,0.588305175304
113293,0.69244235754
113295,0.859318494797
113296,0.990905165672
113297,0.617122232914
113298,0.925809919834
113300,0.612801969051
113304,0.725278556347
113305,0.96208769083
113306,0.853338122368
113307,0.835843682289
113310,0.598543763161
113312,0.811119198799
113321,0.248172044754
113323,0.811866402626
113324,0.290458768606
113326,0.870341777802
113328,0.977304458618
113330,0.70005273819
113331,0.948116123676
113339,0.938066482544
113340,0.603302001953
113341,0.823934912682
113342,0.716852247715
113347,0.774044632912
113348,0.956516742706
113350,0.946509063244
113351,0.817213714123
113352,0.857970178127
113353,0.851252198219
113354,0.635921835899
113359,0.920961081982
113368,0.779627680779
113371,0.895096123219
113372,0.924430906773
113374,0.550313830376
113376,0.937099575996
113377,0.954389333725
113379,0.692540228367
113380,0.879188776016
113381,0.980460226536
113383,0.95203012228
113384,0.928197205067
113387,0.527591466904
113389,0.849764406681
113390,0.983571767807
113393,0.829093396664
113394,0.696422100067
113395,0.840338289738
113396,0.960849940777
113397,0.272493511438
113398,0.644336283207
113403,0.920043230057
113404,0.751351892948
113405,0.839439451694
113406,0.67251843214
113407,0.989595115185
113410,0.932839214802
113411,0.656154155731
113413,0.328699290752
113416,0.978049814701
113417,0.966908931732
113418,0.969573795795
113420,0.68609470129
113422,0.967521190643
113425,0.793964862823
113427,0.885162115097
113429,0.758224487305
113431,0.453784614801
113432,0.700251460075
113434,0.932956159115
113435,0.638327360153
113437,0.635823488235
113438,0.955387830734
113439,0.97916996479
113442,0.992796957493
113444,0.669840753078
113446,0.546311318874
113447,0.946955680847
113448,0.774200975895
113453,0.482660800219
113454,0.73395973444
113455,0.551328122616
113456,0.559083104134
113458,0.34276664257
113460,0.980362832546
113461,0.939308702946
113464,0.922442913055
113466,0.743068099022
113470,0.766752004623
113471,0.70204782486
113472,0.984557509422
113475,0.685398578644
113476,0.958390593529
113477,0.763422310352
113480,0.903410077095
113481,0.803065240383
113484,0.658393681049
113486,0.751211583614
113489,0.731743037701
113490,0.92271399498
113491,0.776549935341
113492,0.84088486433
113493,0.896240711212
113494,0.57531017065
113495,0.614923477173
113496,0.708743751049
113497,0.906441628933
113498,0.858523309231
113499,0.86925983429
113503,0.616969108582
113504,0.961576402187
113505,0.977712392807
113508,0.98134469986
113509,0.927440583706
113510,0.963131964207
113515,0.928753018379
113517,0.808400809765
113519,0.901674807072
113520,0.692394018173
113524,0.925832152367
113527,0.786449790001
113528,0.958147346973
113530,0.94554322958
113531,0.232051864266
113534,0.95676869154
113535,0.752824366093
113538,0.889474391937
113540,0.989370584488
113543,0.936250507832
113545,0.597404420376
113548,0.498423367739
113549,0.707853138447
113552,0.799345910549
113553,0.652016580105
113554,0.879209399223
113555,0.588070631027
113556,0.920272231102
113560,0.592323482037
113562,0.896489500999
113565,0.921603858471
113567,0.529480338097
113570,0.433585256338
113572,0.545605778694
113574,0.851059556007
113575,0.976654410362
113576,0.728827655315
113581,0.962601363659
113583,0.516697585583
113584,0.978146851063
113587,0.81219047308
113589,0.654000163078
113590,0.876915872097
113591,0.887023448944
113597,0.986627519131
113598,0.672702133656
113600,0.855957865715
113601,0.911535441875
113602,0.302434295416
113603,0.987527906895
113604,0.771977245808
113605,0.871695816517
113613,0.765709459782
113617,0.836717963219
113618,0.850234150887
113619,0.873290896416
113620,0.863882899284
113621,0.9180341959
113622,0.964475333691
113624,0.808976769447
113625,0.968832373619
113626,0.759049773216
113627,0.888107776642
113630,0.878120720387
113633,0.888373851776
113634,0.904405772686
113636,0.924508035183
113637,0.94427973032
113640,0.807898700237
113643,0.690205156803
113645,0.806153297424
113649,0.967368543148
113650,0.474512994289
113653,0.891286253929
113654,0.778308868408
113655,0.269044816494
113656,0.964532077312
113658,0.989427864552
113659,0.596838831902
113667,0.852615296841
113668,0.866430699825
113671,0.978841125965
113673,0.85255497694
113681,0.988368749619
113686,0.523017048836
113688,0.630343139172
113689,0.249974727631
113690,0.93867123127
113692,0.214584752917
113694,0.723242640495
113695,0.759588479996
113696,0.973119437695
113701,0.80604237318
113702,0.52340555191
113704,0.987107217312
113707,0.330257534981
113709,0.988963127136
113710,0.948277533054
113712,0.724932193756
113714,0.950188159943
113716,0.639108419418
113718,0.47658970952
113719,0.973124861717
113720,0.701000094414
113722,0.496352702379
113724,0.40188100934
113725,0.979686975479
113726,0.575276255608
113727,0.705160081387
113729,0.71205085516
113735,0.729530572891
113736,0.58073759079
113737,0.559992790222
113738,0.871480941772
113739,0.934111058712
113742,0.431408107281
113743,0.206934005022
113745,0.777189254761
113750,0.910999298096
113751,0.980309247971
113752,0.630992352962
113755,0.869774162769
113757,0.922389030457
113760,0.841109097004
113771,0.629484057426
113772,0.917756676674
113773,0.988983809948
113776,0.128953948617
113784,0.977229893208
113785,0.966673254967
113786,0.921089589596
113787,0.731244027615
113788,0.693446934223
113789,0.694945991039
113790,0.574333190918
113793,0.992878496647
113794,0.563660562038
113795,0.958296895027
113797,0.977280318737
113801,0.958216011524
113802,0.797116875648
113803,0.917573153973
113804,0.863881230354
113806,0.88524889946
113812,0.450343936682
113813,0.892857253551
113814,0.47059366107
113815,0.845199882984
113819,0.576196193695
113820,0.902741014957
113821,0.7967633605
113822,0.933028459549
113823,0.928260982037
113826,0.780533134937
113829,0.522173047066
113833,0.996234595776
113834,0.731469213963
113836,0.929941117764
113837,0.827021002769
113838,0.982720136642
113840,0.397247165442
113842,0.928880572319
113843,0.917597055435
113846,0.867098093033
113847,0.980430662632
113848,0.888236165047
113850,0.825177788734
113851,0.953928112984
113852,0.940352082253
113854,0.730193436146
113855,0.978390753269
113857,0.831402957439
113859,0.813371062279
113866,0.599049448967
113868,0.699904501438
113871,0.818791866302
113873,0.891237795353
113876,0.857621788979
113883,0.837259352207
113884,0.984015464783
113885,0.835174262524
113886,0.661399483681
113888,0.594153106213
113889,0.966815531254
113890,0.832079589367
113891,0.938953101635
113892,0.859755277634
113893,0.946504056454
113894,0.916715443134
113895,0.919919133186
113896,0.935219585896
113899,0.925440192223
113900,0.612491428852
113904,0.970390200615
113905,0.712827026844
113906,0.893956005573
113907,0.751148045063
113910,0.370048999786
113914,0.830281436443
113915,0.78989803791
113916,0.950020313263
113917,0.977408349514
113918,0.94155973196
113919,0.495048701763
113920,0.662146389484
113921,0.351593524218
113922,0.980860829353
113924,0.682585597038
113927,0.92766302824
113928,0.714807271957
113930,0.67898362875
113931,0.9639518857
113932,0.639014601707
113933,0.88923406601
113934,0.843953371048
113935,0.980469048023
113936,0.632738292217
113937,0.827959060669
113938,0.954904615879
113939,0.440832912922
113946,0.758473873138
113947,0.43819206953
113948,0.635541796684
113950,0.47020933032
113952,0.903849363327
113953,0.317568778992
113954,0.774332582951
113955,0.940820932388
113958,0.546082019806
113960,0.959714889526
113961,0.942535758018
113965,0.964291512966
113966,0.895684719086
113967,0.368835628033
113968,0.6284532547
113969,0.701438128948
113974,0.922482967377
113975,0.929387390614
113976,0.968478262424
113978,0.735067784786
113979,0.405773490667
113981,0.75437772274
113986,0.977345466614
113988,0.787958204746
113990,0.803492605686
113991,0.928979098797
113992,0.894389986992
113993,0.910759925842
113994,0.91139113903
113995,0.712627768517
113996,0.553505182266
113997,0.675496995449
114003,0.584606707096
114005,0.855779230595
114006,0.922295808792
114009,0.932857453823
114010,0.974503815174
114017,0.587596178055
114020,0.725159287453
114021,0.771926164627
114022,0.439871668816
114023,0.868167161942
114025,0.641186594963
114027,0.23759585619
114028,0.709829688072
114031,0.792646825314
114036,0.611503899097
114037,0.388373345137
114038,0.95437425375
114040,0.676930487156
114041,0.87927120924
114043,0.227770864964
114046,0.653841733932
114051,0.967731714249
114053,0.644743204117
114054,0.542308688164
114055,0.651835560799
114056,0.298310399055
114058,0.691505849361
114065,0.913614094257
114066,0.952640771866
114067,0.665148377419
114073,0.645338892937
114075,0.663932323456
114077,0.854263782501
114079,0.97171908617
114081,0.884675979614
114082,0.856039166451
114085,0.829001665115
114086,0.816538333893
114087,0.790521204472
114093,0.980995953083
114098,0.900674521923
114099,0.810160696507
114101,0.836835920811
114102,0.171647801995
114103,0.967350900173
114104,0.609428584576
114106,0.863161206245
114107,0.819632709026
114110,0.695768773556
114111,0.970335781574
114112,0.93179410696
114113,0.847591221333
114114,0.895166099072
114116,0.868149578571
114118,0.626582980156
114120,0.86051762104
114122,0.704064130783
114123,0.929065644741
114129,0.889390826225
114130,0.584650337696
114131,0.802676141262
114132,0.691367924213
114133,0.874199807644
114134,0.624490261078
114136,0.663253545761
114140,0.94555580616
114142,0.454837590456
114143,0.645993828773
114145,0.759686768055
114147,0.941789865494
114148,0.892090141773
114149,0.789976596832
114150,0.932410061359
114151,0.759646296501
114153,0.514747738838
114156,0.781426012516
114157,0.895119726658
114169,0.774762094021
114175,0.188760086894
114179,0.95596575737
114180,0.61340212822
114181,0.872031748295
114183,0.224513322115
114184,0.965740799904
114185,0.728133499622
114187,0.663726627827
114188,0.79573738575
114190,0.78266364336
114192,0.933500349522
114194,0.444902807474
114197,0.762606024742
114199,0.632248818874
114200,0.48277002573
114201,0.93701928854
114202,0.959792971611
114203,0.85945045948
114204,0.965372562408
114206,0.853646218777
114207,0.43749666214
114210,0.221116900444
114211,0.675559639931
114213,0.829234719276
114214,0.476145148277
114216,0.976251959801
114217,0.773606479168
114221,0.872908353806
114223,0.697965502739
114225,0.870573461056
114226,0.525651037693
114227,0.603080570698
114228,0.817596912384
114231,0.841411709785
114232,0.937023341656
114233,0.443297624588
114236,0.595552265644
114239,0.475169718266
114244,0.285714894533
114246,0.868972957134
114248,0.351813524961
114250,0.885116815567
114251,0.862029671669
114256,0.5451785326
114257,0.749611139297
114258,0.688043773174
114260,0.713990926743
114261,0.92094451189
114264,0.604725837708
114265,0.526758909225
114268,0.0516966804862
114269,0.958963155746
114273,0.893019556999
114274,0.938821017742
114276,0.521887004375
114278,0.96404260397
114279,0.661491394043
114281,0.852749109268
114285,0.663706541061
114286,0.711031377316
114287,0.958550930023
114289,0.640995979309
114290,0.102698847651
114291,0.939775824547
114294,0.755265295506
114300,0.795061290264
114301,0.803551375866
114302,0.804631590843
114304,0.864130735397
114307,0.732251286507
114310,0.564236044884
114313,0.774296402931
114314,0.751912415028
114315,0.773286163807
114318,0.871423661709
114321,0.806673407555
114323,0.988816261292
114324,0.920257091522
114329,0.85965359211
114330,0.708221912384
114331,0.820362389088
114333,0.848111331463
114334,0.914516568184
114336,0.964357018471
114337,0.746418356895
114338,0.984599411488
114339,0.882598340511
114343,0.773172974586
114345,0.767095148563
114346,0.576310217381
114347,0.724323749542
114348,0.79467600584
114354,0.780368566513
114355,0.535280883312
114357,0.457200825214
114358,0.828972220421
114361,0.977346360683
114362,0.977109014988
114363,0.957383215427
114364,0.584361851215
114367,0.90359723568
114369,0.923773229122
114374,0.638173758984
114375,0.897296488285
114376,0.669953763485
114377,0.950566530228
114378,0.440053969622
114380,0.965422570705
114383,0.979565739632
114385,0.859433233738
114386,0.543955266476
114388,0.501700401306
114389,0.978946387768
114392,0.58858191967
114393,0.829341769218
114395,0.917816102505
114396,0.952363610268
114398,0.841078042984
114399,0.848954379559
114400,0.752899467945
114401,0.790188968182
114404,0.750472545624
114405,0.230544477701
114406,0.641508221626
114407,0.959806084633
114409,0.935136258602
114410,0.928016364574
114411,0.588016748428
114413,0.968289077282
114415,0.63427644968
114416,0.87715190649
114419,0.873431861401
114422,0.897259116173
114423,0.961302161217
114424,0.856683075428
114425,0.860504448414
114429,0.853844225407
114430,0.771798968315
114431,0.820972323418
114432,0.823568940163
114433,0.681249916553
114435,0.675763845444
114436,0.586366117001
114438,0.675916194916
114441,0.840784907341
114443,0.972202420235
114446,0.739378094673
114449,0.964891254902
114450,0.828619062901
114453,0.610338568687
114455,0.821972727776
114456,0.986859202385
114457,0.962757050991
114458,0.759355008602
114462,0.68866455555
114464,0.984954237938
114467,0.797787070274
114469,0.977099776268
114473,0.74808126688
114475,0.971312999725
114476,0.564428210258
114477,0.386999219656
114479,0.976366639137
114481,0.744781374931
114482,0.881088018417
114491,0.948528647423
114492,0.818945586681
114494,0.798290550709
114496,0.770785689354
114499,0.973970234394
114500,0.754948556423
114503,0.943961441517
114505,0.250030755997
114508,0.977869868279
114511,0.342787384987
114512,0.887681305408
114513,0.967605769634
114514,0.767100214958
114515,0.929996967316
114516,0.862909674644
114520,0.682183206081
114524,0.981584906578
114525,0.953234434128
114529,0.968428850174
114530,0.802696764469
114531,0.488699674606
114533,0.82149118185
114534,0.305511116982
114536,0.854023575783
114537,0.965459942818
114540,0.445949316025
114541,0.788834929466
114544,0.403475135565
114546,0.928140103817
114548,0.738914310932
114552,0.908422112465
114553,0.939879536629
114557,0.974177896976
114560,0.853369772434
114561,0.738841414452
114563,0.422564268112
114568,0.964202940464
114572,0.606375873089
114573,0.738657593727
114577,0.74233686924
114578,0.588547229767
114581,0.896684408188
114583,0.892543137074
114586,0.893105745316
114587,0.937536001205
114589,0.934409201145
114592,0.939123630524
114593,0.432132363319
114594,0.980533123016
114595,0.33010032773
114596,0.662826120853
114597,0.856698393822
114598,0.878986239433
114600,0.861454844475
114601,0.982645511627
114602,0.79703348875
114606,0.16533318162
114608,0.895961999893
114609,0.684269666672
114611,0.955677270889
114612,0.716598212719
114613,0.946720898151
114617,0.68603092432
114618,0.966096282005
114620,0.425503909588
114622,0.70027589798
114623,0.735584974289
114626,0.971371412277
114627,0.569863140583
114628,0.889675796032
114630,0.990267932415
114631,0.680833518505
114635,0.728651165962
114637,0.896075487137
114639,0.731691777706
114640,0.974736094475
114643,0.792955040932
114644,0.682440578938
114645,0.81248998642
114646,0.787909686565
114648,0.707668781281
114650,0.930772125721
114651,0.5890006423
114652,0.845514297485
114654,0.792466163635
114656,0.694052040577
114659,0.94235098362
114661,0.959469377995
114664,0.907377243042
114667,0.364402294159
114668,0.920396327972
114669,0.776632428169
114670,0.924864530563
114671,0.979923546314
114673,0.709523260593
114674,0.776866197586
114677,0.970374166965
114679,0.753810226917
114681,0.614570975304
114682,0.851738750935
114683,0.980111539364
114684,0.846581995487
114685,0.778097629547
114687,0.722763240337
114688,0.634157419205
114691,0.558264374733
114695,0.957957446575
114696,0.989601194859
114697,0.688702821732
114699,0.652846455574
114701,0.879669725895
114703,0.904101490974
114704,0.98113822937
114705,0.742280721664
114708,0.876838624477
114710,0.98122137785
114712,0.645622909069
114713,0.403082817793
114714,0.526772856712
114715,0.829440355301
114717,0.74276393652
114720,0.896629154682
114725,0.524445950985
114727,0.86122572422
114728,0.777645468712
114733,0.823856651783
114735,0.952388644218
114736,0.972037315369
114737,0.900803864002
114742,0.912078619003
114743,0.524500370026
114746,0.343149840832
114747,0.952798545361
114748,0.575249493122
114749,0.846792519093
114750,0.934598445892
114751,0.791880965233
114752,0.792947232723
114753,0.883027076721
114754,0.851604580879
114755,0.696773946285
114756,0.796115756035
114761,0.831525981426
114763,0.863995313644
114765,0.965128898621
114768,0.750764131546
114770,0.971352279186
114772,0.565797448158
114775,0.830289661884
114777,0.81724435091
114779,0.881430268288
114781,0.804625332355
114782,0.77298605442
114783,0.524505913258
114784,0.699266374111
114788,0.768857002258
114790,0.899300813675
114792,0.745122373104
114793,0.809314906597
114794,0.787646055222
114796,0.903201818466
114797,0.962817907333
114799,0.833854615688
114800,0.81173235178
114801,0.804509520531
114802,0.819693028927
114805,0.651992797852
114806,0.599132418633
114807,0.70600014925
114809,0.930368185043
114810,0.83806759119
114812,0.550000667572
114813,0.880945146084
114817,0.358323574066
114819,0.705994427204
114821,0.927274167538
114822,0.988936364651
114823,0.960180878639
114825,0.901918411255
114826,0.755437076092
114830,0.863200485706
114833,0.734855115414
114835,0.78274679184
114836,0.947750210762
114838,0.584762513638
114839,0.378063112497
114843,0.69148516655
114847,0.979922950268
114851,0.41509899497
114855,0.978203117847
114857,0.444793879986
114858,0.680589258671
114863,0.626671254635
114865,0.90406692028
114866,0.410614669323
114867,0.642409086227
114868,0.985897898674
114869,0.893611311913
114870,0.984496116638
114871,0.67001247406
114872,0.829407215118
114876,0.733176350594
114877,0.746200203896
114880,0.38228520751
114883,0.520838737488
114885,0.879372060299
114887,0.838133394718
114889,0.74616086483
114890,0.807848751545
114892,0.900960028172
114893,0.967446565628
114894,0.867329120636
114895,0.850826919079
114896,0.90261811018
114897,0.873227000237
114898,0.844776690006
114899,0.279399782419
114902,0.848287165165
114905,0.590281903744
114911,0.916585206985
114912,0.966115176678
114913,0.929296731949
114914,0.910413086414
114916,0.98544716835
114921,0.618310451508
114922,0.312538802624
114923,0.890236973763
114926,0.725303173065
114930,0.956367373466
114932,0.560484111309
114936,0.868908882141
114937,0.894481241703
114938,0.878040075302
114940,0.906275868416
114943,0.751259624958
114946,0.77032661438
114947,0.822551965714
114948,0.948603093624
114949,0.941645562649
114951,0.532376587391
114952,0.458968609571
114953,0.66694611311
114955,0.94979852438
114957,0.920332729816
114958,0.828711569309
114962,0.372119992971
114965,0.490877628326
114968,0.962194383144
114970,0.591774582863
114971,0.734995901585
114972,0.857346117496
114976,0.90908664465
114979,0.915505826473
114981,0.700257658958
114982,0.77590495348
114983,0.879138708115
114986,0.856129288673
114995,0.83890157938
114999,0.545632481575
115000,0.824736297131
115001,0.972116947174
115002,0.925896584988
115003,0.759206056595
115004,0.94704836607
115005,0.900181055069
115006,0.503358364105
115008,0.967688798904
115010,0.949489831924
115014,0.774589240551
115015,0.737691640854
115016,0.791736185551
115020,0.89186912775
115021,0.84383815527
115023,0.725267887115
115027,0.93653345108
115030,0.983556747437
115031,0.699901163578
115033,0.972819626331
115034,0.437934458256
115035,0.743993163109
115037,0.772511541843
115039,0.951863050461
115040,0.384693771601
115041,0.712345302105
115044,0.877181410789
115045,0.868828713894
115047,0.841417551041
115049,0.954400002956
115052,0.468365818262
115053,0.86684679985
115054,0.715697109699
115055,0.873416364193
115056,0.830210506916
115057,0.936588346958
115058,0.761026978493
115060,0.783602416515
115063,0.914703845978
115068,0.96641010046
115069,0.636197268963
115070,0.872214078903
115071,0.940410673618
115072,0.907856702805
115074,0.609094142914
115075,0.31710216403
115076,0.744610786438
115078,0.959187746048
115086,0.177427992225
115088,0.970741689205
115090,0.968194901943
115093,0.92934602499
115098,0.692380487919
115099,0.844129502773
115101,0.854989945889
115103,0.969327330589
115106,0.602651178837
115107,0.756395280361
115109,0.951392650604
115110,0.836058497429
115111,0.823976397514
115115,0.89996868372
115118,0.826611399651
115119,0.921192586422
115120,0.732505738735
115121,0.905580997467
115122,0.909967303276
115124,0.773388028145
115126,0.591481745243
115127,0.942481577396
115128,0.693270623684
115129,0.547793090343
115130,0.633468389511
115131,0.790138781071
115133,0.740492522717
115136,0.968233346939
115138,0.480334401131
115139,0.965222299099
115143,0.959775984287
115146,0.874541938305
115149,0.989017605782
115150,0.77753341198
115152,0.978120267391
115155,0.966040313244
115156,0.87056350708
115157,0.860578715801
115159,0.943031787872
115160,0.733432412148
115161,0.803852796555
115167,0.762544691563
115168,0.850608110428
115171,0.16547948122
115174,0.757458090782
115175,0.805166065693
115177,0.647207319736
115178,0.922624707222
115180,0.794594287872
115181,0.9240847826
115182,0.77724647522
115183,0.781861662865
115184,0.832826137543
115185,0.448269158602
115186,0.859289646149
115188,0.877816915512
115192,0.0733993500471
115193,0.989356935024
115197,0.41662889719
115198,0.910901844501
115199,0.722014963627
115200,0.891134381294
115201,0.9025811553
115202,0.672746419907
115203,0.854916989803
115204,0.983810842037
115207,0.963650763035
115212,0.944050371647
115216,0.512075603008
115218,0.863159954548
115219,0.489970356226
115222,0.337583273649
115223,0.752813458443
115224,0.541712999344
115225,0.922171533108
115226,0.930329084396
115231,0.879931867123
115235,0.94684112072
115237,0.930804371834
115240,0.929035067558
115241,0.676359891891
115246,0.733071267605
115248,0.849964916706
115249,0.976393520832
115250,0.840569913387
115251,0.771347522736
115252,0.804660558701
115256,0.588844001293
115258,0.811246693134
115265,0.41053622961
115266,0.848020851612
115267,0.888283371925
115268,0.793184161186
115271,0.862052857876
115272,0.973991394043
115276,0.959376096725
115278,0.669237196445
115279,0.627452790737
115280,0.797322273254
115281,0.792373657227
115282,0.91550475359
115283,0.887401282787
115284,0.966696023941
115286,0.884384393692
115287,0.681608140469
115290,0.422861754894
115291,0.890464246273
115292,0.932635843754
115294,0.805052518845
115295,0.609751522541
115297,0.744734823704
115305,0.974074304104
115310,0.551368534565
115311,0.696156859398
115313,0.913085103035
115317,0.929874479771
115318,0.927353084087
115321,0.542643964291
115324,0.809542715549
115327,0.989053070545
115331,0.551990449429
115332,0.925065040588
115334,0.796447396278
115338,0.966600775719
115341,0.428107768297
115343,0.378996193409
115345,0.898601830006
115347,0.54075717926
115349,0.919211685658
115350,0.73267018795
115352,0.902565956116
115353,0.946407198906
115356,0.767985582352
115359,0.58033645153
115365,0.730266690254
115366,0.906997740269
115367,0.636809945107
115368,0.852206707001
115369,0.694066405296
115370,0.789169430733
115371,0.811744570732
115372,0.918736279011
115375,0.841105878353
115376,0.94853323698
115378,0.759771049023
115379,0.84227836132
115381,0.689151883125
115382,0.96350222826
115384,0.451329857111
115385,0.484656095505
115388,0.194354072213
115389,0.924803197384
115390,0.829502344131
115393,0.673283576965
115394,0.409780144691
115395,0.828395605087
115396,0.984068095684
115397,0.674734115601
115400,0.503346979618
115402,0.37057235837
115406,0.939666628838
115408,0.889855504036
115409,0.878933489323
115411,0.96350812912
115413,0.377725571394
115416,0.681182801723
115417,0.8370013237
115418,0.946893572807
115420,0.591730296612
115421,0.956363558769
115423,0.671361804008
115424,0.758257687092
115425,0.987428843975
115431,0.954588532448
115434,0.808425188065
115435,0.902958571911
115436,0.712121129036
115437,0.504815459251
115438,0.826983809471
115441,0.801226496696
115444,0.233269646764
115446,0.744419634342
115453,0.730246543884
115455,0.977409124374
115456,0.69225114584
115457,0.981511056423
115460,0.684823989868
115461,0.823232710361
115462,0.723088800907
115467,0.824336946011
115468,0.788036882877
115470,0.74938750267
115471,0.225552216172
115474,0.857641279697
115475,0.834820508957
115477,0.61798864603
115478,0.912899494171
115480,0.689082622528
115481,0.950387239456
115483,0.978123009205
115486,0.93356269598
115487,0.661838769913
115488,0.977234363556
115492,0.978377282619
115493,0.567593753338
115494,0.992207348347
115496,0.745299518108
115499,0.739619970322
115500,0.631953239441
115504,0.526133298874
115506,0.621512115002
115507,0.655902564526
115508,0.273474574089
115509,0.871437728405
115510,0.889383852482
115511,0.728717625141
115512,0.833594799042
115514,0.736284315586
115515,0.839923977852
115520,0.438182145357
115522,0.975204110146
115524,0.902943611145
115526,0.589722812176
115531,0.837529301643
115533,0.99038785696
115538,0.732882797718
115541,0.691966891289
115543,0.983798980713
115544,0.955451190472
115545,0.649900317192
115546,0.491539210081
115548,0.604627490044
115549,0.867580473423
115550,0.889907240868
115558,0.716038107872
115559,0.945816576481
115561,0.92388856411
115564,0.98959851265
115566,0.581400096416
115568,0.72267383337
115572,0.977559030056
115574,0.701607227325
115575,0.915676414967
115576,0.676623940468
115578,0.86066621542
115580,0.985446929932
115581,0.692206919193
115582,0.406598627567
115583,0.835271537304
115584,0.680174410343
115587,0.877278149128
115588,0.741480350494
115591,0.942741513252
115593,0.67287003994
115594,0.943490684032
115598,0.985078573227
115599,0.747951626778
115602,0.841773509979
115603,0.974366903305
115604,0.869664013386
115605,0.846795022488
115607,0.74066978693
115608,0.790800392628
115610,0.857492208481
115611,0.935817778111
115612,0.862453579903
115614,0.874383807182
115615,0.82093757391
115618,0.771969020367
115623,0.944381356239
115624,0.50296318531
115629,0.86730414629
115630,0.954764127731
115634,0.823109030724
115637,0.871321260929
115638,0.664215743542
115640,0.906828582287
115642,0.785093724728
115643,0.789712131023
115644,0.964620053768
115646,0.771866619587
115648,0.779955327511
115650,0.923778712749
115651,0.566091656685
115653,0.958741128445
115654,0.927456974983
115659,0.895252406597
115660,0.915656328201
115664,0.813726365566
115665,0.527313888073
115669,0.813706576824
115670,0.496213823557
115673,0.840178012848
115675,0.530175805092
115676,0.901083290577
115678,0.939725577831
115679,0.59391361475
115680,0.425048440695
115681,0.980930089951
115683,0.953195989132
115685,0.511950016022
115686,0.355847746134
115689,0.622528553009
115691,0.935820281506
115695,0.699365794659
115698,0.759480476379
115700,0.928752720356
115702,0.928671896458
115706,0.890894174576
115707,0.676016509533
115709,0.829272270203
115710,0.939846873283
115712,0.880777716637
115713,0.961286962032
115716,0.801505208015
115717,0.810291826725
115720,0.81906235218
115722,0.76587665081
115724,0.688631236553
115725,0.942515432835
115728,0.888507843018
115729,0.872307062149
115731,0.402416944504
115735,0.946036934853
115736,0.954612731934
115737,0.762655079365
115739,0.943596422672
115740,0.773413896561
115742,0.980957627296
115745,0.844742417336
115746,0.974534511566
115748,0.134714439511
115749,0.568570792675
115753,0.964459240437
115754,0.73194539547
115755,0.85371607542
115756,0.948568224907
115757,0.900094985962
115758,0.945611536503
115759,0.800762653351
115760,0.755243420601
115762,0.686813235283
115763,0.834088206291
115768,0.979094803333
115769,0.850514829159
115776,0.70639359951
115778,0.847786784172
115781,0.780180752277
115782,0.975937604904
115786,0.87743717432
115787,0.6692481637
115789,0.943975806236
115792,0.801086843014
115796,0.885997653008
115798,0.802790403366
115801,0.168534144759
115803,0.747904062271
115804,0.677184402943
115808,0.649496078491
115810,0.659033298492
115812,0.776861429214
115813,0.912946820259
115814,0.761811077595
115816,0.779687345028
115817,0.830303370953
115822,0.796352922916
115823,0.654790759087
115825,0.434398114681
115826,0.814232647419
115827,0.908703565598
115831,0.755549788475
115832,0.749249100685
115838,0.954073369503
115840,0.901276171207
115841,0.734031140804
115842,0.964047372341
115844,0.725914359093
115845,0.97127276659
115847,0.898090958595
115848,0.332467257977
115849,0.295192629099
115852,0.95524084568
115856,0.765436410904
115857,0.876416683197
115860,0.316480487585
115861,0.910582363605
115862,0.749681055546
115864,0.679741322994
115866,0.423001557589
115867,0.594344139099
115873,0.774587750435
115874,0.806929707527
115875,0.755892515182
115876,0.815669536591
115877,0.720949947834
115878,0.735021591187
115879,0.782170057297
115881,0.967708587646
115885,0.920988559723
115888,0.369017124176
115891,0.889613986015
115894,0.48580545187
115895,0.745381772518
115896,0.663096785545
115899,0.893883466721
115900,0.739624381065
115901,0.594372630119
115908,0.684638679028
115910,0.779419779778
115911,0.565524160862
115912,0.46900036931
115914,0.521923720837
115915,0.86097407341
115916,0.841491818428
115918,0.839598834515
115921,0.939760565758
115924,0.972602725029
115926,0.943454742432
115927,0.845162689686
115929,0.960263431072
115931,0.521233081818
115932,0.947591722012
115933,0.869381666183
115944,0.669844448566
115946,0.93001717329
115948,0.944081962109
115949,0.949861645699
115950,0.553278207779
115954,0.131053507328
115956,0.653352797031
115958,0.83076864481
115959,0.582615554333
115960,0.813981771469
115962,0.775232672691
115968,0.986715853214
115969,0.983062386513
115970,0.227738127112
115971,0.846609115601
115972,0.470114201307
115977,0.775302708149
115978,0.980169355869
115981,0.600089073181
115983,0.831161737442
115984,0.897993087769
115986,0.704357981682
115992,0.643419384956
115993,0.844665706158
115997,0.76875692606
115999,0.632957935333
116000,0.964957594872
116002,0.618286550045
116004,0.920239806175
116005,0.972709953785
116006,0.987605452538
116008,0.981114447117
116014,0.834122657776
116015,0.898664712906
116017,0.451724112034
116018,0.823017656803
116020,0.678819775581
116021,0.700998365879
116022,0.922721087933
116025,0.730160951614
116028,0.856606066227
116029,0.393104940653
116031,0.738320112228
116032,0.948996186256
116034,0.89579731226
116035,0.768249332905
116036,0.780539572239
116037,0.677812218666
116038,0.60243088007
116042,0.39241874218
116046,0.772275805473
116047,0.418136775494
116048,0.965322375298
116049,0.850091457367
116050,0.982869327068
116052,0.878802120686
116054,0.913655042648
116056,0.440407276154
116061,0.848597347736
116063,0.765036523342
116065,0.975588321686
116068,0.74975758791
116069,0.846612155437
116070,0.804572165012
116073,0.494814962149
116074,0.968473672867
116075,0.964516580105
116077,0.433493882418
116083,0.795247793198
116086,0.592083096504
116093,0.770817518234
116095,0.835237205029
116096,0.885788738728
116097,0.881346464157
116098,0.677794933319
116108,0.83368986845
116110,0.858040750027
116111,0.831517755985
116112,0.887672305107
116120,0.703129529953
116126,0.803626954556
116127,0.965913832188
116129,0.992824912071
116133,0.745690107346
116134,0.875610411167
116136,0.786900877953
116137,0.753765285015
116138,0.483242690563
116140,0.74449378252
116142,0.862154662609
116143,0.644002735615
116146,0.941117107868
116148,0.738258004189
116149,0.645344674587
116150,0.74675154686
116151,0.949647545815
116153,0.93238735199
116154,0.98603695631
116161,0.788612008095
116162,0.978518486023
116173,0.778315901756
116177,0.806953668594
116180,0.622096061707
116181,0.900878727436
116182,0.926653146744
116189,0.505899906158
116190,0.915899991989
116191,0.75875133276
116193,0.958679556847
116194,0.861721932888
116195,0.977625310421
116197,0.651941001415
116201,0.713734984398
116203,0.822466015816
116206,0.919738590717
116211,0.837849020958
116212,0.742507278919
116213,0.945970833302
116214,0.983816206455
116215,0.410265147686
116216,0.444320142269
116218,0.853044033051
116224,0.855554461479
116225,0.881499350071
116229,0.92358481884
116230,0.0793495550752
116231,0.387106060982
116232,0.831790804863
116234,0.973767101765
116236,0.826607644558
116237,0.804701209068
116239,0.613473713398
116240,0.845680117607
116241,0.78626447916
116242,0.915915668011
116244,0.444788962603
116250,0.924899458885
116255,0.980378568172
116257,0.633690953255
116261,0.733957588673
116262,0.425074368715
116263,0.773323476315
116264,0.51116925478
116268,0.932989954948
116269,0.524673819542
116273,0.847552597523
116277,0.608469069004
116278,0.690319597721
116281,0.922129333019
116283,0.797509551048
116284,0.757486820221
116286,0.793631851673
116290,0.849054694176
116291,0.870494306087
116293,0.761108219624
116294,0.912915885448
116299,0.881211817265
116301,0.946580827236
116305,0.669780135155
116306,0.619131684303
116307,0.856876432896
116308,0.674051582813
116309,0.796773850918
116312,0.831556558609
116316,0.474259585142
116322,0.807281494141
116323,0.907483637333
116324,0.390951693058
116325,0.606954395771
116326,0.309203445911
116329,0.108780048788
116330,0.981141090393
116333,0.847125768661
116335,0.989704191685
116336,0.856788575649
116338,0.853143453598
116340,0.890178322792
116342,0.877075791359
116343,0.933556675911
116345,0.790957093239
116346,0.876188993454
116347,0.851750969887
116351,0.926598370075
116354,0.514202773571
116355,0.610055029392
116357,0.946134448051
116358,0.937200903893
116359,0.814472258091
116360,0.865006327629
116361,0.0645027086139
116365,0.78723603487
116367,0.351220548153
116370,0.934809267521
116373,0.790973544121
116374,0.827466487885
116375,0.954685211182
116377,0.925259709358
116378,0.465040355921
116379,0.895290613174
116380,0.941854655743
116381,0.812209129333
116382,0.836049318314
116384,0.893887639046
116387,0.886514127254
116390,0.961404025555
116391,0.514484167099
116397,0.88375043869
116398,0.734199643135
116400,0.923086047173
116401,0.0541877895594
116402,0.745129883289
116403,0.881566822529
116406,0.955026745796
116407,0.926342844963
116408,0.827565670013
116410,0.458219408989
116411,0.627463817596
116417,0.979802310467
116421,0.849287509918
116425,0.671441376209
116426,0.567310571671
116431,0.721831560135
116432,0.356570631266
116433,0.764169752598
116435,0.878385782242
116437,0.56859010458
116440,0.618971705437
116442,0.69518071413
116443,0.890685141087
116444,0.391664922237
116445,0.816435754299
116448,0.599611639977
116451,0.797280848026
116453,0.749661982059
116454,0.737667441368
116457,0.959899187088
116459,0.792627990246
116461,0.898346602917
116462,0.764503240585
116466,0.960671424866
116469,0.90835082531
116474,0.976059854031
116475,0.929167211056
116477,0.70627874136
116479,0.643462181091
116480,0.852921187878
116484,0.947235643864
116488,0.790058135986
116489,0.954593062401
116490,0.504892468452
116496,0.912603139877
116499,0.826294541359
116502,0.766886115074
116504,0.812988758087
116505,0.923919379711
116507,0.638089597225
116508,0.460879802704
116513,0.888463258743
116514,0.889806091785
116519,0.862373352051
116520,0.92099583149
116521,0.308725476265
116523,0.991858184338
116524,0.682842254639
116527,0.888732492924
116528,0.432645767927
116529,0.985696792603
116530,0.716324627399
116531,0.897638320923
116532,0.592517077923
116534,0.755581736565
116535,0.982698023319
116537,0.806560575962
116538,0.865830898285
116539,0.835977673531
116543,0.869687020779
116546,0.733188033104
116547,0.825415611267
116551,0.672718286514
116552,0.843272149563
116554,0.803091049194
116555,0.751762151718
116557,0.918698251247
116558,0.986413359642
116562,0.830866277218
116564,0.871689617634
116565,0.771913468838
116567,0.818575382233
116571,0.752937316895
116574,0.969019711018
116575,0.907275557518
116577,0.983060777187
116578,0.830244362354
116580,0.790612459183
116581,0.880820691586
116582,0.686597645283
116583,0.948642969131
116585,0.398389548063
116587,0.882440447807
116589,0.778185069561
116590,0.599854767323
116592,0.933801114559
116598,0.614425063133
116600,0.758008182049
116603,0.896010994911
116607,0.723751187325
116610,0.896460652351
116611,0.65118676424
116614,0.74372369051
116615,0.993891954422
116617,0.946139156818
116621,0.77531671524
116623,0.94829672575
116626,0.892144680023
116628,0.864861488342
116631,0.562641561031
116632,0.99259853363
116633,0.923366069794
116634,0.708334743977
116636,0.93080085516
116637,0.801970183849
116638,0.537675440311
116639,0.919509589672
116643,0.734124302864
116645,0.970349550247
116646,0.965979576111
116647,0.990705788136
116651,0.556757688522
116652,0.655614793301
116654,0.75018954277
116656,0.651341497898
116663,0.936823308468
116665,0.684123158455
116666,0.682121753693
116667,0.893979668617
116670,0.771635115147
116673,0.951812028885
116674,0.912878751755
116677,0.886194467545
116678,0.633228957653
116679,0.592205405235
116682,0.3323110044
116686,0.970022022724
116687,0.933817088604
116690,0.808767199516
116695,0.967390775681
116697,0.666259407997
116698,0.867474377155
116704,0.654830813408
116705,0.971272110939
116706,0.633318841457
116707,0.703669250011
116709,0.984714210033
116712,0.817300260067
116713,0.879969656467
116716,0.94242054224
116718,0.985128760338
116719,0.589229643345
116720,0.437153100967
116723,0.433981776237
116725,0.452675610781
116730,0.49564152956
116733,0.360169172287
116735,0.134108498693
116736,0.775583744049
116739,0.708802819252
116740,0.654141664505
116741,0.929609775543
116742,0.875602126122
116744,0.932240307331
116745,0.84904897213
116746,0.976267516613
116747,0.550660133362
116748,0.763175010681
116749,0.475484609604
116750,0.913886189461
116751,0.906127512455
116752,0.912998139858
116753,0.957238256931
116754,0.847492754459
116755,0.365680247545
116756,0.946721196175
116758,0.722974598408
116761,0.790900290012
116764,0.853672266006
116766,0.974175512791
116769,0.975962758064
116770,0.698633730412
116771,0.524061739445
116772,0.92207968235
116775,0.984231829643
116777,0.929141998291
116779,0.948554575443
116781,0.552545547485
116782,0.613523542881
116785,0.503205597401
116789,0.762381792068
116790,0.952790021896
116792,0.860551953316
116794,0.701900959015
116797,0.783721745014
116798,0.729757428169
116799,0.480926305056
116803,0.989582896233
116804,0.25957596302
116805,0.890165269375
116806,0.9877628088
116807,0.896555662155
116809,0.679309010506
116812,0.923244535923
116813,0.495472669601
116815,0.748607039452
116817,0.661420285702
116823,0.88306581974
116824,0.650132000446
116825,0.914372444153
116826,0.539709627628
116828,0.48699054122
116830,0.938837945461
116831,0.282641708851
116833,0.940062880516
116834,0.590140223503
116835,0.974583685398
116838,0.891489267349
116840,0.799473285675
116842,0.986378312111
116843,0.800692975521
116845,0.536069452763
116846,0.951944351196
116847,0.782469630241
116848,0.629341244698
116853,0.706861495972
116854,0.840442836285
116857,0.539347112179
116859,0.853840410709
116860,0.274796515703
116864,0.914803802967
116865,0.807828843594
116867,0.602448284626
116868,0.992744922638
116872,0.811385214329
116873,0.763185203075
116874,0.691396772861
116876,0.964467763901
116877,0.882216453552
116879,0.627321302891
116881,0.643348574638
116882,0.81561768055
116883,0.79146695137
116885,0.35235491395
116887,0.888833403587
116893,0.560715556145
116894,0.960122644901
116895,0.974389731884
116897,0.834934949875
116898,0.580414354801
116900,0.828194618225
116902,0.690347254276
116903,0.976788640022
116907,0.755206406116
116908,0.67773771286
116910,0.952521800995
116911,0.960983991623
116914,0.97545593977
116920,0.866719305515
116921,0.739453494549
116924,0.660746335983
116927,0.881887674332
116928,0.706391572952
116931,0.797896564007
116933,0.959979057312
116936,0.628339648247
116937,0.673135101795
116939,0.919388055801
116942,0.553086817265
116943,0.871726751328
116952,0.822207331657
116953,0.728483915329
116955,0.698753714561
116957,0.810401439667
116958,0.772871792316
116959,0.75263684988
116961,0.535035908222
116962,0.905051350594
116966,0.971631169319
116967,0.836207270622
116968,0.973728299141
116969,0.971611142159
116971,0.251636445522
116975,0.957888305187
116976,0.293267279863
116979,0.836007356644
116981,0.957268834114
116983,0.784098267555
116985,0.690668821335
116986,0.949696481228
116988,0.769343614578
116989,0.870568990707
116992,0.797615647316
116993,0.650400519371
116997,0.832228839397
116999,0.945580005646
117003,0.87057697773
117006,0.887674570084
117007,0.873933851719
117008,0.323316603899
117010,0.961223244667
117011,0.448528319597
117012,0.968868076801
117013,0.839617013931
117016,0.75137168169
117025,0.575351774693
117026,0.71700835228
117027,0.946538984776
117028,0.884732663631
117030,0.883720755577
117031,0.897315621376
117034,0.950154364109
117036,0.659936845303
117037,0.82156252861
117040,0.811054229736
117041,0.793766021729
117042,0.954781711102
117044,0.712594091892
117045,0.887027382851
117046,0.771557509899
117049,0.425252407789
117052,0.877825438976
117054,0.944036126137
117055,0.808513104916
117058,0.840745508671
117059,0.434719920158
117061,0.866328716278
117062,0.788079321384
117064,0.554584562778
117065,0.747020065784
117067,0.937382102013
117068,0.483400136232
117070,0.728304743767
117071,0.947020590305
117072,0.953732550144
117075,0.952357947826
117077,0.939091563225
117080,0.510619342327
117081,0.891793251038
117082,0.9291061759
117085,0.800814449787
117093,0.964543759823
117094,0.816105186939
117095,0.920477509499
117096,0.767710030079
117098,0.895967721939
117099,0.788338780403
117101,0.922847867012
117102,0.813851952553
117108,0.982786893845
117110,0.422893315554
117113,0.969732642174
117116,0.863578915596
117117,0.852122962475
117118,0.545449256897
117121,0.740971505642
117122,0.977254867554
117123,0.482284128666
117124,0.892114579678
117127,0.779576063156
117129,0.972466766834
117130,0.872271418571
117133,0.575423717499
117134,0.8664752841
117135,0.718716800213
117136,0.621558368206
117140,0.883438229561
117142,0.728951454163
117143,0.462082773447
117146,0.832522392273
117149,0.899313271046
117150,0.879876971245
117151,0.905135631561
117153,0.841753423214
117154,0.584184646606
117156,0.713851094246
117158,0.975514471531
117159,0.603800415993
117160,0.908013939857
117161,0.894739329815
117164,0.918865025043
117167,0.97505491972
117168,0.972389280796
117171,0.746701180935
117174,0.768915534019
117175,0.853672266006
117176,0.742846786976
117178,0.807004868984
117180,0.487945467234
117181,0.561136305332
117187,0.858180522919
117189,0.790182650089
117192,0.93095767498
117193,0.480104744434
117199,0.781902134418
117203,0.905820190907
117205,0.878624379635
117207,0.8368922472
117208,0.977898955345
117209,0.74619358778
117211,0.978629529476
117216,0.978126347065
117218,0.965441167355
117220,0.747396588326
117222,0.937753915787
117224,0.837976813316
117226,0.883736491203
117227,0.968050539494
117228,0.517184138298
117229,0.982827186584
117238,0.881966769695
117239,0.555082380772
117240,0.876209795475
117241,0.754961669445
117242,0.784421086311
117243,0.501759529114
117244,0.93538236618
117245,0.144025444984
117247,0.934423327446
117250,0.741095602512
117252,0.621668994427
117253,0.623700737953
117256,0.877953231335
117258,0.986017405987
117259,0.778329432011
117260,0.375465422869
117261,0.620103776455
117262,0.311563372612
117263,0.776999533176
117265,0.519548356533
117266,0.748252093792
117276,0.894784450531
117277,0.988494217396
117278,0.90332788229
117279,0.970688998699
117280,0.799783468246
117281,0.624754071236
117285,0.705756187439
117289,0.645634233952
117293,0.966125845909
117295,0.815871834755
117296,0.883262395859
117298,0.796625375748
117300,0.39275598526
117303,0.845201253891
117305,0.728750944138
117306,0.73053330183
117308,0.949480473995
117309,0.975285828114
117311,0.910391926765
117312,0.976094186306
117315,0.869513213634
117316,0.721962630749
117318,0.43746972084
117319,0.98950958252
117322,0.579522073269
117324,0.741647660732
117329,0.846271514893
117330,0.708704650402
117332,0.760958373547
117333,0.627249717712
117338,0.943959891796
117340,0.885857224464
117341,0.606449902058
117342,0.976765096188
117343,0.750232934952
117344,0.763503730297
117349,0.849155724049
117353,0.565870702267
117356,0.712594270706
117357,0.852052092552
117358,0.896406054497
117362,0.733522593975
117363,0.929466307163
117364,0.937019050121
117365,0.986035466194
117367,0.817926883698
117368,0.909518361092
117369,0.847682058811
117370,0.882171154022
117376,0.724230229855
117377,0.918692708015
117380,0.858006596565
117382,0.969635307789
117384,0.905988991261
117385,0.986116349697
117386,0.943584084511
117389,0.948687851429
117393,0.871866703033
117395,0.823783755302
117396,0.639744341373
117397,0.727391719818
117398,0.425479531288
117399,0.9403013587
117400,0.0897836536169
117401,0.940031051636
117402,0.568391740322
117403,0.619477152824
117404,0.817283034325
117406,0.649270176888
117409,0.831313490868
117411,0.906309247017
117412,0.60780608654
117415,0.554142653942
117418,0.956547319889
117423,0.85403162241
117424,0.907094120979
117425,0.832043290138
117426,0.739121854305
117429,0.849658966064
117430,0.95768147707
117432,0.985149741173
117433,0.698540449142
117434,0.914293766022
117435,0.767413437366
117438,0.519323348999
117440,0.814610481262
117444,0.851191401482
117445,0.864788711071
117451,0.875091969967
117454,0.579857230186
117455,0.961363315582
117457,0.88633877039
117459,0.773366332054
117461,0.932058870792
117466,0.89755064249
117470,0.96362888813
117471,0.763037323952
117473,0.927745699883
117475,0.814542651176
117478,0.797617137432
117481,0.94951736927
117482,0.696333169937
117483,0.191344216466
117485,0.810302495956
117486,0.839569509029
117489,0.934747576714
117493,0.599472343922
117495,0.706324517727
117497,0.931776404381
117499,0.703616201878
117500,0.693864822388
117502,0.800063550472
117504,0.45187240839
117505,0.694760799408
117506,0.777088105679
117508,0.936395347118
117509,0.638841331005
117513,0.0815946906805
117516,0.922263860703
117521,0.924788534641
117522,0.984735012054
117523,0.821514010429
117524,0.813111841679
117526,0.847712099552
117530,0.890007853508
117531,0.913926303387
117532,0.813686966896
117533,0.775173604488
117536,0.617349863052
117538,0.885717093945
117539,0.906031548977
117540,0.969369888306
117543,0.0666527599096
117553,0.564602196217
117554,0.700709223747
117555,0.96867531538
117558,0.902224063873
117559,0.874004602432
117560,0.223354637623
117561,0.497692674398
117562,0.898402392864
117563,0.131423562765
117564,0.781623005867
117565,0.885366916656
117568,0.98035722971
117572,0.919912338257
117573,0.9707711339
117574,0.987519741058
117575,0.74418848753
117576,0.947350621223
117583,0.867566823959
117584,0.863728642464
117585,0.757460355759
117587,0.79603523016
117588,0.930941939354
117590,0.857151031494
117592,0.845756947994
117593,0.894486486912
117594,0.568072140217
117596,0.658251583576
117597,0.255783379078
117598,0.279210358858
117599,0.748795390129
117601,0.791263580322
117603,0.769449532032
117604,0.884532511234
117605,0.866561472416
117606,0.799966037273
117608,0.91698127985
117611,0.939787387848
117612,0.853617012501
117614,0.708193600178
117616,0.411118417978
117620,0.88988161087
117621,0.811736941338
117622,0.91878670454
117623,0.474552959204
117627,0.836679339409
117629,0.351668119431
117631,0.843248486519
117634,0.788712263107
117635,0.835312247276
117637,0.603654205799
117639,0.486255735159
117640,0.932046115398
117642,0.742319107056
117643,0.752069413662
117644,0.784829080105
117645,0.373073488474
117650,0.950278997421
117651,0.753641486168
117653,0.977691054344
117654,0.881691217422
117658,0.700790584087
117662,0.692937910557
117663,0.865811049938
117664,0.904525160789
117668,0.909933447838
117673,0.955312430859
117674,0.759886801243
117675,0.920530021191
117677,0.987794518471
117678,0.897697508335
117679,0.911364674568
117682,0.712970733643
117686,0.914786636829
117687,0.769700586796
117689,0.980354249477
117692,0.819746911526
117693,0.602608084679
117695,0.666716635227
117698,0.896871984005
117700,0.774449944496
117702,0.771639883518
117703,0.627072870731
117704,0.242116242647
117705,0.847222030163
117709,0.900526404381
117711,0.53542304039
117713,0.946828484535
117714,0.964515149593
117716,0.116888687015
117718,0.827932476997
117720,0.895508885384
117722,0.693459093571
117724,0.892077147961
117726,0.974548876286
117728,0.883829057217
117731,0.948719501495
117732,0.680427849293
117734,0.972900152206
117735,0.642555773258
117736,0.346890509129
117739,0.912012696266
117744,0.790312170982
117745,0.925036430359
117746,0.776398599148
117748,0.704046666622
117754,0.903099119663
117755,0.766633272171
117756,0.473774045706
117757,0.595081865788
117758,0.961585462093
117760,0.877280235291
117761,0.610369622707
117763,0.965823531151
117765,0.154256492853
117766,0.698138773441
117767,0.755930304527
117768,0.665875554085
117769,0.787727355957
117770,0.595335245132
117774,0.873496353626
117775,0.93460136652
117778,0.617675185204
117779,0.887134671211
117781,0.950008869171
117783,0.304530262947
117786,0.95030194521
117790,0.392210543156
117791,0.964152276516
117794,0.752442479134
117795,0.730349779129
117797,0.951585114002
117800,0.761536359787
117801,0.920314848423
117802,0.974991440773
117804,0.815699577332
117806,0.764954268932
117807,0.484121471643
117808,0.848064959049
117809,0.90013730526
117812,0.931161820889
117813,0.966968595982
117815,0.886543750763
117816,0.761233925819
117821,0.551337718964
117822,0.858179092407
117823,0.680238306522
117824,0.98594045639
117827,0.879136323929
117828,0.713154673576
117829,0.945928871632
117831,0.430498600006
117833,0.698109030724
117834,0.847356498241
117835,0.755341231823
117839,0.79310721159
117840,0.699722647667
117841,0.682632863522
117844,0.766676187515
117846,0.987012684345
117848,0.625873744488
117850,0.342264205217
117851,0.401058584452
117852,0.900656044483
117854,0.850825130939
117855,0.95206451416
117858,0.828045785427
117859,0.779476702213
117861,0.717686474323
117862,0.905936717987
117863,0.620765209198
117864,0.79275894165
117869,0.787397742271
117870,0.586781859398
117872,0.652305781841
117874,0.848888576031
117878,0.864502370358
117879,0.71279501915
117882,0.870298862457
117883,0.83816421032
117884,0.337817072868
117885,0.980367302895
117887,0.512929439545
117888,0.948723137379
117890,0.546197116375
117891,0.85322535038
117894,0.931522727013
117895,0.934878230095
117896,0.811883151531
117897,0.747500956059
117899,0.890239655972
117901,0.748243629932
117904,0.552997291088
117905,0.802794694901
117906,0.829085767269
117907,0.695919752121
117908,0.685925602913
117909,0.746898055077
117911,0.793390095234
117912,0.138771116734
117914,0.40585449338
117915,0.937709629536
117917,0.834451496601
117919,0.66606515646
117920,0.49355083704
117921,0.880865514278
117922,0.591281175613
117923,0.765438318253
117924,0.867492735386
117925,0.856238603592
117926,0.97510445118
117930,0.953396320343
117931,0.571756362915
117932,0.554247915745
117933,0.686150372028
117934,0.318787842989
117938,0.693922460079
117942,0.65296036005
117945,0.460628956556
117946,0.785231232643
117948,0.846052408218
117949,0.46381047368
117951,0.666915655136
117955,0.790542721748
117957,0.66708523035
117958,0.938948810101
117959,0.631484150887
117961,0.834399461746
117963,0.85524892807
117964,0.986456811428
117966,0.897083103657
117968,0.813453733921
117974,0.980531156063
117975,0.987141132355
117977,0.819869637489
117978,0.870824754238
117979,0.97487282753
117980,0.663504064083
117984,0.832410633564
117985,0.790735781193
117986,0.995168328285
117988,0.6500223279
117990,0.845503568649
117992,0.78893917799
117993,0.940298199654
118002,0.84624350071
118005,0.707041621208
118007,0.65171122551
118008,0.965991139412
118009,0.165895834565
118013,0.99358022213
118015,0.931511342525
118018,0.398779988289
118021,0.64238268137
118022,0.978256046772
118024,0.689713716507
118025,0.924568355083
118026,0.599780857563
118027,0.811583936214
118035,0.86124920845
118036,0.957853734493
118038,0.836116015911
118039,0.918476462364
118043,0.858834922314
118044,0.677045345306
118045,0.154767468572
118046,0.861586272717
118048,0.541154682636
118055,0.59159475565
118056,0.685004591942
118058,0.976011157036
118060,0.709004282951
118064,0.816085875034
118065,0.3347889781
118066,0.817446887493
118073,0.430102616549
118076,0.878042757511
118081,0.775130867958
118082,0.671017289162
118083,0.838011741638
118085,0.246153444052
118086,0.979448914528
118088,0.960266172886
118089,0.672745168209
118091,0.895757257938
118092,0.898174166679
118093,0.840913712978
118094,0.979099690914
118099,0.951692521572
118103,0.938659369946
118104,0.976324319839
118105,0.957985341549
118108,0.956477820873
118110,0.981412649155
118113,0.779091954231
118114,0.33494463563
118115,0.864263117313
118116,0.735101640224
118117,0.621569931507
118119,0.958972394466
118121,0.94757771492
118122,0.814960241318
118124,0.802963972092
118125,0.943235337734
118126,0.940456628799
118127,0.973960757256
118129,0.83543753624
118130,0.767034232616
118131,0.908475756645
118135,0.981429636478
118136,0.836543321609
118138,0.959872603416
118140,0.333272248507
118144,0.340773433447
118146,0.873908936977
118147,0.870626270771
118148,0.720797002316
118149,0.721064269543
118153,0.691245794296
118155,0.757629692554
118156,0.532188892365
118157,0.98439770937
118160,0.857559978962
118163,0.539438724518
118164,0.904468297958
118166,0.893036663532
118168,0.857472062111
118173,0.976166784763
118174,0.962955653667
118175,0.573439598083
118177,0.928826868534
118178,0.950396895409
118179,0.88848978281
118181,0.859303832054
118186,0.592190027237
118187,0.877291083336
118188,0.776959836483
118192,0.737045764923
118193,0.775571465492
118194,0.884475409985
118197,0.791109979153
118200,0.947254240513
118203,0.872674405575
118204,0.862761557102
118205,0.729269981384
118207,0.499833285809
118210,0.696134269238
118212,0.768852889538
118213,0.845760762691
118217,0.813626945019
118218,0.950680077076
118219,0.673393249512
118220,0.873882949352
118221,0.711020767689
118225,0.689677000046
118226,0.606321811676
118227,0.551513373852
118228,0.968623936176
118233,0.537675797939
118234,0.488285273314
118235,0.0555101744831
118236,0.579539835453
118238,0.561609268188
118239,0.759856820107
118241,0.838366806507
118245,0.740882515907
118247,0.960902750492
118248,0.982003390789
118249,0.931492328644
118250,0.956939697266
118253,0.652373671532
118256,0.973050475121
118258,0.657775342464
118259,0.632062256336
118260,0.875432312489
118263,0.857811689377
118265,0.892676532269
118266,0.915400743484
118267,0.671231150627
118275,0.954733669758
118277,0.810335457325
118278,0.790360808372
118279,0.83006477356
118286,0.865608513355
118291,0.782563984394
118292,0.821169793606
118295,0.670320868492
118299,0.872234404087
118300,0.370256245136
118301,0.900488317013
118305,0.788190841675
118306,0.956966221333
118308,0.844527125359
118311,0.562098443508
118313,0.539493858814
118314,0.87019765377
118316,0.584886550903
118317,0.926088094711
118323,0.796364486217
118327,0.862216234207
118329,0.913797080517
118330,0.761489391327
118332,0.767092704773
118339,0.841755032539
118340,0.89047908783
118341,0.316135287285
118342,0.848892331123
118343,0.908961355686
118344,0.153954431415
118345,0.893953084946
118351,0.332316190004
118352,0.894580662251
118353,0.878686130047
118355,0.716683506966
118357,0.815800726414
118359,0.74048602581
118361,0.898791790009
118362,0.965573489666
118363,0.509689807892
118368,0.359423100948
118369,0.901022911072
118370,0.986497461796
118373,0.838109374046
118374,0.492340743542
118377,0.459505945444
118380,0.907441020012
118381,0.816242098808
118384,0.83314204216
118385,0.949508428574
118386,0.924675107002
118388,0.957023978233
118389,0.969881594181
118391,0.90971326828
118394,0.705946028233
118396,0.954998314381
118397,0.868952989578
118399,0.972367763519
118400,0.735507726669
118401,0.897342324257
118402,0.553022265434
118403,0.515251040459
118405,0.74700576067
118406,0.850575089455
118410,0.689937710762
118411,0.842546701431
118413,0.813967108727
118416,0.968635499477
118419,0.905691504478
118423,0.619926810265
118424,0.706069946289
118426,0.792446494102
118428,0.618832707405
118431,0.904414653778
118435,0.925274789333
118437,0.668239593506
118438,0.447512894869
118439,0.96719956398
118440,0.962024271488
118441,0.682452201843
118443,0.734674215317
118444,0.950712382793
118446,0.628893256187
118447,0.88247603178
118449,0.892538905144
118452,0.826795518398
118454,0.303713858128
118455,0.564412355423
118456,0.708164036274
118459,0.595290780067
118462,0.980542778969
118463,0.656321585178
118464,0.825848698616
118466,0.840033590794
118468,0.973358154297
118469,0.79002892971
118471,0.476969093084
118472,0.444298416376
118478,0.566953361034
118479,0.764420092106
118481,0.177201971412
118484,0.459389269352
118485,0.153767973185
118488,0.74522715807
118489,0.858568310738
118490,0.753808021545
118491,0.885893344879
118492,0.98317861557
118494,0.674786329269
118495,0.741099655628
118498,0.673575162888
118500,0.926292419434
118502,0.983901441097
118505,0.88126629591
118506,0.936150968075
118515,0.750531673431
118518,0.828309297562
118523,0.947493672371
118524,0.942997515202
118525,0.882436394691
118526,0.834395289421
118527,0.62157791853
118528,0.866178691387
118529,0.808259129524
118536,0.965989887714
118538,0.868746399879
118541,0.51519048214
118542,0.83440309763
118548,0.790997028351
118549,0.567861437798
118552,0.974986791611
118553,0.725700318813
118558,0.964650094509
118562,0.491807550192
118563,0.939704298973
118564,0.434573560953
118565,0.949963629246
118568,0.955917835236
118570,0.950268030167
118571,0.956565618515
118575,0.95500010252
118577,0.79358124733
118578,0.76555365324
118579,0.951184153557
118580,0.750606715679
118583,0.871757984161
118584,0.826584041119
118585,0.987360656261
118586,0.913035452366
118590,0.819334566593
118594,0.768650591373
118596,0.714468061924
118601,0.60768777132
118602,0.664449989796
118603,0.947358429432
118604,0.536207437515
118606,0.933498322964
118608,0.520343720913
118610,0.974345266819
118612,0.982594311237
118618,0.907398045063
118623,0.905916929245
118625,0.841563403606
118627,0.457111477852
118631,0.876360237598
118632,0.748008489609
118633,0.821091294289
118635,0.371585637331
118638,0.805121779442
118639,0.896166265011
118645,0.956450581551
118647,0.97250777483
118648,0.871572494507
118649,0.375246614218
118650,0.710564792156
118651,0.811855494976
118652,0.869715452194
118656,0.970502495766
118661,0.827433228493
118664,0.774081349373
118665,0.6534678936
118668,0.614929974079
118670,0.946816205978
118672,0.390309512615
118673,0.762426137924
118675,0.879330933094
118678,0.675543248653
118682,0.625803172588
118684,0.788475990295
118685,0.692297518253
118687,0.985744535923
118693,0.91308671236
118696,0.729101657867
118698,0.876986384392
118700,0.722197890282
118701,0.931472063065
118703,0.951243579388
118704,0.893918275833
118705,0.067580498755
118706,0.829506099224
118709,0.675086140633
118712,0.973748862743
118713,0.927834451199
118719,0.749312222004
118723,0.608408868313
118726,0.982967495918
118729,0.92288005352
118730,0.798149585724
118731,0.982487618923
118736,0.928487539291
118737,0.791409492493
118738,0.270172297955
118740,0.712584555149
118741,0.854911267757
118742,0.935822308064
118743,0.963425576687
118744,0.669840216637
118746,0.691563248634
118749,0.879476904869
118750,0.928292930126
118752,0.496645748615
118758,0.730424463749
118761,0.499045521021
118762,0.920918285847
118764,0.645110428333
118766,0.948296189308
118768,0.917413890362
118769,0.89712870121
118771,0.798023939133
118775,0.647270023823
118776,0.993187069893
118777,0.475344240665
118778,0.848606944084
118781,0.831155657768
118782,0.518985450268
118785,0.830056071281
118788,0.807230651379
118789,0.615010857582
118791,0.981776535511
118793,0.83098167181
118794,0.85623061657
118795,0.559212505817
118796,0.869542360306
118797,0.655123174191
118798,0.851477026939
118801,0.95949614048
118803,0.522084236145
118805,0.957320392132
118806,0.46236205101
118808,0.839517951012
118809,0.513146281242
118810,0.797567844391
118812,0.824204087257
118814,0.834812223911
118819,0.733339488506
118820,0.833881258965
118822,0.897757768631
118823,0.914440870285
118826,0.921691179276
118833,0.952669978142
118834,0.95013153553
118835,0.538502693176
118836,0.924661517143
118837,0.583417773247
118843,0.778627693653
118847,0.352217882872
118853,0.924832999706
118855,0.926683545113
118862,0.959838867188
118864,0.688449561596
118866,0.452008217573
118867,0.902613937855
118870,0.6521499753
118871,0.918278753757
118872,0.503464281559
118876,0.971549928188
118878,0.765639185905
118879,0.834862828255
118880,0.598128855228
118883,0.955273151398
118884,0.73868316412
118886,0.94952583313
118890,0.761767983437
118896,0.653473079205
118897,0.92742484808
118901,0.962541043758
118902,0.751690149307
118904,0.965554356575
118905,0.552921354771
118906,0.0706084892154
118907,0.821143090725
118908,0.735202372074
118910,0.965558826923
118911,0.875866055489
118912,0.63180410862
118913,0.938521444798
118914,0.974146127701
118915,0.772387742996
118916,0.931717097759
118919,0.728273749352
118921,0.868785262108
118922,0.767863810062
118925,0.871281087399
118927,0.874958693981
118928,0.561746835709
118929,0.974451422691
118930,0.682589352131
118931,0.576285839081
118937,0.959997296333
118944,0.774847447872
118950,0.9364336133
118952,0.756740689278
118955,0.911539673805
118956,0.876937806606
118957,0.931460261345
118958,0.560084402561
118959,0.910429656506
118960,0.581968843937
118961,0.930703341961
118962,0.973323404789
118966,0.75616312027
118968,0.849744737148
118971,0.800196647644
118972,0.977374494076
118973,0.788481414318
118974,0.83620518446
118977,0.657022476196
118978,0.712029635906
118979,0.971539258957
118980,0.941737413406
118981,0.719457685947
118983,0.856945514679
118986,0.770843863487
118987,0.79882568121
118990,0.963295102119
118995,0.977991104126
118998,0.79779779911
119003,0.786807715893
119004,0.973207771778
119005,0.729911267757
119009,0.806191027164
119011,0.84313583374
119017,0.832482874393
119019,0.866583943367
119020,0.888856291771
119023,0.719859242439
119026,0.467531442642
119028,0.734063744545
119030,0.935850560665
119033,0.897590816021
119034,0.828127086163
119035,0.962112188339
119036,0.861988842487
119037,0.982923567295
119039,0.856777727604
119040,0.67583656311
119043,0.785997569561
119048,0.858421981335
119049,0.988639593124
119050,0.974593281746
119055,0.936179161072
119056,0.772631466389
119059,0.473608464003
119060,0.852838039398
119064,0.590249300003
119065,0.0569334737957
119066,0.889717698097
119068,0.75454801321
119069,0.937982559204
119070,0.82688999176
119071,0.463239610195
119074,0.99289047718
119080,0.96324378252
119081,0.959120094776
119082,0.577138066292
119088,0.669263064861
119091,0.980575978756
119092,0.81818062067
119094,0.915033698082
119095,0.822731018066
119096,0.271552890539
119097,0.287696391344
119101,0.31711474061
119102,0.698922276497
119103,0.859429597855
119104,0.135594531894
119105,0.93980550766
119110,0.948297679424
119111,0.572931110859
119112,0.962361395359
119113,0.38569098711
119116,0.901647686958
119117,0.628340661526
119121,0.707530081272
119122,0.927286148071
119124,0.743854880333
119126,0.935825824738
119127,0.960141777992
119129,0.942685246468
119130,0.972630441189
119134,0.950291156769
119135,0.977901697159
119138,0.421815335751
119142,0.652692556381
119145,0.921299993992
119146,0.855940341949
119147,0.573484838009
119148,0.790504515171
119149,0.588108360767
119151,0.663911998272
119152,0.833765387535
119154,0.711353898048
119155,0.904669761658
119156,0.919461607933
119157,0.954340577126
119160,0.918171823025
119167,0.653987050056
119172,0.958459913731
119174,0.857532739639
119175,0.630733132362
119179,0.929590821266
119180,0.973713934422
119185,0.837611317635
119186,0.877871215343
119187,0.931668400764
119188,0.275223076344
119189,0.672349214554
119191,0.795793712139
119194,0.606796383858
119195,0.776376307011
119200,0.795614242554
119205,0.38801881671
119207,0.50671762228
119210,0.833475887775
119211,0.753862142563
119212,0.827378749847
119213,0.872648179531
119216,0.507755756378
119219,0.638716936111
119220,0.95500856638
119221,0.451974362135
119222,0.550882995129
119223,0.96246445179
119224,0.658257365227
119225,0.427404403687
119229,0.812795102596
119230,0.979822337627
119231,0.835820496082
119234,0.935417711735
119235,0.796540617943
119236,0.465091973543
119237,0.699933826923
119238,0.57851600647
119244,0.984153568745
119245,0.908388912678
119251,0.975433826447
119253,0.837532162666
119256,0.893835902214
119259,0.804337918758
119264,0.771636724472
119265,0.605792343616
119268,0.496937245131
119269,0.937157690525
119272,0.904542803764
119273,0.655060052872
119275,0.958189606667
119276,0.558645606041
119279,0.531632363796
119282,0.316254585981
119284,0.949815809727
119286,0.926679849625
119287,0.933986365795
119290,0.966346442699
119291,0.562918841839
119293,0.552225291729
119295,0.92058891058
119297,0.527280688286
119298,0.981943547726
119307,0.830585420132
119308,0.659625172615
119311,0.690159916878
119312,0.83403468132
119314,0.91833126545
119316,0.648046791553
119319,0.641764342785
119320,0.981490075588
119322,0.74280911684
119323,0.92006278038
119325,0.953211069107
119326,0.737467885017
119328,0.74241656065
119329,0.794214367867
119335,0.585660517216
119336,0.980739593506
119337,0.747726023197
119342,0.787732720375
119343,0.817366123199
119345,0.185760736465
119348,0.989178776741
119352,0.655315637589
119353,0.620789945126
119356,0.664962768555
119357,0.86803984642
119360,0.630958735943
119365,0.889628350735
119366,0.992305099964
119367,0.629211544991
119371,0.986952662468
119373,0.710025548935
119375,0.862607598305
119378,0.983124256134
119379,0.68975430727
119380,0.762703061104
119385,0.95586335659
119386,0.79854029417
119387,0.991485774517
119388,0.870615065098
119396,0.483564376831
119401,0.853905916214
119402,0.992749333382
119403,0.780442416668
119404,0.959143519402
119406,0.877467870712
119407,0.973833203316
119411,0.650904655457
119418,0.789332389832
119419,0.857331573963
119420,0.683157682419
119422,0.901912927628
119425,0.857208311558
119434,0.921322703362
119435,0.743446171284
119436,0.974996209145
119438,0.858268857002
119439,0.833059310913
119440,0.552808880806
119441,0.805530548096
119442,0.915752410889
119444,0.394037485123
119446,0.862484753132
119451,0.794020235538
119452,0.961414635181
119453,0.839843571186
119457,0.906599462032
119460,0.901472985744
119461,0.966823577881
119463,0.795371234417
119465,0.324852734804
119466,0.762310504913
119467,0.588401913643
119470,0.813706696033
119471,0.699845731258
119472,0.483587235212
119479,0.898046731949
119480,0.837103068829
119484,0.574745833874
119485,0.739239156246
119487,0.544893622398
119488,0.980524897575
119494,0.25782674551
119496,0.885755896568
119497,0.863778054714
119498,0.972012042999
119502,0.787163794041
119503,0.793161928654
119506,0.914679527283
119507,0.621949911118
119509,0.672660052776
119510,0.845182776451
119511,0.841255009174
119513,0.722003757954
119514,0.803986430168
119517,0.948438763618
119518,0.941784918308
119520,0.475726127625
119521,0.684302508831
119522,0.956889510155
119523,0.519290804863
119525,0.956796824932
119527,0.309895783663
119530,0.688059449196
119534,0.814775526524
119538,0.98234552145
119540,0.552109599113
119541,0.715698599815
119542,0.80710452795
119543,0.818050920963
119544,0.870927274227
119546,0.786893427372
119547,0.77153724432
119548,0.939321279526
119549,0.723829507828
119553,0.32612323761
119555,0.748307824135
119560,0.730480194092
119561,0.761915266514
119562,0.975468635559
119564,0.908947765827
119565,0.258267819881
119567,0.910825192928
119569,0.976088523865
119571,0.883115768433
119572,0.749926149845
119573,0.911807775497
119578,0.721110880375
119579,0.676542460918
119582,0.735400617123
119587,0.867474973202
119588,0.807918965816
119590,0.667718291283
119592,0.77019661665
119594,0.745333731174
119598,0.938104867935
119601,0.955872416496
119602,0.942160367966
119604,0.623931527138
119605,0.89371162653
119606,0.869518339634
119607,0.987547397614
119612,0.858842909336
119616,0.982480049133
119618,0.884154736996
119620,0.774759888649
119621,0.768927156925
119625,0.866114318371
119629,0.686108827591
119630,0.963378190994
119631,0.791104137897
119633,0.730394542217
119635,0.818078041077
119636,0.863072037697
119641,0.791685581207
119642,0.75600528717
119643,0.928005456924
119645,0.967336416245
119653,0.393822401762
119655,0.971737205982
119656,0.758342981339
119659,0.753625094891
119660,0.377999335527
119662,0.965916693211
119664,0.936434686184
119667,0.758067786694
119668,0.817704439163
119669,0.956771850586
119677,0.623782217503
119679,0.955607116222
119683,0.926365375519
119685,0.92621409893
119687,0.582482218742
119688,0.990988194942
119690,0.902737796307
119691,0.721567988396
119692,0.766454815865
119693,0.832557082176
119696,0.726647377014
119697,0.952270269394
119700,0.44237396121
119704,0.884549915791
119706,0.563890814781
119707,0.544943034649
119708,0.787217617035
119709,0.938712596893
119712,0.948367655277
119715,0.496698856354
119716,0.969473719597
119718,0.968776345253
119719,0.979485094547
119722,0.691906273365
119723,0.829651415348
119726,0.55039280653
119727,0.220345497131
119729,0.945315957069
119730,0.805806279182
119733,0.856200635433
119736,0.917131185532
119737,0.749440789223
119738,0.551878154278
119739,0.938418269157
119741,0.449179768562
119742,0.457104980946
119743,0.898183107376
119745,0.507278382778
119746,0.960435271263
119751,0.215528249741
119752,0.877232730389
119753,0.922836720943
119755,0.967994987965
119756,0.499731570482
119758,0.605663239956
119761,0.473502486944
119762,0.90272039175
119763,0.759021401405
119766,0.744990706444
119767,0.937800765038
119768,0.0682880803943
119769,0.653953194618
119770,0.868473231792
119772,0.989229738712
119773,0.813973248005
119777,0.343022763729
119778,0.822871565819
119780,0.973132789135
119781,0.985039353371
119784,0.434997469187
119785,0.966548740864
119787,0.764532089233
119791,0.918651640415
119793,0.975415110588
119795,0.914993166924
119796,0.174257799983
119797,0.670858502388
119798,0.814948797226
119799,0.732289254665
119800,0.886811673641
119801,0.990379929543
119802,0.332642823458
119803,0.973641932011
119804,0.909590542316
119805,0.852036178112
119807,0.7682492733
119809,0.966782569885
119814,0.831445872784
119815,0.650465726852
119816,0.87991219759
119817,0.861464083195
119818,0.988612234592
119820,0.988297283649
119823,0.895744144917
119824,0.871339797974
119825,0.747571349144
119826,0.915775299072
119827,0.883614301682
119830,0.657045841217
119831,0.877589702606
119834,0.841096162796
119838,0.75297242403
119841,0.918429672718
119843,0.752286016941
119844,0.925457656384
119845,0.920325517654
119846,0.971507966518
119848,0.945388734341
119849,0.90717536211
119851,0.870931088924
119855,0.80708283186
119856,0.683446586132
119857,0.814573407173
119867,0.701624929905
119868,0.967487514019
119873,0.361857682467
119874,0.621399998665
119876,0.895191431046
119877,0.687739312649
119879,0.0886246785522
119880,0.552979230881
119884,0.656707763672
119885,0.841565787792
119887,0.713442444801
119890,0.917797863483
119891,0.926451921463
119892,0.877353429794
119894,0.964153945446
119895,0.894853770733
119898,0.82485973835
119899,0.843165695667
119900,0.849209070206
119902,0.614270687103
119905,0.921395421028
119906,0.984676063061
119907,0.826733291149
119908,0.823809802532
119911,0.903867483139
119914,0.859598994255
119915,0.186010703444
119916,0.981033921242
119917,0.994313359261
119919,0.867615222931
119920,0.908194363117
119922,0.620411455631
119925,0.382880210876
119928,0.791622698307
119929,0.947657883167
119930,0.947328805923
119931,0.953271925449
119934,0.792530059814
119937,0.735422790051
119938,0.993919014931
119939,0.943841218948
119941,0.327207505703
119946,0.444458842278
119951,0.967392086983
119952,0.981047809124
119957,0.337858200073
119958,0.82002723217
119962,0.798104047775
119964,0.913533985615
119967,0.77411955595
119968,0.666028082371
119969,0.971093893051
119970,0.324959933758
119973,0.830840289593
119977,0.757405340672
119979,0.913162648678
119983,0.763606965542
119984,0.903333246708
119986,0.558071494102
119992,0.797083973885
119994,0.719985365868
119996,0.733400046825
119998,0.62603521347
120001,0.710378885269
120002,0.6106325984
120004,0.746362388134
120006,0.642548859119
120007,0.820137858391
120008,0.94806188345
120009,0.840287923813
120011,0.589653789997
120013,0.820747375488
120017,0.807493925095
120021,0.443181753159
120022,0.296842396259
120023,0.657832205296
120026,0.874275326729
120027,0.535209417343
120029,0.873931229115
120030,0.790676355362
120031,0.190690174699
120032,0.994832992554
120033,0.887520253658
120035,0.828035056591
120036,0.544340252876
120038,0.801420450211
120041,0.845541656017
120042,0.693697333336
120043,0.318929046392
120044,0.981244266033
120047,0.665605604649
120049,0.599717319012
120050,0.955634772778
120051,0.762512385845
120054,0.896728754044
120057,0.915701508522
120059,0.951701045036
120061,0.880380034447
120062,0.913047969341
120064,0.761266171932
120065,0.615401148796
120066,0.722263932228
120069,0.881840109825
120070,0.691385269165
120072,0.978793740273
120074,0.803084135056
120075,0.669747591019
120076,0.934632897377
120077,0.880707621574
120078,0.97193557024
120079,0.964355885983
120080,0.844016969204
120081,0.833110690117
120083,0.981517016888
120085,0.89440113306
120086,0.861257255077
120095,0.833121776581
120098,0.778029620647
120100,0.794038295746
120102,0.846877157688
120103,0.956660509109
120104,0.789218306541
120106,0.526849269867
120107,0.636044323444
120110,0.786704719067
120111,0.810527741909
120113,0.935795426369
120114,0.951244771481
120115,0.931971132755
120116,0.330661445856
120117,0.630038440228
120119,0.6253708601
120121,0.905958533287
120122,0.901656091213
120127,0.505603909492
120128,0.714427828789
120129,0.920247673988
120130,0.872099459171
120132,0.711905419827
120133,0.975862324238
120136,0.936875283718
120143,0.651015877724
120144,0.975212037563
120146,0.814726948738
120147,0.55309766531
120148,0.840005159378
120150,0.709440529346
120152,0.83438795805
120153,0.620443642139
120156,0.542308747768
120157,0.979079008102
120158,0.698381662369
120160,0.500240504742
120163,0.968185305595
120165,0.692706644535
120166,0.525089681149
120167,0.962205648422
120172,0.66513299942
120173,0.611426949501
120174,0.271393537521
120175,0.973730802536
120177,0.702624738216
120179,0.76748418808
120180,0.78823775053
120181,0.836955726147
120183,0.97736120224
120186,0.960803687572
120190,0.669067025185
120191,0.83761793375
120192,0.984315931797
120194,0.929501593113
120196,0.829474151134
120200,0.861437022686
120202,0.433119565248
120203,0.0853392332792
120211,0.778769314289
120212,0.609017014503
120213,0.746063828468
120214,0.925678133965
120216,0.966060996056
120218,0.701392769814
120219,0.750732958317
120221,0.839474737644
120224,0.510809659958
120225,0.834138393402
120228,0.792122840881
120229,0.963051915169
120230,0.811599314213
120231,0.875390589237
120232,0.872890770435
120244,0.972599208355
120246,0.725600302219
120247,0.806085526943
120248,0.909525752068
120249,0.475905120373
120250,0.556072771549
120252,0.901933073997
120254,0.979659736156
120255,0.343457400799
120256,0.728694856167
120259,0.963431894779
120263,0.925983250141
120264,0.873338341713
120268,0.941709220409
120271,0.89126265049
120273,0.30362161994
120275,0.906874895096
120276,0.7774990201
120277,0.796725809574
120281,0.966595292091
120282,0.955694317818
120283,0.872721493244
120284,0.805009424686
120285,0.39050295949
120286,0.906818211079
120289,0.854010403156
120300,0.774329125881
120301,0.592040419579
120304,0.475341171026
120305,0.939687252045
120307,0.801918804646
120309,0.346832066774
120310,0.931234836578
120311,0.649166047573
120312,0.573734998703
120313,0.783238112926
120314,0.94816339016
120315,0.702052414417
120316,0.55874735117
120317,0.930763363838
120319,0.767016768456
120320,0.548450648785
120325,0.662263810635
120326,0.855955719948
120328,0.970715165138
120329,0.874965488911
120333,0.533121824265
120334,0.640280544758
120335,0.406317949295
120336,0.926225244999
120337,0.599689424038
120342,0.734519779682
120343,0.974538266659
120344,0.645017325878
120346,0.912178516388
120348,0.755001008511
120349,0.689385533333
120353,0.553796172142
120357,0.64579051733
120358,0.924078285694
120360,0.933890283108
120361,0.965951502323
120362,0.971185386181
120363,0.895960330963
120364,0.884961724281
120365,0.937251627445
120366,0.857627689838
120367,0.966657876968
120369,0.885302901268
120370,0.731629014015
120371,0.983563542366
120372,0.918376386166
120374,0.887863397598
120376,0.608822882175
120378,0.939909219742
120381,0.65975779295
120384,0.799596369267
120385,0.944366693497
120387,0.849245965481
120388,0.929449081421
120392,0.828347504139
120393,0.426401376724
120394,0.571558594704
120396,0.488316178322
120397,0.670554995537
120399,0.730058729649
120400,0.985949039459
120401,0.545624554157
120403,0.971660137177
120405,0.560528993607
120406,0.667286574841
120407,0.791986584663
120408,0.668063938618
120411,0.85814088583
120414,0.840824306011
120415,0.734361112118
120417,0.530090987682
120421,0.952340781689
120422,0.906505227089
120423,0.962143838406
120426,0.439885884523
120429,0.92555809021
120431,0.591422915459
120434,0.787392854691
120435,0.670860350132
120438,0.343419373035
120440,0.667330741882
120441,0.982565164566
120444,0.948029220104
120445,0.376314610243
120446,0.914198338985
120447,0.867717146873
120448,0.948525309563
120450,0.985744774342
120451,0.902472555637
120452,0.880177199841
120454,0.868044555187
120458,0.951104104519
120460,0.710111558437
120461,0.900271058083
120462,0.941667973995
120465,0.852383673191
120469,0.733315825462
120470,0.0987697020173
120473,0.900728344917
120474,0.210433244705
120476,0.97210341692
120477,0.990478396416
120478,0.953380048275
120480,0.756218791008
120481,0.681703925133
120483,0.664395451546
120484,0.906241118908
120485,0.837756454945
120487,0.211249887943
120488,0.643022537231
120494,0.583558559418
120497,0.766423761845
120498,0.454289346933
120499,0.950128555298
120500,0.975732326508
120501,0.855132102966
120503,0.569152534008
120504,0.87656545639
120505,0.949576258659
120506,0.919127345085
120507,0.909668266773
120508,0.903836250305
120510,0.72975230217
120513,0.992477238178
120514,0.93115478754
120517,0.86402618885
120527,0.831457853317
120528,0.689815163612
120530,0.493009150028
120532,0.831645965576
120533,0.877133727074
120535,0.63706356287
120538,0.969814360142
120539,0.943135142326
120541,0.562600910664
120542,0.582384586334
120543,0.723936617374
120545,0.611334145069
120548,0.583841621876
120549,0.940729558468
120550,0.885480642319
120551,0.864092588425
120552,0.98560321331
120553,0.775296270847
120554,0.714112401009
120556,0.567300081253
120557,0.945240974426
120558,0.776152610779
120560,0.819642186165
120562,0.899733543396
120566,0.827290713787
120568,0.629370987415
120570,0.825513482094
120572,0.820309996605
120574,0.861304759979
120578,0.954680323601
120580,0.396160125732
120582,0.618580758572
120583,0.960725545883
120584,0.680698931217
120585,0.961744308472
120586,0.977700769901
120587,0.676609814167
120591,0.879620194435
120592,0.8924061656
120594,0.977769911289
120596,0.825334310532
120599,0.606327116489
120600,0.888624668121
120604,0.635626673698
120605,0.543189764023
120606,0.0427756644785
120607,0.633511662483
120608,0.828343629837
120610,0.893632888794
120612,0.562139153481
120614,0.777208507061
120617,0.743917405605
120619,0.933239102364
120621,0.684830665588
120622,0.548456370831
120623,0.948099374771
120625,0.727702856064
120627,0.912895858288
120632,0.952862620354
120634,0.788430929184
120635,0.844086110592
120636,0.889028429985
120637,0.811152637005
120645,0.963320553303
120646,0.950542509556
120647,0.806886732578
120648,0.776175737381
120650,0.499906390905
120651,0.956142246723
120653,0.953811705112
120656,0.865284144878
120658,0.292329579592
120659,0.827297031879
120660,0.472962081432
120661,0.947459697723
120662,0.414250046015
120663,0.986046612263
120664,0.941695213318
120668,0.354272395372
120670,0.612349450588
120671,0.775008022785
120673,0.699103653431
120674,0.961328685284
120677,0.4420145154
120679,0.916528701782
120682,0.678730249405
120684,0.959007441998
120685,0.889973104
120688,0.802482187748
120690,0.992944180965
120693,0.654111206532
120694,0.82656955719
120695,0.465442448854
120696,0.727358818054
120697,0.993176162243
120700,0.913115024567
120702,0.976959586143
120703,0.920994341373
120704,0.928077220917
120705,0.536584734917
120709,0.959086716175
120711,0.68117338419
120712,0.96745288372
120713,0.705377101898
120718,0.939868450165
120719,0.692525446415
120720,0.856254696846
120722,0.940850734711
120725,0.767746031284
120726,0.44841620326
120727,0.871843218803
120731,0.85778594017
120733,0.950422763824
120735,0.905365288258
120739,0.926749646664
120742,0.973952829838
120744,0.897340357304
120747,0.952687203884
120748,0.774791836739
120749,0.627669215202
120750,0.863031923771
120753,0.112328402698
120754,0.817143082619
120755,0.641193032265
120756,0.976871073246
120758,0.933899641037
120759,0.923512876034
120764,0.580676734447
120765,0.741602241993
120767,0.943947017193
120768,0.858699858189
120772,0.775513589382
120773,0.784877717495
120774,0.991366565228
120775,0.914108395576
120784,0.810214400291
120786,0.622565031052
120787,0.988917589188
120788,0.857650220394
120794,0.813305675983
120795,0.877606213093
120797,0.878697991371
120799,0.906014204025
120802,0.947451293468
120803,0.916085600853
120805,0.897447407246
120807,0.854725718498
120809,0.888557374477
120811,0.508639872074
120814,0.887940347195
120816,0.87639772892
120819,0.991438269615
120828,0.912562668324
120829,0.932967782021
120831,0.946831703186
120832,0.741017997265
120833,0.601371526718
120834,0.880798041821
120842,0.899156332016
120844,0.824010491371
120846,0.629510223866
120847,0.656279623508
120851,0.876662492752
120852,0.921012461185
120853,0.967565059662
120854,0.491219580173
120856,0.930668234825
120857,0.856126308441
120859,0.84660589695
120860,0.979964733124
120862,0.98620057106
120867,0.332015246153
120868,0.38855394721
120869,0.697837054729
120870,0.857212364674
120872,0.935054838657
120873,0.97445255518
120875,0.718025445938
120876,0.389964938164
120879,0.907833456993
120880,0.877963364124
120882,0.888018131256
120884,0.904246509075
120888,0.733943164349
120893,0.969730734825
120894,0.858044683933
120897,0.701488435268
120898,0.678167104721
120904,0.965548813343
120905,0.917454123497
120906,0.884056389332
120908,0.904618620872
120910,0.685521125793
120914,0.745241224766
120915,0.738152325153
120917,0.799298107624
120919,0.989654898643
120920,0.908426880836
120925,0.884916245937
120927,0.861371517181
120928,0.771549105644
120929,0.930040597916
120932,0.781673848629
120934,0.855924665928
120937,0.0581438280642
120940,0.991807043552
120941,0.61517482996
120942,0.854136765003
120943,0.923903763294
120945,0.591466903687
120946,0.710527181625
120947,0.750561654568
120949,0.968388676643
120951,0.494060277939
120956,0.902780950069
120957,0.72776299715
120961,0.450653910637
120962,0.819197654724
120963,0.949375748634
120966,0.912206888199
120968,0.534702956676
120970,0.818638622761
120973,0.991391658783
120974,0.982890546322
120975,0.823257625103
120976,0.499321311712
120977,0.792541801929
120978,0.441412478685
120979,0.597768962383
120981,0.39179572463
120984,0.866918504238
120985,0.757137537003
120986,0.721782743931
120987,0.896919310093
120992,0.976583838463
120994,0.652678012848
120995,0.782885730267
120996,0.845928132534
120998,0.928292810917
121000,0.81939381361
121001,0.977299273014
121002,0.753376245499
121005,0.863342046738
121006,0.937640249729
121007,0.972382187843
121008,0.891242146492
121012,0.818108320236
121015,0.881742417812
121017,0.751254796982
121018,0.71203315258
121021,0.690871834755
121023,0.876942932606
121026,0.965480387211
121031,0.837554216385
121032,0.948252022266
121034,0.294425606728
121036,0.940504431725
121039,0.929686546326
121040,0.881756186485
121041,0.793147742748
121042,0.488513320684
121043,0.579793334007
121047,0.931471824646
121048,0.756975591183
121049,0.629087090492
121050,0.920506894588
121054,0.843877077103
121055,0.982263743877
121058,0.754314243793
121059,0.973054885864
121060,0.89124327898
121061,0.935403227806
121063,0.674008250237
121064,0.898037493229
121070,0.808547019958
121071,0.905593514442
121075,0.973954617977
121076,0.741957008839
121077,0.851430237293
121078,0.887198030949
121079,0.850635707378
121083,0.712340354919
121084,0.841520667076
121085,0.919254660606
121086,0.922922194004
121087,0.632194876671
121089,0.249280914664
121091,0.748756229877
121092,0.722568392754
121094,0.716784656048
121099,0.762581586838
121101,0.980088889599
121102,0.301884114742
121103,0.66712886095
121106,0.966569900513
121108,0.451262950897
121109,0.922696232796
121110,0.449167281389
121111,0.92392885685
121112,0.917359650135
121115,0.36593568325
121118,0.713744223118
121120,0.956925749779
121121,0.937521219254
121126,0.883164763451
121127,0.95936447382
121128,0.848766386509
121132,0.388989567757
121133,0.662702381611
121137,0.711249649525
121138,0.885406255722
121141,0.670784950256
121142,0.966128528118
121144,0.967766106129
121146,0.821636080742
121147,0.574504852295
121150,0.702203929424
121151,0.423849195242
121152,0.82091909647
121153,0.902227699757
121154,0.881963312626
121155,0.909611344337
121157,0.460490435362
121160,0.871422529221
121162,0.560399472713
121165,0.864487469196
121166,0.671482920647
121167,0.660738527775
121168,0.90327757597
121169,0.958581507206
121170,0.656600177288
121175,0.623418390751
121178,0.901061713696
121179,0.609274685383
121180,0.805608808994
121182,0.834837079048
121188,0.954082131386
121189,0.928918302059
121191,0.502557873726
121192,0.918027639389
121193,0.721453368664
121194,0.6771068573
121195,0.715032815933
121200,0.852034211159
121201,0.871068000793
121202,0.838626146317
121203,0.78838121891
121205,0.800146877766
121207,0.596351742744
121208,0.751060247421
121211,0.80392241478
121212,0.748965203762
121217,0.842713117599
121218,0.972562015057
121219,0.778413951397
121220,0.74812078476
121225,0.782379209995
121226,0.854071557522
121227,0.59272146225
121228,0.846947431564
121229,0.867319703102
121232,0.908202588558
121233,0.976426720619
121241,0.847856283188
121243,0.946838438511
121244,0.697822988033
121245,0.60996979475
121247,0.713297843933
121249,0.716518759727
121250,0.936984956264
121251,0.92377281189
121252,0.648131132126
121253,0.634368658066
121255,0.545461714268
121266,0.781461298466
121267,0.856984496117
121268,0.885670542717
121269,0.477506130934
121271,0.818286597729
121273,0.861759841442
121274,0.834034383297
121279,0.766825914383
121280,0.789677500725
121285,0.932511746883
121286,0.514646470547
121288,0.910700619221
121290,0.851474225521
121293,0.840418994427
121294,0.431480437517
121295,0.923666119576
121296,0.927519440651
121297,0.965655386448
121299,0.756293356419
121302,0.91546446085
121308,0.84618639946
121315,0.943191111088
121318,0.681081235409
121320,0.9073138237
121323,0.605666995049
121329,0.609356641769
121334,0.783161699772
121335,0.848244786263
121336,0.909087717533
121337,0.431680113077
121338,0.971230685711
121339,0.535437226295
121342,0.771048426628
121343,0.589816689491
121345,0.209146156907
121347,0.990365207195
121351,0.54278999567
121353,0.530972599983
121355,0.758836686611
121357,0.833480000496
121358,0.957513570786
121362,0.804883897305
121364,0.743877232075
121365,0.788269996643
121366,0.640467107296
121367,0.769736766815
121368,0.932857394218
121371,0.980214178562
121372,0.935331106186
121377,0.881405711174
121378,0.926948130131
121379,0.981201529503
121380,0.583327829838
121381,0.838486075401
121385,0.618840456009
121386,0.879041314125
121387,0.592357993126
121391,0.854584038258
121392,0.680366277695
121394,0.817632436752
121396,0.829243302345
121397,0.674517869949
121398,0.930467367172
121400,0.838523805141
121404,0.596715867519
121405,0.713712155819
121406,0.771162092686
121413,0.833871424198
121415,0.936161994934
121416,0.909981787205
121417,0.885234117508
121418,0.769602477551
121419,0.516274333
121422,0.93906712532
121435,0.883175730705
121436,0.77533107996
121438,0.815179109573
121440,0.100499935448
121442,0.629272997379
121444,0.97770267725
121445,0.926587939262
121447,0.81782490015
121448,0.551440060139
121449,0.679239094257
121451,0.628067076206
121453,0.603248417377
121454,0.547213852406
121456,0.896633982658
121457,0.463887929916
121462,0.727898418903
121466,0.785712897778
121468,0.85604006052
121469,0.977321088314
121470,0.765528380871
121472,0.425351470709
121473,0.692883074284
121478,0.858323276043
121480,0.922901511192
121481,0.754925727844
121485,0.823914766312
121486,0.98369294405
121488,0.716942071915
121489,0.857612252235
121493,0.748030126095
121498,0.71652007103
121499,0.699073433876
121502,0.953281104565
121503,0.502084493637
121504,0.931846618652
121505,0.527169942856
121506,0.720174849033
121507,0.66731607914
121508,0.81012660265
121513,0.12035509944
121514,0.714581131935
121515,0.56309068203
121517,0.792726695538
121519,0.924339056015
121520,0.755515933037
121521,0.602455019951
121525,0.649188637733
121526,0.961858570576
121539,0.885928332806
121540,0.752817034721
121541,0.825942993164
121547,0.586988806725
121548,0.886507034302
121550,0.818794906139
121552,0.934080719948
121554,0.972182929516
121555,0.950451731682
121558,0.784867763519
121561,0.832031011581
121562,0.661571741104
121563,0.963729739189
121564,0.760350525379
121565,0.443193495274
121567,0.5201420784
121569,0.935696423054
121570,0.399255931377
121571,0.887568056583
121573,0.178129151464
121574,0.358482629061
121578,0.778826057911
121579,0.889574170113
121580,0.793616116047
121582,0.429027408361
121583,0.0331579707563
121584,0.97992181778
121585,0.765385687351
121587,0.716262876987
121589,0.677072167397
121590,0.770382165909
121593,0.419951140881
121594,0.776186406612
121596,0.826673567295
121598,0.86295157671
121603,0.6048437953
121604,0.887161254883
121607,0.922706007957
121608,0.762459099293
121612,0.845417022705
121613,0.907192230225
121614,0.141959920526
121615,0.939639806747
121616,0.963948011398
121617,0.838651537895
121619,0.831267774105
121620,0.324070751667
121622,0.704233288765
121625,0.81304115057
121628,0.928298950195
121629,0.946943700314
121630,0.867071509361
121631,0.971532702446
121633,0.372098654509
121634,0.93057924509
121638,0.761016964912
121639,0.92934012413
121642,0.392797082663
121643,0.834631741047
121644,0.736149787903
121645,0.735207140446
121650,0.89174580574
121654,0.99469935894
121655,0.796699643135
121656,0.862815856934
121658,0.842050373554
121660,0.979859888554
121663,0.926783680916
121664,0.564956128597
121666,0.8311008811
121668,0.0396366603673
121670,0.580633699894
121672,0.9036206007
121673,0.731253504753
121675,0.776094317436
121676,0.549720823765
121678,0.0499019511044
121679,0.8755671978
121680,0.443995326757
121682,0.914482176304
121683,0.509920358658
121686,0.558768033981
121688,0.607560575008
121690,0.795478582382
121691,0.808103621006
121692,0.663106322289
121693,0.856520533562
121694,0.58864825964
121697,0.865306138992
121698,0.959412395954
121699,0.473308682442
121701,0.940933227539
121703,0.764775872231
121704,0.562514007092
121707,0.896186351776
121708,0.194341436028
121710,0.840565562248
121711,0.83854585886
121715,0.987975180149
121716,0.926833033562
121718,0.896305918694
121719,0.835221767426
121721,0.641227424145
121724,0.56288599968
121725,0.953467190266
121726,0.660436093807
121728,0.950931072235
121734,0.886209905148
121737,0.615957677364
121738,0.641344428062
121739,0.424737334251
121741,0.646868884563
121746,0.461056888103
121748,0.973432481289
121749,0.500374257565
121751,0.985156059265
121752,0.8889747262
121754,0.476757198572
121755,0.75965744257
121757,0.91673207283
121758,0.896217107773
121759,0.663215398788
121760,0.193655773997
121765,0.916196882725
121767,0.956417381763
121773,0.834764122963
121775,0.510994493961
121776,0.675476312637
121777,0.496010094881
121778,0.85886490345
121779,0.920763552189
121781,0.897921383381
121788,0.517479240894
121789,0.701199769974
121791,0.939635038376
121793,0.930702805519
121794,0.76778960228
121795,0.904349923134
121796,0.475622147322
121797,0.0850720778108
121798,0.869576871395
121799,0.463856130838
121800,0.690856099129
121801,0.803880751133
121802,0.775410950184
121803,0.947767436504
121804,0.936285495758
121807,0.976591467857
121809,0.557103395462
121811,0.935093522072
121812,0.721151530743
121813,0.891579926014
121814,0.507226407528
121817,0.919383645058
121819,0.880311787128
121820,0.475102007389
121821,0.84202080965
121822,0.929003715515
121825,0.952374279499
121827,0.897132813931
121830,0.927928805351
121832,0.800667047501
121833,0.799883842468
121835,0.255606472492
121836,0.992772161961
121838,0.684659361839
121840,0.665536880493
121842,0.792394399643
121843,0.691202759743
121844,0.751652002335
121845,0.640472829342
121846,0.698862612247
121851,0.964927732944
121852,0.921983838081
121853,0.910669922829
121856,0.582708537579
121857,0.739714503288
121858,0.670884430408
121859,0.832265675068
121860,0.910974144936
121863,0.617634832859
121864,0.0532870851457
121866,0.840804517269
121870,0.901218950748
121871,0.503398537636
121877,0.781936764717
121878,0.642835736275
121882,0.534865915775
121884,0.714023768902
121885,0.0553990527987
121886,0.941701173782
121889,0.842170715332
121892,0.708269655704
121895,0.936986923218
121896,0.867555916309
121899,0.938367545605
121900,0.960639953613
121901,0.732058942318
121903,0.965947270393
121905,0.564662992954
121906,0.691682159901
121909,0.929006576538
121911,0.970410883427
121914,0.921021640301
121918,0.929364323616
121919,0.387776881456
121921,0.616816103458
121925,0.843629002571
121926,0.65727430582
121927,0.931243896484
121928,0.927056193352
121929,0.865711092949
121934,0.553444385529
121935,0.891784846783
121936,0.960806667805
121937,0.852591633797
121938,0.368325084448
121939,0.279415726662
121943,0.848141849041
121944,0.968515455723
121946,0.633895099163
121947,0.397733867168
121949,0.44964787364
121950,0.683883190155
121951,0.820067584515
121955,0.878430604935
121956,0.795231997967
121958,0.562495112419
121960,0.799936652184
121962,0.89260995388
121966,0.960707426071
121968,0.909931242466
121969,0.952463924885
121978,0.885192215443
121979,0.839044988155
121981,0.928689181805
121982,0.947416782379
121983,0.975692152977
121987,0.905983567238
121988,0.750822246075
121989,0.924469947815
121990,0.910235762596
121994,0.558975577354
121995,0.912753462791
121998,0.986053526402
121999,0.715780138969
122006,0.579154670238
122008,0.969306349754
122012,0.787514805794
122014,0.833281755447
122016,0.926101386547
122018,0.962416827679
122021,0.984595477581
122023,0.513903975487
122028,0.598208904266
122029,0.722288250923
122030,0.878643333912
122031,0.857159972191
122033,0.60752004385
122037,0.833175778389
122039,0.975989580154
122040,0.944867372513
122044,0.711447775364
122045,0.976811349392
122047,0.916449606419
122050,0.763617396355
122054,0.476125091314
122058,0.718467235565
122059,0.905427157879
122062,0.878315508366
122065,0.950920939445
122067,0.981854319572
122068,0.704477965832
122069,0.822617053986
122073,0.875323355198
122076,0.378963202238
122078,0.891947388649
122079,0.699971795082
122081,0.695384800434
122083,0.770407855511
122085,0.40645262599
122088,0.676845133305
122090,0.753123342991
122091,0.969341874123
122092,0.885620296001
122094,0.995117425919
122095,0.656117022038
122097,0.90548825264
122098,0.629898309708
122100,0.81716811657
122102,0.654449701309
122104,0.797209978104
122106,0.628481388092
122107,0.955226361752
122108,0.643174231052
122109,0.691518187523
122110,0.868536353111
122111,0.989601552486
122114,0.88333427906
122118,0.885550498962
122120,0.929613053799
122123,0.878951013088
122127,0.503081202507
122129,0.699424564838
122133,0.67166686058
122137,0.959341108799
122138,0.964243590832
122140,0.661449253559
122141,0.786102890968
122142,0.927735567093
122144,0.839840710163
122145,0.701693177223
122147,0.872151970863
122148,0.603866100311
122149,0.961560428143
122150,0.881289243698
122151,0.812434196472
122153,0.879338800907
122154,0.354052424431
122155,0.963995635509
122163,0.961770892143
122164,0.94094145298
122165,0.800921678543
122167,0.949306547642
122168,0.821798443794
122171,0.938686430454
122172,0.382604420185
122173,0.82767868042
122174,0.312813907862
122175,0.72660279274
122176,0.912008464336
122177,0.937184154987
122178,0.842518031597
122180,0.531305551529
122181,0.892048001289
122182,0.493351519108
122185,0.946928024292
122190,0.121069535613
122191,0.843794643879
122193,0.181351646781
122199,0.86230301857
122200,0.729528605938
122204,0.983573377132
122205,0.883045136929
122206,0.773721933365
122207,0.884616971016
122210,0.576280355453
122213,0.935998737812
122214,0.81416362524
122215,0.681748688221
122218,0.634562432766
122222,0.900498986244
122223,0.32974177599
122225,0.649639308453
122227,0.664107322693
122228,0.834502637386
122229,0.64139932394
122232,0.845552265644
122234,0.431552141905
122235,0.943222939968
122238,0.946444571018
122239,0.709273815155
122240,0.814503729343
122241,0.88617837429
122244,0.138602569699
122245,0.902379930019
122248,0.657272994518
122249,0.988462865353
122250,0.990283787251
122253,0.380861967802
122254,0.668124556541
122255,0.826685726643
122256,0.294716626406
122259,0.864324748516
122262,0.769674956799
122263,0.765822768211
122264,0.929801225662
122265,0.741671323776
122266,0.654739022255
122268,0.750146985054
122270,0.961117446423
122271,0.629878282547
122272,0.86372500658
122273,0.957544744015
122276,0.60144007206
122280,0.989689469337
122281,0.87962013483
122282,0.405941069126
122283,0.815158069134
122286,0.937036037445
122288,0.870268464088
122289,0.836341798306
122290,0.0857910513878
122292,0.853146731853
122293,0.857824444771
122295,0.809802114964
122296,0.908869385719
122301,0.974936127663
122302,0.72131049633
122303,0.984893739223
122304,0.85675317049
122309,0.854490637779
122312,0.960807085037
122315,0.976583242416
122317,0.629104912281
122318,0.507670044899
122320,0.619970560074
122324,0.567239582539
122325,0.0532040558755
122326,0.941267490387
122327,0.599691152573
122329,0.833989977837
122330,0.539052903652
122332,0.497436851263
122335,0.803194642067
122338,0.647673547268
122340,0.984425663948
122341,0.880566895008
122342,0.92155110836
122348,0.804052650928
122349,0.904594898224
122351,0.641734361649
122355,0.993348062038
122356,0.933249354362
122359,0.774590492249
122366,0.915077507496
122368,0.684764206409
122369,0.983258068562
122370,0.972450613976
122371,0.930923938751
122374,0.98205858469
122375,0.635881125927
122376,0.955524861813
122380,0.432366639376
122381,0.824195802212
122382,0.918752372265
122383,0.844946444035
122384,0.981164932251
122386,0.899308621883
122388,0.852540433407
122391,0.572283267975
122392,0.841804742813
122394,0.820742964745
122395,0.924545526505
122399,0.64979249239
122400,0.746109724045
122403,0.919324100018
122404,0.777322053909
122406,0.653352081776
122408,0.605972588062
122412,0.89165353775
122413,0.739601671696
122414,0.526809155941
122417,0.943157732487
122418,0.634886443615
122420,0.742296934128
122426,0.94992941618
122427,0.72790312767
122428,0.770435631275
122430,0.741003096104
122433,0.537641942501
122438,0.868595957756
122439,0.510831832886
122440,0.755470573902
122441,0.740997552872
122443,0.786481142044
122444,0.87846404314
122445,0.978517472744
122448,0.883468925953
122449,0.626616716385
122450,0.926918923855
122452,0.684210121632
122453,0.548205316067
122458,0.901276648045
122459,0.413817793131
122462,0.808461666107
122465,0.966141879559
122467,0.80000847578
122468,0.697468459606
122471,0.69687885046
122475,0.937017083168
122477,0.752916693687
122478,0.88277721405
122482,0.984821736813
122483,0.742436826229
122484,0.819490730762
122485,0.905615150928
122490,0.21245868504
122491,0.702867388725
122493,0.985606372356
122497,0.826053977013
122498,0.947169780731
122499,0.770718336105
122502,0.883159995079
122505,0.843842864037
122507,0.754880309105
122509,0.847426652908
122510,0.951934874058
122511,0.96753180027
122514,0.239637076855
122519,0.945660769939
122520,0.755570650101
122521,0.945516705513
122523,0.570582270622
122524,0.200493082404
122525,0.689239561558
122532,0.938063263893
122538,0.993732511997
122539,0.826995790005
122540,0.477771341801
122543,0.859439134598
122544,0.775835752487
122548,0.591974914074
122549,0.870772540569
122550,0.434555321932
122552,0.609082758427
122553,0.928074061871
122556,0.989167928696
122557,0.863568425179
122558,0.635450839996
122559,0.458368241787
122561,0.969637215137
122562,0.915275812149
122563,0.810673058033
122571,0.830278038979
122574,0.977293908596
122575,0.599367320538
122576,0.95209300518
122577,0.751095473766
122579,0.943414509296
122580,0.955847144127
122584,0.707608819008
122587,0.97538882494
122590,0.965861976147
122591,0.954492211342
122593,0.733100354671
122594,0.620919406414
122597,0.52665823698
122600,0.818390011787
122601,0.675214290619
122602,0.863620638847
122604,0.979041397572
122605,0.760436952114
122606,0.773922383785
122607,0.595475554466
122609,0.857578039169
122611,0.797886371613
122612,0.942612349987
122615,0.585326135159
122616,0.920940041542
122618,0.458228975534
122619,0.787780940533
122624,0.923942089081
122625,0.991583287716
122626,0.980275988579
122628,0.631305456161
122629,0.36884739995
122630,0.951362013817
122631,0.955146968365
122632,0.737120985985
122634,0.918118000031
122639,0.848168849945
122642,0.942653000355
122643,0.776191055775
122647,0.961454093456
122648,0.508423030376
122650,0.0434347875416
122651,0.954282522202
122656,0.875391840935
122658,0.209154084325
122660,0.802731752396
122661,0.886069774628
122662,0.497394859791
122663,0.579969465733
122664,0.912255883217
122666,0.883775293827
122668,0.769861102104
122669,0.710657954216
122670,0.960559010506
122672,0.928993940353
122673,0.97173589468
122675,0.72803068161
122676,0.722750008106
122683,0.873831093311
122685,0.98414337635
122687,0.824037492275
122691,0.495096832514
122692,0.950590014458
122693,0.61386936903
122697,0.837513804436
122701,0.518377900124
122703,0.700038969517
122706,0.65998840332
122710,0.343468725681
122712,0.884163498878
122713,0.917493164539
122714,0.971126139164
122719,0.982546329498
122720,0.94062513113
122724,0.988311111927
122728,0.994896113873
122730,0.937106192112
122731,0.659912288189
122736,0.863581895828
122739,0.959799468517
122743,0.290056705475
122746,0.401688069105
122749,0.261797219515
122750,0.122972741723
122753,0.478586524725
122754,0.756540179253
122756,0.878998219967
122757,0.869267046452
122760,0.751861691475
122761,0.820348083973
122763,0.563240647316
122766,0.985546827316
122767,0.761936187744
122768,0.778173804283
122769,0.97631251812
122772,0.884522199631
122775,0.900439441204
122776,0.870237410069
122777,0.961557924747
122779,0.969366848469
122781,0.806608021259
122782,0.6106300354
122783,0.592227578163
122785,0.957130551338
122786,0.994984030724
122787,0.961093664169
122788,0.7529322505
122791,0.791768789291
122792,0.676591575146
122797,0.419000267982
122799,0.95027244091
122801,0.989404201508
122802,0.850840747356
122803,0.611534059048
122804,0.882247924805
122807,0.661238193512
122808,0.781871676445
122811,0.906859993935
122815,0.949289977551
122816,0.514541327953
122818,0.943157196045
122819,0.971420764923
122820,0.795288085938
122822,0.480914622545
122823,0.826412856579
122826,0.331089347601
122827,0.571179568768
122829,0.943084359169
122832,0.79482871294
122833,0.710649132729
122834,0.774383604527
122835,0.866525411606
122836,0.700219810009
122838,0.813842177391
122840,0.836376667023
122842,0.950953722
122843,0.834040105343
122844,0.984053134918
122845,0.614362120628
122847,0.881987631321
122848,0.917195856571
122849,0.945546746254
122850,0.511754155159
122851,0.895939409733
122854,0.518153131008
122855,0.99273622036
122859,0.824061632156
122861,0.646902382374
122863,0.535968244076
122865,0.784394264221
122866,0.492283761501
122870,0.884339749813
122874,0.980474233627
122875,0.764684379101
122876,0.687320172787
122879,0.841512560844
122880,0.388154059649
122881,0.851873934269
122882,0.964588463306
122885,0.849389851093
122887,0.97752892971
122890,0.667203903198
122892,0.940941989422
122893,0.884101629257
122894,0.631488621235
122895,0.319686412811
122896,0.478425592184
122897,0.284693241119
122898,0.492070943117
122900,0.739014923573
122901,0.870745956898
122903,0.699379265308
122904,0.510640263557
122908,0.718842983246
122909,0.336344569921
122910,0.918800711632
122911,0.501839339733
122913,0.907314002514
122914,0.619510471821
122915,0.903037130833
122916,0.981698870659
122917,0.41988286376
122919,0.98542201519
122920,0.50796598196
122922,0.879761517048
122925,0.462914854288
122926,0.984677672386
122930,0.770449876785
122931,0.419480770826
122933,0.827144026756
122934,0.840728223324
122936,0.792852640152
122937,0.712045073509
122939,0.900192916393
122942,0.925323188305
122943,0.896620750427
122944,0.71031665802
122945,0.928334414959
122946,0.990797042847
122948,0.767866313457
122950,0.665552556515
122951,0.970374703407
122953,0.809087097645
122955,0.983256757259
122957,0.667564153671
122962,0.676498711109
122963,0.919826507568
122964,0.893327236176
122965,0.634156167507
122967,0.707440495491
122969,0.798455059528
122971,0.892481446266
122973,0.818010687828
122976,0.553151726723
122980,0.841565430164
122985,0.725628554821
122987,0.124395169318
122988,0.790464758873
122996,0.860910534859
122998,0.914420247078
122999,0.824984908104
123001,0.97629660368
123003,0.904271841049
123004,0.601218819618
123005,0.856618762016
123007,0.773526012897
123009,0.65764272213
123010,0.395106762648
123011,0.903248906136
123017,0.730647146702
123021,0.412948310375
123024,0.672587275505
123025,0.678008377552
123026,0.831544876099
123027,0.864789605141
123028,0.343957811594
123032,0.973975658417
123035,0.808232605457
123036,0.85948818922
123037,0.855921208858
123038,0.978858292103
123039,0.961534321308
123042,0.398447543383
123043,0.884016513824
123044,0.563585042953
123045,0.810733914375
123047,0.746634960175
123048,0.584799647331
123049,0.387055248022
123050,0.871436595917
123051,0.0660288110375
123052,0.959320366383
123053,0.0979165583849
123054,0.887586653233
123055,0.789082169533
123056,0.644702494144
123057,0.882823288441
123058,0.749403595924
123060,0.842864632607
123062,0.160647153854
123063,0.817640841007
123068,0.822492837906
123069,0.971378684044
123070,0.712220847607
123071,0.679055094719
123073,0.408149391413
123076,0.990086615086
123079,0.932568132877
123082,0.821285963058
123084,0.93660402298
123085,0.94125187397
123086,0.842400491238
123091,0.956360042095
123092,0.949330806732
123095,0.813727200031
123096,0.930643260479
123098,0.881396532059
123100,0.904596567154
123102,0.88021749258
123106,0.337401837111
123107,0.708772957325
123109,0.872338652611
123110,0.915106892586
123113,0.989673376083
123115,0.54013466835
123116,0.844993412495
123119,0.745315134525
123120,0.925484061241
123122,0.505973637104
123124,0.974526047707
123125,0.985119283199
123129,0.446337223053
123131,0.793555915356
123132,0.639277637005
123134,0.91038107872
123135,0.932456374168
123136,0.0950924158096
123138,0.647971391678
123142,0.713856399059
123146,0.769366681576
123147,0.502230584621
123148,0.596478998661
123149,0.784323215485
123150,0.470858871937
123154,0.968482375145
123155,0.805568277836
123160,0.926872313023
123161,0.79596889019
123162,0.909078657627
123164,0.584965646267
123167,0.614807486534
123168,0.980370998383
123169,0.641030192375
123171,0.975036084652
123173,0.857895731926
123175,0.797801792622
123177,0.95525598526
123179,0.792533576488
123180,0.849964499474
123182,0.614237427711
123184,0.563060879707
123187,0.523664832115
123190,0.725585758686
123191,0.496091753244
123193,0.335108727217
123194,0.684793889523
123195,0.867376506329
123199,0.67410826683
123201,0.807760715485
123202,0.994971990585
123208,0.919068276882
123209,0.582112967968
123211,0.625624537468
123212,0.974533975124
123214,0.943315863609
123217,0.905128419399
123218,0.818656206131
123222,0.867810189724
123227,0.492007404566
123230,0.523890554905
123233,0.627064943314
123234,0.939681708813
123235,0.96948492527
123237,0.676868855953
123238,0.493070006371
123241,0.959482550621
123243,0.478077083826
123245,0.952709078789
123246,0.732456684113
123252,0.782485663891
123253,0.707754731178
123258,0.97523444891
123260,0.675343513489
123263,0.799885869026
123264,0.849205970764
123265,0.770096302032
123266,0.801850557327
123269,0.399878948927
123270,0.851122558117
123272,0.982855379581
123273,0.887576580048
123278,0.970381677151
123282,0.930533111095
123284,0.854155242443
123286,0.294157117605
123288,0.746378004551
123289,0.873323261738
123290,0.854813396931
123291,0.738357484341
123292,0.877154648304
123297,0.543935775757
123299,0.649818539619
123300,0.870187342167
123301,0.272012025118
123303,0.847341060638
123306,0.790568351746
123307,0.882973730564
123308,0.880581974983
123309,0.988692760468
123310,0.880917906761
123312,0.487800061703
123313,0.685559332371
123314,0.664128065109
123315,0.667253136635
123316,0.855130791664
123317,0.89140278101
123318,0.981226444244
123319,0.855065822601
123320,0.928125202656
123325,0.857810616493
123327,0.571535885334
123331,0.520885944366
123332,0.747393369675
123334,0.91347360611
123336,0.979552447796
123337,0.969504117966
123338,0.719521522522
123339,0.993839204311
123340,0.803271353245
123342,0.668584883213
123343,0.657727181911
123344,0.953032493591
123346,0.89315533638
123347,0.558758378029
123348,0.81117618084
123350,0.962159216404
123351,0.959224045277
123354,0.959852099419
123355,0.854485034943
123357,0.108878642321
123358,0.70097219944
123359,0.899873018265
123360,0.905897855759
123361,0.797693312168
123363,0.844345331192
123364,0.840534567833
123365,0.902777731419
123366,0.762474238873
123370,0.622759222984
123372,0.766163110733
123375,0.947970926762
123379,0.987708449364
123381,0.706627249718
123382,0.824935972691
123385,0.944702625275
123387,0.7648614645
123388,0.700755178928
123392,0.667030632496
123393,0.991492092609
123397,0.981517016888
123401,0.582415521145
123403,0.621038138866
123405,0.904590249062
123407,0.8038007617
123411,0.937819540501
123412,0.973226726055
123413,0.96469527483
123414,0.904537916183
123418,0.719691455364
123419,0.986897289753
123420,0.93061029911
123421,0.977040052414
123423,0.316529661417
123425,0.848096549511
123427,0.838559091091
123428,0.809471964836
123429,0.83432161808
123430,0.749201953411
123431,0.936865270138
123432,0.920570969582
123434,0.900614798069
123436,0.975712716579
123439,0.684765815735
123441,0.969549953938
123442,0.703372180462
123444,0.943459391594
123445,0.981335759163
123449,0.603683829308
123450,0.70772588253
123451,0.707616746426
123454,0.680045425892
123457,0.817108333111
123458,0.83924728632
123460,0.501180112362
123461,0.899175524712
123462,0.863539099693
123465,0.871833264828
123468,0.954813420773
123472,0.502972126007
123476,0.647681832314
123477,0.972975552082
123479,0.900455474854
123485,0.48160520196
123486,0.41682061553
123487,0.811768352985
123489,0.909518837929
123492,0.953222513199
123493,0.916194796562
123494,0.964214682579
123495,0.891930937767
123497,0.769347190857
123499,0.946438789368
123500,0.460680872202
123502,0.679262816906
123503,0.798919558525
123505,0.920404016972
123508,0.824846506119
123509,0.814807534218
123510,0.910731554031
123512,0.674467682838
123514,0.766707360744
123516,0.809392511845
123517,0.978719294071
123518,0.929123878479
123520,0.664599835873
123521,0.922259747982
123523,0.811909854412
123528,0.398984581232
123531,0.76121878624
123535,0.792430579662
123541,0.908032953739
123543,0.474485844374
123545,0.711374163628
123546,0.681290030479
123547,0.791977763176
123548,0.597565174103
123550,0.835471391678
123552,0.498632133007
123557,0.888751983643
123558,0.876722335815
123559,0.71282762289
123560,0.960671961308
123563,0.683354079723
123569,0.652998387814
123570,0.814557671547
123573,0.971829771996
123574,0.991277098656
123576,0.339815765619
123578,0.929578959942
123579,0.977812230587
123580,0.993734061718
123585,0.981918334961
123587,0.875514090061
123590,0.903378248215
123592,0.848317742348
123594,0.791131794453
123596,0.560432255268
123601,0.967997789383
123603,0.82641941309
123604,0.158703461289
123607,0.904451131821
123608,0.689679563046
123610,0.895677447319
123612,0.864305496216
123618,0.968366980553
123619,0.928428828716
123621,0.823444902897
123623,0.804441154003
123624,0.800288319588
123625,0.948009073734
123626,0.596175432205
123628,0.908007800579
123629,0.885306715965
123630,0.660815000534
123632,0.726231753826
123633,0.709288537502
123637,0.897250533104
123638,0.967590928078
123642,0.506897270679
123643,0.939112246037
123647,0.815248429775
123648,0.605281889439
123650,0.690229177475
123652,0.915843367577
123656,0.732995808125
123659,0.965705871582
123664,0.399236351252
123665,0.744393646717
123666,0.705755233765
123668,0.973954975605
123670,0.84447658062
123671,0.90729957819
123672,0.585552752018
123674,0.660525083542
123678,0.98427850008
123680,0.494916915894
123681,0.976790785789
123682,0.519803404808
123683,0.734672427177
123684,0.975036799908
123685,0.960947096348
123686,0.980836033821
123688,0.744770586491
123689,0.692417442799
123690,0.789668381214
123691,0.821073889732
123692,0.643338501453
123694,0.76428425312
123699,0.716260790825
123701,0.933464646339
123702,0.9378657341
123704,0.965942621231
123706,0.323912829161
123707,0.702236175537
123708,0.762440621853
123710,0.498408526182
123712,0.946391820908
123714,0.882334828377
123716,0.916340708733
123717,0.95522081852
123721,0.888559699059
123725,0.860132396221
123730,0.93926012516
123734,0.929902732372
123735,0.162577599287
123739,0.779147863388
123740,0.73113822937
123741,0.417385697365
123743,0.905325949192
123744,0.408670961857
123745,0.982735216618
123746,0.813401162624
123747,0.858019351959
123750,0.822870373726
123753,0.487831383944
123757,0.673836052418
123759,0.589570224285
123760,0.948839783669
123763,0.693355321884
123764,0.805505394936
123768,0.890016853809
123770,0.528820872307
123775,0.897421479225
123777,0.942316949368
123779,0.492604196072
123780,0.774031579494
123783,0.937475204468
123787,0.747718930244
123790,0.930768013
123791,0.711107730865
123792,0.976634085178
123794,0.631162345409
123795,0.935002446175
123796,0.948598146439
123797,0.92095053196
123801,0.778022110462
123803,0.765996158123
123805,0.786483347416
123807,0.619204938412
123810,0.916784465313
123813,0.953122019768
123814,0.967775464058
123818,0.813689529896
123819,0.926142275333
123820,0.474901199341
123822,0.982891082764
123825,0.705911159515
123826,0.820202827454
123827,0.809617936611
123828,0.781266093254
123829,0.770226538181
123830,0.955731570721
123832,0.846162259579
123833,0.355977475643
123834,0.608805418015
123835,0.92432653904
123837,0.857856333256
123839,0.896476566792
123840,0.800468742847
123843,0.635828733444
123848,0.90263146162
123850,0.974993348122
123855,0.659591197968
123857,0.734993696213
123860,0.577674984932
123862,0.988468229771
123864,0.939901411533
123865,0.712153971195
123866,0.552396655083
123868,0.677062809467
123870,0.907291471958
123871,0.703225493431
123872,0.573339939117
123877,0.079015314579
123880,0.631890773773
123881,0.89632576704
123883,0.671648681164
123885,0.975630998611
123889,0.703915178776
123891,0.912458300591
123895,0.785612761974
123896,0.7586171031
123897,0.946141183376
123898,0.949062943459
123900,0.680870354176
123903,0.690514802933
123905,0.969491779804
123906,0.48091763258
123909,0.813697874546
123910,0.8478910923
123913,0.993601381779
123915,0.656656265259
123917,0.720617651939
123918,0.966641843319
123919,0.814719259739
123921,0.757448554039
123923,0.613810300827
123925,0.654998540878
123926,0.936541736126
123928,0.613724172115
123931,0.850625097752
123935,0.493421167135
123938,0.655196726322
123939,0.486210256815
123942,0.867066204548
123943,0.504714071751
123944,0.793608009815
123946,0.787576913834
123948,0.419024944305
123950,0.21917450428
123952,0.980418741703
123954,0.867998719215
123955,0.829116344452
123956,0.895583868027
123961,0.719934880733
123962,0.585553944111
123964,0.644264340401
123966,0.571667075157
123968,0.257502257824
123970,0.902512013912
123976,0.968236148357
123977,0.97637706995
123978,0.915969312191
123979,0.953063249588
123980,0.973990380764
123988,0.519477367401
123991,0.843231379986
123995,0.965478479862
124004,0.869406878948
124005,0.902822315693
124006,0.774376094341
124007,0.824169456959
124008,0.828849554062
124012,0.821188569069
124013,0.881394982338
124017,0.795994281769
124018,0.379336714745
124023,0.381430566311
124025,0.59435904026
124030,0.933043718338
124032,0.790165305138
124033,0.907947897911
124034,0.661209762096
124036,0.574605464935
124038,0.976503133774
124040,0.630303442478
124042,0.737033843994
124043,0.799947798252
124045,0.934862911701
124046,0.94237524271
124049,0.949497818947
124050,0.830288827419
124051,0.831374704838
124058,0.919927358627
124059,0.786744713783
124060,0.890023231506
124061,0.86697614193
124063,0.889849185944
124064,0.93688750267
124067,0.0979266762733
124070,0.895286619663
124071,0.658847153187
124073,0.660613417625
124075,0.899560928345
124078,0.840247690678
124079,0.822373688221
124080,0.950545310974
124081,0.872130572796
124084,0.911373019218
124086,0.876049697399
124093,0.973021626472
124096,0.695951104164
124097,0.974989831448
124099,0.642036259174
124104,0.793372690678
124108,0.748273849487
124109,0.114509187639
124110,0.573566913605
124111,0.669599592686
124113,0.975777983665
124114,0.7216578722
124115,0.692091107368
124116,0.994230151176
124117,0.968168318272
124119,0.813550651073
124120,0.954014122486
124122,0.695267260075
124123,0.729858756065
124124,0.716451823711
124125,0.95782738924
124126,0.918478667736
124127,0.741222798824
124128,0.594648718834
124130,0.687866210938
124133,0.980220675468
124134,0.957349777222
124136,0.935176610947
124137,0.865604400635
124139,0.423449516296
124140,0.551042735577
124141,0.940954983234
124144,0.830431759357
124145,0.845244169235
124146,0.718072891235
124147,0.735479593277
124149,0.747728586197
124150,0.515434801579
124155,0.93453168869
124157,0.835836589336
124159,0.668107748032
124160,0.631099462509
124161,0.866435170174
124162,0.714591741562
124163,0.860648274422
124169,0.750908255577
124170,0.915710031986
124171,0.97862637043
124173,0.903318524361
124176,0.889492273331
124177,0.969802260399
124178,0.818831205368
124181,0.442551136017
124182,0.854452669621
124184,0.728462338448
124189,0.853121638298
124193,0.953782737255
124194,0.852914333344
124195,0.889756202698
124198,0.879705905914
124199,0.685437083244
124201,0.631871879101
124202,0.689837932587
124203,0.896050989628
124206,0.469748228788
124207,0.666663169861
124210,0.915832698345
124211,0.831143975258
124213,0.785081326962
124215,0.622108399868
124220,0.814810395241
124221,0.496140688658
124222,0.806280314922
124223,0.672337651253
124224,0.965572953224
124225,0.953343868256
124226,0.969434976578
124230,0.238250941038
124233,0.971377909184
124234,0.901199162006
124235,0.566767990589
124236,0.987315177917
124239,0.75801885128
124240,0.721091270447
124242,0.701864540577
124243,0.842476189137
124247,0.773295998573
124249,0.446088194847
124251,0.992929399014
124254,0.951753973961
124256,0.523217082024
124258,0.982904136181
124260,0.897378563881
124265,0.744611501694
124266,0.952222168446
124269,0.880879998207
124270,0.78196388483
124273,0.744613289833
124274,0.896660625935
124275,0.912810623646
124277,0.721123874187
124281,0.688416898251
124290,0.94193059206
124291,0.880438566208
124292,0.793485045433
124293,0.982461392879
124294,0.805841863155
124295,0.897559225559
124298,0.985295772552
124301,0.959467947483
124302,0.928563892841
124305,0.692610025406
124306,0.927683532238
124307,0.738142132759
124315,0.927726328373
124318,0.817744195461
124319,0.537477076054
124320,0.801660001278
124321,0.427594035864
124322,0.972608268261
124324,0.873752176762
124328,0.578857421875
124330,0.899919807911
124334,0.9817096591
124335,0.876438260078
124336,0.480740696192
124337,0.692535042763
124340,0.47195354104
124342,0.914985477924
124344,0.734478116035
124346,0.310709625483
124348,0.987739622593
124349,0.942667663097
124350,0.887206733227
124351,0.846540868282
124353,0.908617734909
124355,0.985590279102
124356,0.654565513134
124357,0.947898626328
124361,0.490198493004
124362,0.917168259621
124363,0.849858641624
124366,0.808367848396
124367,0.984122157097
124370,0.845684528351
124371,0.94592666626
124373,0.878710150719
124374,0.865186989307
124375,0.977030038834
124376,0.788202047348
124380,0.73305773735
124382,0.9410353899
124384,0.796586692333
124385,0.971365451813
124387,0.952271044254
124390,0.825117588043
124393,0.922436177731
124394,0.759741008282
124397,0.688071966171
124398,0.88390737772
124402,0.660362541676
124406,0.553600549698
124408,0.777219951153
124409,0.636218011379
124410,0.776977062225
124411,0.868058383465
124412,0.723943471909
124413,0.633900403976
124415,0.883163094521
124417,0.884904801846
124418,0.813865065575
124420,0.648712873459
124421,0.8134958148
124422,0.873357713223
124423,0.786936461926
124424,0.681486129761
124427,0.74911403656
124429,0.887098014355
124431,0.923280477524
124436,0.302993416786
124437,0.833299875259
124439,0.937728285789
124440,0.97132730484
124451,0.533510029316
124452,0.818948328495
124454,0.782342553139
124456,0.940004110336
124458,0.512943565845
124459,0.591488599777
124460,0.64223074913
124461,0.827166259289
124462,0.610898077488
124467,0.898360073566
124471,0.900217533112
124472,0.99289059639
124475,0.8218536973
124476,0.288863867521
124481,0.460580199957
124484,0.525603294373
124485,0.834717988968
124486,0.772806704044
124487,0.977029263973
124488,0.765277087688
124490,0.954930961132
124491,0.860324323177
124495,0.860797464848
124506,0.245632752776
124507,0.513746738434
124511,0.0423943325877
124512,0.940746247768
124513,0.869669795036
124516,0.621647655964
124517,0.702489078045
124518,0.989259600639
124520,0.755934894085
124521,0.606684803963
124523,0.471225738525
124527,0.957391321659
124528,0.64866065979
124530,0.858187973499
124531,0.917009651661
124533,0.665343284607
124535,0.518084764481
124538,0.522092521191
124541,0.80568999052
124542,0.976520955563
124543,0.578638672829
124545,0.769872546196
124547,0.427560120821
124549,0.970366060734
124550,0.912439644337
124553,0.964784145355
124554,0.882908582687
124556,0.955017030239
124557,0.943158149719
124559,0.53848451376
124560,0.916638970375
124563,0.915340304375
124564,0.786246597767
124569,0.8074696064
124571,0.979854285717
124573,0.976917624474
124574,0.85795211792
124578,0.713668465614
124580,0.822135925293
124581,0.859449863434
124583,0.9197717309
124586,0.991410553455
124587,0.857202649117
124588,0.616446316242
124590,0.93328922987
124591,0.754972577095
124592,0.550216197968
124595,0.845055818558
124598,0.566316306591
124599,0.875567018986
124601,0.907653391361
124604,0.877695143223
124605,0.946423768997
124606,0.86019128561
124611,0.930015921593
124614,0.84123468399
124618,0.95233052969
124619,0.897472500801
124621,0.83115786314
124625,0.775757789612
124626,0.857483386993
124629,0.863387823105
124630,0.975668430328
124631,0.703126788139
124633,0.878248691559
124635,0.745904922485
124637,0.883280932903
124638,0.803771138191
124639,0.890170574188
124641,0.916127622128
124642,0.813388943672
124645,0.921305656433
124648,0.28929412365
124649,0.75264030695
124650,0.536089718342
124652,0.8060131073
124654,0.854184508324
124655,0.871484458447
124656,0.914632618427
124657,0.8694871068
124659,0.580764353275
124662,0.811332583427
124663,0.713593244553
124665,0.479917675257
124667,0.84964966774
124668,0.949131011963
124669,0.580234527588
124670,0.694538235664
124671,0.708922922611
124674,0.760537981987
124675,0.913891196251
124677,0.799266934395
124683,0.86678892374
124686,0.309165328741
124687,0.807063698769
124688,0.630639433861
124690,0.909944951534
124692,0.364762634039
124694,0.940629601479
124695,0.76238656044
124700,0.649469316006
124702,0.947961270809
124703,0.781496465206
124707,0.475899070501
124708,0.732045650482
124711,0.736753225327
124717,0.95597666502
124718,0.872831940651
124725,0.892880499363
124727,0.759374499321
124729,0.366196483374
124735,0.788184940815
124742,0.882572293282
124743,0.918015897274
124747,0.941943526268
124749,0.736320376396
124752,0.871376931667
124753,0.363717228174
124756,0.819352686405
124757,0.928002297878
124759,0.339306712151
124760,0.773801267147
124762,0.607454419136
124764,0.814346551895
124765,0.927784800529
124766,0.561241090298
124768,0.731393814087
124781,0.580550909042
124782,0.927021086216
124784,0.926017165184
124786,0.853050172329
124787,0.634187042713
124788,0.904015243053
124790,0.503809630871
124792,0.931791245937
124794,0.707854568958
124795,0.918767869473
124797,0.644536018372
124799,0.90435051918
124800,0.494032800198
124803,0.819639444351
124805,0.765447199345
124807,0.884623706341
124815,0.889850318432
124816,0.917271852493
124818,0.937760591507
124822,0.961834073067
124825,0.694315254688
124828,0.9242233634
124830,0.942618370056
124834,0.803044080734
124837,0.661832749844
124840,0.87486666441
124842,0.664626121521
124844,0.86597687006
124845,0.594229876995
124848,0.17313195765
124849,0.718933105469
124850,0.799359202385
124851,0.875567018986
124852,0.955171048641
124854,0.958540737629
124855,0.82470458746
124860,0.614992499352
124861,0.96438729763
124862,0.825385808945
124864,0.849348962307
124865,0.524774551392
124866,0.78380125761
124873,0.519541919231
124876,0.85073029995
124877,0.886805295944
124884,0.719575345516
124890,0.885060429573
124891,0.578633725643
124892,0.59010642767
124895,0.985699117184
124896,0.610191702843
124897,0.957971215248
124899,0.976378560066
124900,0.594987571239
124901,0.587932884693
124902,0.77627068758
124903,0.143031835556
124904,0.953764200211
124906,0.31094661355
124907,0.879755139351
124908,0.84312492609
124909,0.750910997391
124912,0.557889580727
124916,0.924275577068
124918,0.687685251236
124919,0.641358911991
124921,0.792011618614
124923,0.771544754505
124925,0.703142344952
124926,0.940135896206
124927,0.891786932945
124929,0.984402418137
124933,0.832000136375
124935,0.86652725935
124938,0.988160610199
124939,0.994386076927
124940,0.673961341381
124941,0.861759662628
124942,0.685764253139
124946,0.846392333508
124948,0.657968461514
124950,0.203689694405
124951,0.958708465099
124952,0.955510139465
124954,0.412727087736
124958,0.901879429817
124960,0.983782112598
124962,0.965264499187
124963,0.937052667141
124964,0.965939640999
124966,0.767671704292
124967,0.768363177776
124968,0.544089615345
124969,0.953129053116
124970,0.303476154804
124971,0.58325523138
124972,0.853808104992
124975,0.791049659252
124976,0.958036184311
124978,0.606839418411
124979,0.864458620548
124982,0.763073980808
124987,0.860114991665
124988,0.775604963303
124989,0.868583261967
124990,0.779759526253
124996,0.965199410915
124997,0.890744924545
124998,0.968248426914
125000,0.97384595871
125001,0.896014928818
125003,0.596905767918
125004,0.824836611748
125005,0.885481774807
125006,0.82954031229
125007,0.408246219158
125008,0.851074755192
125009,0.769896447659
125010,0.953979492188
125012,0.740806460381
125013,0.797355473042
125016,0.96452486515
125017,0.6687900424
125018,0.975807905197
125020,0.801070928574
125022,0.591403722763
125023,0.872357070446
125028,0.941544830799
125030,0.69776982069
125032,0.805327534676
125033,0.792190134525
125037,0.87706798315
125038,0.772261142731
125040,0.991199314594
125043,0.764923989773
125044,0.893932044506
125049,0.974481761456
125051,0.746418058872
125055,0.872815966606
125056,0.605534374714
125057,0.869289577007
125058,0.661431312561
125061,0.947917699814
125062,0.824168980122
125063,0.561612486839
125070,0.64969098568
125072,0.919608712196
125075,0.220419317484
125079,0.940316319466
125082,0.790647149086
125083,0.95869576931
125086,0.478603839874
125088,0.961663722992
125090,0.112749889493
125091,0.990623295307
125093,0.949215471745
125094,0.830041825771
125098,0.861481130123
125102,0.868584573269
125103,0.792693018913
125104,0.843994319439
125106,0.829995930195
125107,0.959808826447
125110,0.684022963047
125111,0.314522266388
125114,0.619325339794
125118,0.73844486475
125119,0.85365742445
125120,0.780393183231
125122,0.863215148449
125123,0.803477525711
125126,0.137488171458
125130,0.631957709789
125137,0.590650320053
125140,0.971442699432
125144,0.891618490219
125148,0.537195682526
125150,0.631192624569
125152,0.947175621986
125154,0.763238847256
125157,0.76364415884
125161,0.674015939236
125162,0.944919526577
125165,0.836184024811
125168,0.853601276875
125169,0.892541825771
125170,0.978084564209
125173,0.986961483955
125174,0.926696717739
125175,0.892895936966
125176,0.948200345039
125177,0.813156306744
125179,0.691639482975
125184,0.472978681326
125185,0.490491986275
125187,0.779569745064
125189,0.831274807453
125190,0.83473187685
125192,0.935110390186
125195,0.123857401311
125198,0.409041166306
125200,0.886335790157
125205,0.941035091877
125207,0.696782648563
125208,0.859224438667
125216,0.680314779282
125218,0.95811933279
125219,0.182940065861
125220,0.539495289326
125221,0.949097752571
125222,0.30274900794
125223,0.103045515716
125225,0.920683801174
125226,0.805586695671
125227,0.806542277336
125228,0.936997175217
125229,0.589215636253
125230,0.781334578991
125232,0.917622864246
125234,0.832543730736
125235,0.873510420322
125236,0.783105134964
125238,0.921756386757
125239,0.849437654018
125240,0.960852980614
125242,0.860273599625
125244,0.588369905949
125247,0.802729666233
125248,0.742996633053
125249,0.908553302288
125251,0.958533763885
125254,0.771970748901
125258,0.840152263641
125259,0.877772271633
125260,0.887890160084
125262,0.952277958393
125263,0.908722698689
125266,0.972403526306
125267,0.833187520504
125270,0.957334935665
125272,0.598171293736
125273,0.451993644238
125274,0.852878391743
125275,0.902630269527
125276,0.713056623936
125280,0.863957226276
125281,0.939556002617
125284,0.551171898842
125288,0.913582146168
125291,0.967178583145
125292,0.987034857273
125293,0.478088855743
125294,0.993728041649
125297,0.954207062721
125300,0.916052639484
125301,0.748362004757
125302,0.676112771034
125305,0.853969037533
125306,0.794062614441
125307,0.488086491823
125309,0.942522525787
125310,0.733234107494
125312,0.931214332581
125313,0.354861855507
125314,0.919763743877
125316,0.726037859917
125317,0.870056569576
125321,0.531436085701
125324,0.935601830482
125325,0.921501994133
125327,0.930460870266
125328,0.120542980731
125330,0.56312340498
125331,0.974693715572
125334,0.940659105778
125337,0.989802539349
125339,0.978865802288
125343,0.752468109131
125346,0.786146104336
125347,0.699523866177
125349,0.987282752991
125350,0.913473427296
125352,0.807275295258
125353,0.532099783421
125355,0.91211104393
125357,0.79291009903
125358,0.726889431477
125360,0.627586722374
125363,0.626754701138
125364,0.936469912529
125365,0.862598836422
125369,0.879516899586
125373,0.176553368568
125377,0.887866199017
125378,0.857393860817
125379,0.620211541653
125380,0.334782958031
125383,0.688760399818
125386,0.538983821869
125389,0.769920408726
125390,0.772724807262
125391,0.891873478889
125393,0.396054387093
125394,0.941942572594
125395,0.685577332973
125397,0.973191857338
125400,0.986698865891
125403,0.949105799198
125404,0.728255927563
125405,0.684709370136
125406,0.692793011665
125408,0.988150835037
125410,0.754437565804
125412,0.457586526871
125413,0.929405033588
125414,0.83532589674
125417,0.784464895725
125418,0.863991439342
125419,0.897784769535
125422,0.978667676449
125424,0.846378684044
125428,0.830239355564
125430,0.553389847279
125431,0.734573423862
125432,0.537223279476
125433,0.641361176968
125435,0.756315290928
125438,0.989598870277
125440,0.84081786871
125448,0.901920080185
125449,0.974185287952
125450,0.960184216499
125451,0.826672315598
125452,0.70088750124
125453,0.686740815639
125458,0.522706508636
125460,0.561587691307
125461,0.735423445702
125463,0.980316758156
125468,0.931743502617
125469,0.606730759144
125471,0.970784246922
125473,0.79252576828
125474,0.635243535042
125475,0.73892724514
125476,0.865818679333
125477,0.668545246124
125478,0.740008234978
125479,0.982629418373
125480,0.9445104599
125481,0.362551003695
125482,0.779128015041
125483,0.859302222729
125484,0.450668424368
125490,0.580232679844
125491,0.966484844685
125493,0.873867869377
125494,0.656930267811
125496,0.762401819229
125497,0.956004321575
125499,0.76319116354
125500,0.884439766407
125501,0.871185600758
125502,0.830501496792
125503,0.872814118862
125504,0.899473905563
125506,0.83328306675
125509,0.86337018013
125511,0.82812333107
125514,0.977974534035
125515,0.144149810076
125516,0.548488914967
125517,0.891929149628
125519,0.820886492729
125520,0.905137479305
125522,0.605420827866
125525,0.30437746644
125526,0.525248467922
125528,0.937228560448
125535,0.989870131016
125536,0.901440322399
125537,0.838931024075
125538,0.766579508781
125542,0.959810435772
125545,0.83963984251
125547,0.673507452011
125550,0.670188248158
125552,0.84073394537
125555,0.964420437813
125560,0.977151274681
125561,0.88050121069
125563,0.941738903522
125566,0.93412566185
125568,0.988821268082
125571,0.887615561485
125572,0.920168578625
125573,0.148700401187
125575,0.916761934757
125576,0.872178256512
125579,0.868071675301
125581,0.66045320034
125583,0.687823653221
125587,0.960849046707
125588,0.934299051762
125589,0.813432991505
125590,0.874158799648
125591,0.865178287029
125592,0.788127779961
125593,0.676049530506
125594,0.741761147976
125595,0.854022860527
125600,0.939574539661
125604,0.648990750313
125606,0.716506540775
125607,0.75621253252
125610,0.909201145172
125611,0.643808841705
125613,0.844714403152
125615,0.966168582439
125620,0.865959823132
125622,0.81818240881
125623,0.952743053436
125624,0.772360980511
125625,0.805793225765
125626,0.569170773029
125627,0.877290666103
125628,0.936576426029
125632,0.866779327393
125635,0.606818497181
125640,0.933771073818
125641,0.536112070084
125644,0.765831828117
125645,0.949781060219
125647,0.55951744318
125648,0.924850225449
125650,0.835419178009
125651,0.724920332432
125655,0.799093604088
125657,0.976558923721
125659,0.65714609623
125660,0.758797109127
125661,0.744529426098
125663,0.605087399483
125664,0.82825165987
125666,0.771218121052
125668,0.853734016418
125670,0.708346426487
125671,0.661107301712
125672,0.798456192017
125673,0.909034729004
125678,0.980734884739
125679,0.551568210125
125680,0.739702224731
125684,0.853965222836
125685,0.969596982002
125686,0.97737133503
125688,0.985152959824
125691,0.834235489368
125695,0.670764505863
125696,0.935635864735
125697,0.901796460152
125699,0.502129495144
125705,0.823479771614
125706,0.876450717449
125708,0.832541406155
125710,0.733678221703
125711,0.60816270113
125712,0.988024055958
125713,0.976730763912
125722,0.918165624142
125725,0.813071012497
125726,0.877160608768
125740,0.858099937439
125742,0.75020968914
125743,0.903365790844
125744,0.700211942196
125747,0.70212495327
125749,0.937097251415
125750,0.693723261356
125751,0.620446205139
125752,0.446620464325
125754,0.567202448845
125755,0.838826835155
125758,0.652936995029
125764,0.847961306572
125770,0.810867249966
125773,0.734094798565
125774,0.648946940899
125777,0.783526420593
125780,0.300834923983
125781,0.907532513142
125785,0.743936121464
125786,0.846488773823
125787,0.936370611191
125788,0.950449466705
125791,0.84944576025
125795,0.720203518867
125797,0.933044552803
125798,0.980462789536
125799,0.806605160236
125803,0.984049320221
125805,0.83269149065
125810,0.513379693031
125813,0.912550926208
125816,0.144595190883
125818,0.829149901867
125821,0.636107742786
125822,0.758050084114
125824,0.93452244997
125825,0.910721540451
125826,0.440881937742
125827,0.90992552042
125829,0.914526820183
125830,0.801366388798
125831,0.506625115871
125832,0.843586683273
125834,0.879939377308
125836,0.628397285938
125837,0.967613458633
125838,0.982398211956
125839,0.853957653046
125840,0.928547739983
125841,0.953131318092
125844,0.722341418266
125846,0.334476977587
125847,0.861571192741
125850,0.544439971447
125852,0.952077567577
125854,0.891059696674
125856,0.709936916828
125857,0.867326796055
125859,0.992766499519
125860,0.84806573391
125862,0.785212516785
125863,0.623512387276
125866,0.754207193851
125867,0.540833950043
125868,0.671833217144
125870,0.466333150864
125871,0.903792917728
125877,0.801350712776
125878,0.977242648602
125879,0.596184134483
125881,0.446229219437
125882,0.625107467175
125883,0.969519913197
125886,0.951105296612
125889,0.841417729855
125890,0.535596370697
125891,0.968466639519
125893,0.950787425041
125896,0.849137306213
125898,0.706302821636
125904,0.569971203804
125906,0.85963332653
125907,0.946386575699
125908,0.926600635052
125910,0.676041066647
125913,0.914533138275
125915,0.787398457527
125917,0.871650159359
125920,0.893307447433
125922,0.93696886301
125926,0.573992013931
125927,0.73028165102
125929,0.918489813805
125931,0.8756082654
125935,0.98554867506
125937,0.87952464819
125940,0.392494261265
125942,0.800286114216
125943,0.978237330914
125944,0.8638433218
125949,0.785451233387
125951,0.768344163895
125952,0.980180025101
125953,0.801951229572
125954,0.562702596188
125955,0.947134971619
125956,0.686524271965
125963,0.953151702881
125965,0.814467132092
125966,0.966937363148
125970,0.975504636765
125971,0.864190220833
125972,0.978113889694
125973,0.894927203655
125975,0.86864554882
125978,0.784859538078
125979,0.676742613316
125980,0.597685992718
125983,0.916619539261
125984,0.852506101131
125985,0.645784199238
125986,0.88608789444
125989,0.948091328144
125991,0.914238154888
125993,0.655740916729
125994,0.842482566833
125996,0.53034055233
125997,0.788160920143
125998,0.594836354256
126003,0.695991337299
126006,0.761428833008
126009,0.843897104263
126010,0.976564049721
126011,0.319710820913
126012,0.853031516075
126014,0.152116626501
126017,0.860384345055
126018,0.952246069908
126020,0.858071744442
126021,0.138564839959
126023,0.828207731247
126026,0.574532210827
126027,0.900107443333
126028,0.809627890587
126029,0.312538802624
126030,0.787301898003
126031,0.690549194813
126032,0.60735309124
126033,0.8711130023
126034,0.973959267139
126035,0.956461787224
126039,0.96936416626
126045,0.683613836765
126046,0.972146451473
126047,0.276310712099
126048,0.773059308529
126050,0.438087403774
126053,0.624855697155
126055,0.739587545395
126057,0.924430131912
126058,0.929823577404
126060,0.796099960804
126063,0.474092930555
126066,0.87575429678
126070,0.344016253948
126071,0.915212273598
126075,0.919588923454
126076,0.897748053074
126078,0.94215965271
126082,0.775969684124
126083,0.942741036415
126084,0.948058009148
126085,0.96164816618
126088,0.8908649683
126089,0.633026480675
126091,0.593254745007
126092,0.715951919556
126098,0.518042266369
126099,0.69249022007
126100,0.351315140724
126101,0.562426507473
126102,0.971636116505
126103,0.573942840099
126104,0.717032730579
126105,0.901118278503
126108,0.622527956963
126109,0.693528294563
126110,0.573660731316
126111,0.612531602383
126120,0.685099840164
126121,0.93077224493
126124,0.621614515781
126128,0.961663603783
126129,0.945025026798
126136,0.793192744255
126137,0.637706160545
126138,0.980342566967
126140,0.881361484528
126143,0.901934325695
126145,0.720518648624
126147,0.551487743855
126149,0.901426076889
126151,0.747635960579
126154,0.827576220036
126155,0.909436941147
126156,0.924772143364
126162,0.777806222439
126163,0.83465719223
126164,0.986516952515
126165,0.927848815918
126166,0.89955842495
126168,0.982148766518
126170,0.919082760811
126171,0.866717815399
126175,0.825486183167
126176,0.93581455946
126177,0.975690126419
126180,0.904688060284
126181,0.896448493004
126186,0.93657130003
126187,0.97030544281
126190,0.791765809059
126191,0.7991502285
126192,0.690247476101
126193,0.411200344563
126194,0.849325418472
126195,0.458481758833
126196,0.5434217453
126197,0.94515222311
126199,0.825026154518
126202,0.628731369972
126206,0.985314488411
126209,0.529932439327
126210,0.360793948174
126212,0.904048979282
126213,0.827959775925
126214,0.813961684704
126215,0.95446395874
126217,0.72748541832
126218,0.766831874847
126220,0.774138689041
126221,0.635391652584
126222,0.953245699406
126223,0.911291122437
126225,0.971106946468
126229,0.989966392517
126232,0.714882493019
126234,0.551274836063
126235,0.872594416142
126236,0.554950296879
126238,0.831925690174
126241,0.895212292671
126242,0.978421807289
126243,0.699649274349
126244,0.50228869915
126245,0.951126992702
126246,0.94937390089
126247,0.824268937111
126248,0.446803063154
126249,0.669320642948
126250,0.41976544261
126252,0.920328080654
126254,0.984051823616
126256,0.925138771534
126257,0.980030357838
126261,0.703452527523
126262,0.716324985027
126263,0.501784086227
126264,0.783532738686
126266,0.833015143871
126267,0.643478274345
126268,0.691609680653
126269,0.736147522926
126270,0.789044201374
126271,0.952445030212
126274,0.928531169891
126275,0.905410170555
126276,0.944577217102
126278,0.777194619179
126279,0.602066218853
126280,0.60044926405
126283,0.944757223129
126286,0.703197181225
126289,0.614951014519
126290,0.985151350498
126293,0.876839876175
126296,0.450732797384
126302,0.798250436783
126305,0.92343467474
126306,0.855333149433
126309,0.605163097382
126311,0.844874024391
126312,0.670962333679
126314,0.095181517303
126315,0.889285206795
126316,0.803109884262
126318,0.885117411613
126319,0.837379872799
126320,0.948042571545
126323,0.701402068138
126329,0.7869566679
126330,0.884045124054
126332,0.899585723877
126334,0.452183783054
126338,0.816026508808
126339,0.844843804836
126341,0.384944885969
126343,0.949589788914
126347,0.975288450718
126348,0.513720333576
126351,0.913673996925
126352,0.165958151221
126361,0.880149960518
126362,0.380286931992
126367,0.852850973606
126369,0.925373196602
126370,0.957335472107
126371,0.826999127865
126373,0.87255269289
126375,0.993813991547
126379,0.968234419823
126380,0.949706554413
126381,0.65417432785
126382,0.675270617008
126384,0.864022612572
126386,0.921429634094
126387,0.425764232874
126389,0.795975029469
126392,0.906532227993
126393,0.94356662035
126395,0.987577080727
126397,0.220618933439
126399,0.912343502045
126400,0.900672018528
126403,0.969418287277
126405,0.55310857296
126406,0.422628611326
126408,0.783284246922
126411,0.884782135487
126413,0.220126345754
126414,0.981813311577
126415,0.881752490997
126417,0.769234895706
126418,0.983885884285
126420,0.925656676292
126421,0.393846482038
126422,0.62502348423
126423,0.325158506632
126425,0.833799779415
126433,0.841716766357
126434,0.560930728912
126436,0.983340322971
126440,0.707722842693
126444,0.951579809189
126447,0.773482859135
126449,0.978637516499
126452,0.280607640743
126453,0.985217392445
126456,0.581148862839
126457,0.803084254265
126460,0.982313871384
126461,0.689316809177
126463,0.896373152733
126465,0.641418516636
126467,0.797264635563
126468,0.848342716694
126469,0.976922750473
126474,0.767942667007
126476,0.742802202702
126480,0.757073044777
126482,0.519476056099
126484,0.623247265816
126488,0.620387673378
126492,0.978917479515
126495,0.987399101257
126500,0.961451888084
126501,0.805583298206
126502,0.938205420971
126503,0.860750257969
126504,0.613564133644
126505,0.854569911957
126506,0.93115490675
126507,0.883654773235
126508,0.764138221741
126509,0.830184280872
126512,0.737815082073
126513,0.428979575634
126516,0.609540641308
126517,0.862844765186
126518,0.916710019112
126519,0.962405025959
126520,0.821366429329
126521,0.789450764656
126522,0.739959537983
126525,0.596422553062
126526,0.687865138054
126527,0.779596269131
126532,0.902932941914
126533,0.405032545328
126535,0.690961897373
126536,0.902332663536
126537,0.703532874584
126538,0.87938028574
126548,0.716309666634
126549,0.974136412144
126553,0.916059136391
126555,0.715192079544
126556,0.514672875404
126564,0.882916390896
126570,0.73334300518
126571,0.696516752243
126572,0.940901339054
126573,0.951348185539
126575,0.931171953678
126576,0.748980939388
126578,0.820298850536
126585,0.639982700348
126588,0.918794631958
126591,0.161733031273
126592,0.675031661987
126595,0.98517781496
126596,0.73439925909
126598,0.957804739475
126599,0.989116966724
126600,0.853562414646
126601,0.670901417732
126603,0.632909953594
126606,0.921348154545
126609,0.92480057478
126610,0.733750641346
126613,0.675794422626
126614,0.833371162415
126616,0.962320327759
126619,0.902659714222
126623,0.553366184235
126625,0.952898323536
126627,0.846368849277
126628,0.543839335442
126631,0.775994002819
126632,0.964416205883
126635,0.39859777689
126637,0.800841331482
126638,0.851498246193
126639,0.883431434631
126640,0.715651154518
126642,0.924093663692
126643,0.885433793068
126644,0.595637857914
126645,0.987460672855
126647,0.754534959793
126649,0.810575306416
126650,0.795547783375
126653,0.943830966949
126654,0.691686809063
126656,0.579473614693
126660,0.639406621456
126661,0.874187231064
126662,0.828580915928
126663,0.573992848396
126665,0.75387597084
126666,0.990212142467
126667,0.815038859844
126669,0.779447197914
126671,0.795409739017
126675,0.89557993412
126676,0.726323902607
126677,0.714051961899
126678,0.900928199291
126679,0.654017090797
126681,0.933638036251
126683,0.967806637287
126684,0.800643742085
126688,0.42866820097
126689,0.559618651867
126690,0.863306999207
126691,0.854745805264
126693,0.637893557549
126694,0.841761827469
126695,0.594632744789
126701,0.899349629879
126702,0.279498338699
126703,0.618298053741
126704,0.802862048149
126705,0.771333456039
126706,0.882408201694
126707,0.854641854763
126709,0.728414177895
126710,0.968282401562
126714,0.889843761921
126717,0.72935295105
126718,0.593011319637
126719,0.878973841667
126721,0.925051569939
126723,0.651143014431
126725,0.759117901325
126726,0.628858149052
126728,0.413014918566
126733,0.914692342281
126734,0.772899806499
126736,0.635042071342
126738,0.754119694233
126739,0.63798725605
126742,0.940031707287
126744,0.84679543972
126747,0.479026466608
126748,0.851199686527
126749,0.903605699539
126750,0.703920006752
126754,0.2835765481
126755,0.783312499523
126756,0.66710460186
126757,0.600288629532
126762,0.63452476263
126763,0.963730812073
126764,0.960809886456
126766,0.966610133648
126767,0.876532495022
126768,0.960288286209
126770,0.8858294487
126773,0.965654492378
126775,0.940568864346
126778,0.59415781498
126780,0.732619583607
126781,0.980146229267
126782,0.876466572285
126786,0.98671746254
126788,0.867074906826
126790,0.892501592636
126791,0.776321589947
126793,0.632543385029
126796,0.934280633926
126797,0.932967543602
126801,0.754468798637
126804,0.964365780354
126805,0.617717564106
126808,0.878103613853
126809,0.788848280907
126812,0.677840411663
126817,0.619437396526
126818,0.0755742788315
126819,0.972183942795
126820,0.897819519043
126823,0.964573383331
126828,0.405689954758
126832,0.885911405087
126833,0.878457188606
126834,0.874659121037
126835,0.640892267227
126838,0.923271536827
126839,0.714305460453
126840,0.8338072896
126841,0.873614668846
126842,0.784094154835
126843,0.679367661476
126846,0.174975559115
126848,0.849796175957
126849,0.773425757885
126852,0.773337244987
126857,0.800002157688
126859,0.882868409157
126861,0.660008192062
126862,0.780862629414
126864,0.970922589302
126865,0.877006649971
126866,0.819005489349
126867,0.57746297121
126868,0.666655659676
126869,0.573358774185
126870,0.757426977158
126876,0.984785854816
126878,0.876354694366
126880,0.8475227952
126882,0.868951737881
126889,0.563047587872
126894,0.952615499496
126896,0.84999358654
126897,0.704727470875
126898,0.668556571007
126900,0.591858386993
126901,0.8623483181
126902,0.81356793642
126905,0.832569420338
126906,0.800499737263
126909,0.57069426775
126910,0.927085995674
126911,0.695726633072
126912,0.953981816769
126913,0.893478870392
126914,0.697327554226
126916,0.966917097569
126917,0.865837693214
126918,0.890338301659
126921,0.67619562149
126923,0.811584293842
126924,0.682088136673
126925,0.570589005947
126929,0.868726313114
126938,0.977302193642
126939,0.863584518433
126944,0.990348815918
126945,0.664676189423
126946,0.806159198284
126949,0.946493506432
126952,0.890652894974
126953,0.809294104576
126956,0.932373464108
126957,0.856900811195
126959,0.919404983521
126960,0.876641869545
126961,0.946169674397
126965,0.627320051193
126966,0.633735001087
126968,0.91218572855
126970,0.828151941299
126971,0.732620358467
126972,0.605194330215
126974,0.852274417877
126975,0.885624825954
126976,0.793832838535
126977,0.777974188328
126980,0.727463185787
126981,0.550095140934
126982,0.50269061327
126984,0.957470655441
126985,0.946688234806
126986,0.759332418442
126988,0.90801268816
126989,0.680344164371
126991,0.788285434246
126992,0.941275835037
126993,0.861177265644
126998,0.891791880131
126999,0.892292261124
127000,0.94314968586
127003,0.793316245079
127009,0.622961044312
127011,0.579643666744
127012,0.68512994051
127013,0.840416491032
127015,0.721555292606
127016,0.93112206459
127017,0.976628303528
127019,0.987504959106
127022,0.684001386166
127023,0.955534100533
127024,0.90395283699
127025,0.603548467159
127026,0.697392642498
127027,0.905287861824
127028,0.846050798893
127029,0.480361402035
127031,0.877298235893
127032,0.842454433441
127033,0.737512171268
127034,0.832118988037
127036,0.0235698390752
127040,0.780307471752
127041,0.763763725758
127043,0.633918642998
127044,0.87727445364
127045,0.746147215366
127046,0.961110413074
127048,0.453052282333
127049,0.988577961922
127051,0.88297522068
127055,0.901819109917
127056,0.613802790642
127058,0.976543903351
127060,0.72099930048
127061,0.827406406403
127062,0.738947927952
127063,0.865850329399
127065,0.969711899757
127066,0.236014649272
127069,0.865841388702
127070,0.809888720512
127074,0.146804407239
127075,0.784491896629
127076,0.782037198544
127077,0.667287051678
127080,0.953703045845
127086,0.928164184093
127087,0.985535264015
127092,0.64228785038
127094,0.719889640808
127095,0.823731005192
127097,0.972704648972
127098,0.90323984623
127100,0.838795602322
127101,0.898704171181
127102,0.823965251446
127104,0.678216516972
127110,0.959414839745
127113,0.86418902874
127117,0.726888656616
127123,0.736856043339
127125,0.912497639656
127128,0.724832832813
127129,0.983358681202
127130,0.220697760582
127134,0.609215259552
127135,0.773813009262
127138,0.859439909458
127139,0.866615176201
127141,0.844778895378
127143,0.919950604439
127145,0.0727073252201
127146,0.921333611012
127150,0.742703080177
127151,0.78600949049
127152,0.877942204475
127153,0.762611150742
127154,0.831262409687
127155,0.893638312817
127156,0.963990211487
127157,0.733929038048
127158,0.547422468662
127161,0.809684574604
127162,0.690080881119
127164,0.968158662319
127168,0.514794826508
127173,0.48009967804
127174,0.971262872219
127176,0.903661072254
127177,0.769211173058
127179,0.941220283508
127182,0.409798532724
127183,0.970770359039
127186,0.824244141579
127187,0.800472259521
127188,0.925175905228
127189,0.889560580254
127191,0.462258815765
127199,0.43177729845
127201,0.756066203117
127202,0.854094684124
127203,0.981731951237
127208,0.512313187122
127210,0.864433586597
127212,0.932830095291
127213,0.366500288248
127214,0.708067595959
127216,0.607277154922
127217,0.9610003829
127218,0.701023757458
127219,0.985124707222
127221,0.968957483768
127222,0.818604826927
127223,0.625811517239
127224,0.715081751347
127226,0.985211372375
127228,0.60260206461
127230,0.709412693977
127231,0.89995765686
127232,0.63745880127
127236,0.801838755608
127238,0.762310028076
127241,0.723275065422
127243,0.828187644482
127244,0.975817918777
127245,0.737269759178
127246,0.642906188965
127247,0.64873021841
127249,0.0742592811584
127253,0.874193966389
127260,0.364865928888
127261,0.901963531971
127263,0.922306597233
127267,0.806115448475
127268,0.984407067299
127269,0.869203388691
127270,0.643362224102
127271,0.862909674644
127272,0.911718189716
127274,0.849923670292
127275,0.714513719082
127276,0.529121935368
127277,0.955839633942
127278,0.876524448395
127279,0.93267506361
127280,0.0915546342731
127281,0.791455686092
127282,0.789173126221
127285,0.888341069221
127287,0.757305324078
127288,0.965388119221
127290,0.850687801838
127291,0.845732450485
127292,0.872923672199
127293,0.972131371498
127294,0.786597013474
127296,0.924083590508
127300,0.722118675709
127301,0.902048408985
127302,0.800213098526
127303,0.955776333809
127307,0.979045331478
127309,0.786810040474
127311,0.682450652122
127314,0.770716369152
127316,0.787930965424
127317,0.671898663044
127322,0.814638435841
127323,0.972791850567
127332,0.832868635654
127334,0.760491967201
127335,0.534546077251
127336,0.598378062248
127339,0.773882746696
127340,0.84752613306
127342,0.800453901291
127344,0.88302809
127345,0.717894494534
127347,0.49581682682
127353,0.930038511753
127355,0.143227517605
127356,0.803967416286
127357,0.92591136694
127359,0.978457331657
127362,0.982672572136
127365,0.911953628063
127366,0.98656475544
127367,0.968364417553
127370,0.579882502556
127373,0.959651648998
127375,0.33069050312
127376,0.504308819771
127378,0.911522626877
127379,0.490903139114
127380,0.83959621191
127382,0.804911792278
127384,0.91245496273
127385,0.851129949093
127386,0.861547648907
127388,0.838929116726
127393,0.936250805855
127395,0.840955197811
127397,0.688717603683
127398,0.88194590807
127400,0.576368451118
127402,0.905971825123
127406,0.556157112122
127409,0.610511004925
127413,0.906277835369
127414,0.740366995335
127415,0.955206930637
127417,0.965722799301
127418,0.72279894352
127419,0.855066716671
127426,0.620829463005
127428,0.89100933075
127431,0.760375261307
127434,0.660447001457
127435,0.872143983841
127437,0.611648380756
127440,0.942343711853
127442,0.706561386585
127444,0.7278444767
127450,0.647031009197
127453,0.672022759914
127454,0.962483227253
127457,0.824704647064
127458,0.787420868874
127460,0.858146250248
127461,0.75943595171
127462,0.831169068813
127463,0.842473685741
127467,0.989154040813
127469,0.820128023624
127471,0.722440421581
127472,0.871297299862
127474,0.772434651852
127479,0.972359120846
127480,0.72507417202
127481,0.573737680912
127483,0.892188966274
127484,0.76120454073
127485,0.887571513653
127486,0.915246665478
127489,0.693807303905
127490,0.958644688129
127491,0.812358081341
127494,0.657645106316
127496,0.809285879135
127500,0.656664669514
127505,0.710794627666
127506,0.968994677067
127508,0.745805382729
127509,0.59542965889
127512,0.609770655632
127513,0.939796030521
127517,0.864022433758
127518,0.312471240759
127519,0.851700544357
127520,0.845595479012
127521,0.924060642719
127523,0.702832996845
127524,0.966682076454
127525,0.828685760498
127526,0.840409994125
127531,0.817332088947
127534,0.554830610752
127535,0.589080929756
127539,0.662006080151
127540,0.984201610088
127542,0.814325034618
127545,0.908073306084
127548,0.840730249882
127550,0.470429629087
127551,0.820732057095
127552,0.926625490189
127553,0.842086672783
127554,0.708542883396
127557,0.745644986629
127558,0.408450186253
127559,0.541802287102
127560,0.164432033896
127564,0.788706421852
127565,0.942565023899
127568,0.826687574387
127569,0.989349782467
127571,0.451094716787
127572,0.909583687782
127573,0.796298742294
127574,0.909302473068
127575,0.240063548088
127576,0.587020516396
127577,0.74709135294
127580,0.441263884306
127581,0.933820843697
127582,0.573766946793
127584,0.798184812069
127585,0.757733404636
127590,0.977785646915
127591,0.760743558407
127592,0.821479380131
127593,0.515351355076
127595,0.892386853695
127597,0.668340623379
127602,0.874078989029
127603,0.487720996141
127604,0.96203571558
127606,0.967466056347
127607,0.938147246838
127609,0.473070502281
127610,0.830366075039
127612,0.909548044205
127613,0.917671203613
127614,0.885568678379
127615,0.724043190479
127620,0.948122441769
127622,0.775632500648
127623,0.903535783291
127624,0.527354896069
127627,0.754189074039
127628,0.830186843872
127630,0.781855463982
127634,0.653390228748
127635,0.950731277466
127636,0.9183562994
127638,0.913931012154
127640,0.962410092354
127642,0.679666161537
127647,0.858123064041
127648,0.817722976208
127650,0.874565660954
127651,0.827877163887
127653,0.846866905689
127654,0.965877234936
127656,0.943874597549
127657,0.98839789629
127658,0.526646077633
127659,0.78086233139
127660,0.932804882526
127661,0.73138064146
127663,0.670664489269
127664,0.947324216366
127665,0.892068088055
127667,0.81449586153
127669,0.804323732853
127673,0.800768077374
127675,0.959506332874
127677,0.978063285351
127678,0.760827362537
127681,0.943028390408
127683,0.696203827858
127684,0.74411469698
127685,0.914710640907
127689,0.786360263824
127690,0.804909348488
127692,0.772549152374
127695,0.876427292824
127700,0.929001748562
127704,0.868623137474
127706,0.900804698467
127708,0.747817218304
127709,0.814450562
127710,0.901530683041
127712,0.570318698883
127713,0.847300827503
127714,0.955391645432
127717,0.721540868282
127720,0.567446351051
127721,0.869070589542
127725,0.918434500694
127727,0.73261153698
127729,0.744268715382
127730,0.955366373062
127731,0.76708227396
127733,0.714074313641
127737,0.925092339516
127744,0.853892982006
127745,0.168588757515
127747,0.779320597649
127753,0.940334260464
127754,0.760379374027
127755,0.915894985199
127762,0.640132069588
127763,0.673521399498
127764,0.940426886082
127765,0.929640889168
127766,0.743532478809
127768,0.431620299816
127769,0.836846828461
127773,0.462119102478
127774,0.659976541996
127777,0.666550338268
127782,0.708937346935
127783,0.96682536602
127785,0.919317245483
127789,0.611920595169
127792,0.709745645523
127793,0.986409068108
127795,0.823263585567
127801,0.635750889778
127802,0.626200079918
127803,0.69310849905
127805,0.737975418568
127806,0.830484211445
127807,0.684735894203
127808,0.840342819691
127810,0.502607345581
127813,0.513258934021
127814,0.840096056461
127816,0.884176313877
127817,0.971080482006
127818,0.921566486359
127819,0.777728438377
127820,0.45362752676
127821,0.904977858067
127825,0.593961596489
127828,0.798759579659
127831,0.314904719591
127832,0.827112555504
127833,0.749461650848
127834,0.514757573605
127837,0.86060667038
127838,0.989710748196
127840,0.550884842873
127841,0.886829674244
127844,0.93526250124
127846,0.816891252995
127848,0.825971126556
127849,0.837481439114
127850,0.56441539526
127851,0.425351887941
127852,0.076197899878
127854,0.731253266335
127856,0.49097853899
127857,0.764313220978
127858,0.903362035751
127861,0.635855555534
127862,0.73366111517
127863,0.624518632889
127864,0.914722800255
127868,0.448378622532
127870,0.960301935673
127871,0.892424762249
127872,0.967383623123
127873,0.805619001389
127874,0.890968084335
127875,0.461249530315
127877,0.986116826534
127878,0.871496617794
127880,0.729676187038
127882,0.758266150951
127884,0.615852415562
127886,0.736205101013
127891,0.908843278885
127892,0.968016684055
127894,0.701490938663
127896,0.933060407639
127897,0.972280621529
127898,0.949081540108
127900,0.901676476002
127902,0.605913162231
127903,0.86832344532
127904,0.653111577034
127905,0.934127092361
127907,0.421515583992
127908,0.661594092846
127910,0.776539802551
127911,0.969290435314
127915,0.387426882982
127918,0.946390032768
127921,0.664475142956
127922,0.633746922016
127923,0.843763589859
127927,0.9835460186
127930,0.944390296936
127931,0.442025601864
127934,0.960940718651
127937,0.789481639862
127938,0.834100186825
127942,0.631765127182
127943,0.858335733414
127944,0.960194885731
127946,0.900272727013
127947,0.733549892902
127948,0.827196598053
127950,0.956803500652
127951,0.946146547794
127952,0.638888418674
127955,0.911753118038
127956,0.759533047676
127958,0.974836587906
127962,0.951757609844
127963,0.859344661236
127964,0.967425584793
127967,0.918122828007
127968,0.736551105976
127969,0.469624012709
127970,0.337992459536
127972,0.820922315121
127974,0.924496769905
127975,0.649458527565
127976,0.973632216454
127978,0.542350709438
127980,0.888836026192
127981,0.739629983902
127983,0.850304424763
127984,0.620209813118
127985,0.88906031847
127986,0.702818274498
127991,0.763041496277
127993,0.909879028797
127998,0.927384138107
128001,0.751179933548
128003,0.96137958765
128004,0.829971969128
128011,0.954256892204
128012,0.515647351742
128015,0.965131342411
128016,0.959896087646
128019,0.909819662571
128024,0.928731262684
128025,0.951332569122
128026,0.990653276443
128028,0.706616699696
128029,0.62392783165
128031,0.907170534134
128035,0.946945428848
128036,0.8963752985
128037,0.851481974125
128039,0.513234674931
128040,0.720545351505
128042,0.732968091965
128043,0.871953248978
128046,0.879775941372
128047,0.874940276146
128050,0.559050858021
128052,0.773738026619
128056,0.73501175642
128060,0.796914339066
128061,0.913691580296
128064,0.777777135372
128065,0.924707114697
128068,0.501923978329
128072,0.915142297745
128073,0.931896090508
128075,0.31476688385
128076,0.688654780388
128079,0.338519990444
128080,0.577075004578
128081,0.760292112827
128082,0.598286807537
128084,0.748597621918
128086,0.0653131827712
128087,0.979947805405
128091,0.643152832985
128094,0.933771193027
128095,0.653397679329
128096,0.380566865206
128097,0.982503294945
128098,0.883143723011
128101,0.759593367577
128102,0.857264220715
128103,0.939448058605
128104,0.733124375343
128105,0.562592506409
128106,0.532042384148
128115,0.817422509193
128116,0.869534790516
128121,0.629855275154
128123,0.201337307692
128128,0.716401219368
128130,0.880056321621
128132,0.815837323666
128135,0.982752025127
128137,0.94786798954
128142,0.751642465591
128144,0.991543769836
128148,0.935901403427
128149,0.884287536144
128150,0.90218180418
128154,0.860968828201
128158,0.669248521328
128160,0.980960965157
128161,0.686438024044
128165,0.770109295845
128167,0.750682771206
128169,0.531510412693
128171,0.788692593575
128172,0.829475224018
128174,0.955030620098
128180,0.96880865097
128184,0.379755169153
128191,0.65311563015
128196,0.913327276707
128199,0.712340950966
128206,0.945245862007
128207,0.646702051163
128210,0.953607082367
128214,0.624023973942
128218,0.965570688248
128219,0.524825453758
128221,0.872216165066
128223,0.988027572632
128224,0.98379689455
128225,0.928304851055
128228,0.832789242268
128229,0.695523202419
128231,0.555910646915
128233,0.956786990166
128234,0.842412471771
128237,0.541819572449
128239,0.744636893272
128240,0.582228600979
128242,0.160564422607
128243,0.838946223259
128244,0.74934643507
128245,0.92341953516
128246,0.969365715981
128248,0.991912126541
128249,0.938885629177
128250,0.947552323341
128251,0.908557236195
128252,0.872961640358
128253,0.270376116037
128255,0.94975990057
128258,0.714961826801
128262,0.861282587051
128267,0.848988831043
128269,0.863785088062
128271,0.973802685738
128273,0.873593449593
128274,0.69528901577
128275,0.805804908276
128277,0.744592607021
128279,0.980955064297
128285,0.664119303226
128286,0.52585041523
128290,0.949000597
128291,0.952301621437
128294,0.814509630203
128297,0.669805884361
128298,0.716588199139
128299,0.929757118225
128301,0.953504800797
128302,0.989849448204
128303,0.990907788277
128304,0.822107553482
128306,0.91378813982
128308,0.864180088043
128310,0.972716748714
128312,0.938097417355
128313,0.985124409199
128316,0.946067333221
128317,0.887669980526
128318,0.768624007702
128320,0.703253626823
128321,0.832237124443
128323,0.957460999489
128324,0.706251680851
128326,0.566078364849
128327,0.646584153175
128329,0.889876425266
128333,0.97992259264
128334,0.978416204453
128335,0.982632160187
128339,0.626654028893
128340,0.710776090622
128344,0.969586372375
128347,0.980533719063
128348,0.841047883034
128349,0.905544579029
128353,0.939077973366
128354,0.952135205269
128355,0.546042621136
128356,0.178236082196
128357,0.922793090343
128362,0.96685987711
128364,0.959843933582
128373,0.483989804983
128374,0.91666251421
128375,0.779178619385
128376,0.813023269176
128380,0.629460155964
128381,0.185887679458
128382,0.874509453773
128383,0.773696660995
128385,0.960497319698
128389,0.818436086178
128391,0.988407433033
128394,0.941739201546
128395,0.962085723877
128407,0.628221869469
128410,0.704875767231
128411,0.93577426672
128413,0.922529935837
128414,0.791170299053
128415,0.813758969307
128416,0.628561377525
128417,0.606853842735
128421,0.936624348164
128422,0.629341542721
128423,0.944909691811
128425,0.968947529793
128428,0.976445019245
128429,0.903503596783
128430,0.938305616379
128431,0.858742952347
128432,0.879031658173
128433,0.863979697227
128434,0.823504805565
128439,0.586606144905
128442,0.755200326443
128445,0.984605669975
128447,0.987603902817
128448,0.90187305212
128449,0.736529052258
128453,0.926545023918
128455,0.94478392601
128464,0.807532906532
128465,0.748948812485
128468,0.976821839809
128470,0.549462139606
128471,0.576605200768
128472,0.526461482048
128473,0.858979225159
128474,0.917355298996
128476,0.976552307606
128477,0.892140567303
128478,0.947806298733
128479,0.921536266804
128480,0.883884191513
128481,0.65962266922
128482,0.585415363312
128483,0.695242345333
128485,0.906698465347
128486,0.835829079151
128488,0.9181381464
128494,0.829269170761
128497,0.594331502914
128498,0.992711186409
128499,0.945128262043
128500,0.84260815382
128501,0.691137135029
128503,0.936002850533
128505,0.731564283371
128507,0.707473576069
128508,0.956335186958
128510,0.941791653633
128512,0.767505526543
128516,0.949490189552
128521,0.90545964241
128522,0.77367156744
128524,0.951649665833
128526,0.547521650791
128530,0.819471180439
128531,0.968062460423
128533,0.928104639053
128534,0.714448094368
128538,0.721325576305
128539,0.763471245766
128540,0.866656541824
128547,0.972780942917
128548,0.957464814186
128553,0.899473428726
128554,0.783001840115
128557,0.818329334259
128558,0.075231038034
128559,0.938960552216
128560,0.825023770332
128561,0.912645936012
128562,0.978217720985
128563,0.672541558743
128564,0.903686881065
128568,0.982452869415
128569,0.991150915623
128573,0.989609718323
128574,0.271059453487
128579,0.668097257614
128581,0.992895662785
128586,0.793929338455
128587,0.901667833328
128588,0.935797870159
128590,0.689651370049
128593,0.736685276031
128597,0.471201181412
128599,0.466403484344
128602,0.90085786581
128604,0.69419670105
128607,0.983694553375
128612,0.906271457672
128613,0.727634966373
128617,0.700940966606
128618,0.725223660469
128619,0.0712815895677
128620,0.906110227108
128621,0.769765734673
128622,0.578823328018
128627,0.748640239239
128629,0.829033434391
128631,0.8720484972
128633,0.84587174654
128634,0.924405753613
128635,0.886401355267
128637,0.961111187935
128639,0.731810808182
128640,0.862137317657
128641,0.90865957737
128642,0.859113633633
128643,0.725319802761
128648,0.937862217426
128649,0.943601071835
128650,0.661361992359
128651,0.874406456947
128652,0.874022901058
128653,0.307244509459
128654,0.849733412266
128656,0.597342073917
128660,0.844327569008
128662,0.542286455631
128663,0.489304333925
128664,0.912491261959
128665,0.54737085104
128666,0.867144703865
128668,0.89759761095
128670,0.65313076973
128672,0.608396649361
128673,0.341504067183
128674,0.90928786993
128676,0.621914744377
128678,0.771040916443
128680,0.913963079453
128681,0.947331905365
128683,0.926724672318
128684,0.906566858292
128686,0.894158244133
128688,0.956725120544
128689,0.421210318804
128690,0.829632043839
128698,0.900783538818
128700,0.757469058037
128701,0.855754256248
128702,0.691146254539
128703,0.744898378849
128704,0.96187633276
128705,0.813744425774
128706,0.862949490547
128707,0.949924230576
128710,0.979061901569
128716,0.805782258511
128719,0.895947635174
128724,0.717267930508
128725,0.896736621857
128726,0.770993471146
128727,0.848104953766
128728,0.995765328407
128729,0.550671994686
128730,0.696780562401
128731,0.824797809124
128732,0.957213759422
128733,0.841234505177
128735,0.82796216011
128736,0.812203764915
128737,0.909802377224
128738,0.717740237713
128739,0.720371246338
128744,0.944771051407
128746,0.48739567399
128749,0.730374217033
128751,0.390278100967
128752,0.84537935257
128753,0.858496427536
128757,0.84868645668
128759,0.854422032833
128760,0.781307518482
128765,0.517788589001
128767,0.920374691486
128770,0.98681229353
128772,0.87069028616
128774,0.898069322109
128775,0.862375438213
128778,0.490928590298
128779,0.782720923424
128780,0.988166630268
128781,0.955168843269
128785,0.700150370598
128786,0.843394637108
128788,0.947422862053
128791,0.981239199638
128792,0.964930415154
128794,0.621592879295
128796,0.493230164051
128799,0.921451091766
128800,0.846970200539
128801,0.795801877975
128802,0.903839707375
128803,0.62912273407
128806,0.646849155426
128808,0.789280116558
128809,0.973357617855
128810,0.889517009258
128814,0.806032299995
128816,0.783483207226
128817,0.82613825798
128818,0.629576385021
128819,0.322275847197
128822,0.957816004753
128823,0.968212306499
128824,0.977510154247
128826,0.800170600414
128827,0.900033473969
128828,0.9934258461
128829,0.836825489998
128830,0.768976151943
128831,0.879964947701
128832,0.905995130539
128834,0.931720733643
128835,0.582190513611
128838,0.903868973255
128839,0.628385305405
128843,0.664937198162
128844,0.776253521442
128848,0.923831999302
128849,0.174861326814
128851,0.886909008026
128853,0.82123541832
128856,0.82800835371
128860,0.254826962948
128862,0.92051255703
128868,0.812564253807
128871,0.754827797413
128874,0.745948195457
128876,0.533698797226
128881,0.803036868572
128883,0.856757879257
128884,0.941113948822
128885,0.742187380791
128886,0.789456248283
128887,0.931587576866
128890,0.758389472961
128891,0.10013050586
128892,0.201606452465
128893,0.667975723743
128894,0.938446164131
128896,0.875449240208
128898,0.940122723579
128900,0.98739862442
128901,0.945760369301
128902,0.825970888138
128906,0.908308744431
128909,0.878543674946
128911,0.978766560555
128915,0.948198080063
128916,0.844747960567
128920,0.693987846375
128921,0.835265338421
128922,0.825659632683
128927,0.722618699074
128930,0.85141569376
128931,0.946538686752
128932,0.48626691103
128933,0.620964586735
128935,0.707283616066
128936,0.922163188457
128938,0.327869713306
128939,0.942711830139
128941,0.678383111954
128943,0.901788115501
128945,0.898271024227
128946,0.702132344246
128950,0.785436809063
128953,0.953327953815
128958,0.938532054424
128961,0.490090340376
128962,0.84306627512
128966,0.93182849884
128969,0.809187233448
128971,0.892910182476
128973,0.728686511517
128974,0.803465723991
128975,0.942691802979
128976,0.96887075901
128978,0.911008954048
128979,0.410673320293
128984,0.626436829567
128985,0.927868247032
128986,0.794739186764
128987,0.974063873291
128988,0.500416636467
128989,0.122787326574
128991,0.82728099823
128995,0.813817024231
128999,0.894165158272
129005,0.967618703842
129006,0.836676597595
129015,0.291039824486
129016,0.583832025528
129017,0.848612546921
129018,0.753901600838
129019,0.66864335537
129022,0.891520440578
129025,0.861495018005
129027,0.916957139969
129029,0.485702335835
129034,0.634562492371
129037,0.847683489323
129038,0.96292424202
129040,0.966135203838
129042,0.836511850357
129045,0.803736329079
129046,0.537458717823
129049,0.957374691963
129052,0.871510922909
129056,0.64845263958
129058,0.844965517521
129060,0.483824670315
129063,0.80164784193
129066,0.875353932381
129067,0.628029644489
129069,0.396950751543
129073,0.817957401276
129074,0.708530664444
129076,0.739902675152
129079,0.601052820683
129080,0.838198363781
129081,0.947036743164
129083,0.991891622543
129084,0.7315928936
129085,0.989673852921
129088,0.755337357521
129091,0.432676523924
129093,0.952507615089
129094,0.779713392258
129096,0.968643963337
129098,0.798055708408
129100,0.76261818409
129101,0.863328635693
129102,0.866782307625
129107,0.897007107735
129108,0.972960412502
129109,0.947153270245
129111,0.776888608932
129112,0.619442164898
129113,0.146789506078
129114,0.934818744659
129116,0.833862900734
129121,0.958918333054
129123,0.945613980293
129126,0.976367175579
129128,0.912503302097
129129,0.506325125694
129130,0.972796499729
129133,0.595042943954
129134,0.837779223919
129136,0.904552936554
129141,0.53932261467
129144,0.505465149879
129145,0.763463437557
129149,0.946670591831
129150,0.968517184258
129153,0.645472288132
129155,0.588319122791
129156,0.810422837734
129157,0.779149234295
129158,0.971645832062
129161,0.298706829548
129162,0.921132087708
129163,0.909868001938
129165,0.942830085754
129167,0.920644938946
129169,0.982827425003
129173,0.757025659084
129174,0.974638819695
129177,0.817975521088
129179,0.793629765511
129180,0.893904983997
129182,0.150335073471
129183,0.936444580555
129188,0.658209323883
129191,0.665045440197
129192,0.958473622799
129193,0.791399478912
129194,0.384336084127
129196,0.963656067848
129197,0.983392655849
129198,0.968228757381
129199,0.853603482246
129201,0.841211497784
129204,0.931519925594
129205,0.786202669144
129207,0.819818377495
129209,0.731846153736
129210,0.57714009285
129214,0.894018232822
129215,0.979831874371
129219,0.806786179543
129220,0.813755393028
129221,0.759041726589
129222,0.858724355698
129224,0.808604598045
129225,0.806845486164
129230,0.718585431576
129232,0.535304963589
129236,0.737536549568
129237,0.42901545763
129243,0.826490402222
129246,0.974834501743
129247,0.723770022392
129248,0.18614757061
129249,0.91047668457
129253,0.838750898838
129256,0.777106821537
129260,0.728769183159
129261,0.879794359207
129264,0.784147083759
129270,0.947788536549
129275,0.721905052662
129277,0.179910734296
129278,0.912283301353
129283,0.820807874203
129284,0.830839216709
129289,0.587676227093
129290,0.854429543018
129291,0.884324729443
129293,0.554852187634
129294,0.94055891037
129295,0.7206158638
129296,0.667874634266
129297,0.749395549297
129298,0.518273532391
129299,0.739600300789
129302,0.862293303013
129303,0.888117790222
129304,0.856783330441
129306,0.924347817898
129308,0.875381171703
129310,0.727434933186
129311,0.733871340752
129314,0.955474972725
129317,0.526094019413
129319,0.829284906387
129321,0.921340167522
129323,0.309308797121
129326,0.899166285992
129327,0.492093741894
129328,0.927837729454
129331,0.983261287212
129335,0.967219173908
129337,0.994586467743
129338,0.683731377125
129340,0.901996672153
129341,0.749596238136
129344,0.872023522854
129345,0.829973220825
129346,0.962798476219
129348,0.69868940115
129350,0.659049451351
129351,0.985700130463
129352,0.843846559525
129353,0.864449799061
129355,0.972299814224
129359,0.854545295238
129366,0.779999554157
129369,0.53929567337
129370,0.667548000813
129373,0.972762644291
129374,0.953001856804
129376,0.937520802021
129377,0.838940680027
129379,0.941156506538
129381,0.983727931976
129392,0.585871100426
129395,0.815347731113
129399,0.869980871677
129401,0.72852319479
129403,0.673903644085
129406,0.423795878887
129407,0.82182598114
129408,0.854927122593
129409,0.745454847813
129410,0.876805365086
129411,0.905147969723
129412,0.912665426731
129413,0.936520516872
129415,0.913958668709
129416,0.787316799164
129419,0.912675917149
129420,0.821514189243
129421,0.935934722424
129423,0.9334679842
129425,0.975623369217
129427,0.734364032745
129428,0.872608959675
129430,0.796470880508
129435,0.959181249142
129437,0.466206222773
129438,0.969256639481
129443,0.804590702057
129444,0.775301098824
129448,0.818343281746
129449,0.758565425873
129452,0.949388086796
129453,0.866981685162
129454,0.819897532463
129456,0.911688089371
129457,0.85830271244
129460,0.936652481556
129463,0.944340646267
129465,0.503403306007
129467,0.787517488003
129469,0.812498211861
129471,0.922563076019
129475,0.938933551311
129476,0.97097158432
129480,0.989572048187
129481,0.954832792282
129484,0.970535695553
129486,0.669152140617
129487,0.923049449921
129488,0.888557553291
129489,0.841279029846
129492,0.768049538136
129501,0.872631847858
129502,0.679002165794
129505,0.832998514175
129507,0.952322840691
129509,0.943110764027
129510,0.564118027687
129511,0.971281409264
129513,0.778987884521
129515,0.98116081953
129516,0.968213796616
129519,0.770531952381
129522,0.986955583096
129525,0.690798401833
129526,0.897222518921
129527,0.795737266541
129529,0.973310947418
129531,0.955358564854
129533,0.691270411015
129534,0.864878237247
129539,0.491148382425
129543,0.421781569719
129545,0.591906428337
129546,0.63842523098
129547,0.435459852219
129548,0.475403398275
129549,0.247397974133
129550,0.55995118618
129553,0.873255074024
129559,0.712330520153
129561,0.928225934505
129565,0.73889952898
129566,0.723543047905
129567,0.508968353271
129572,0.931580781937
129573,0.951046526432
129574,0.732987344265
129576,0.552421808243
129581,0.918590128422
129582,0.893980145454
129587,0.855076491833
129588,0.90661406517
129589,0.565434813499
129591,0.304369539022
129592,0.774715602398
129593,0.813624620438
129594,0.755974411964
129598,0.635708630085
129599,0.976949810982
129601,0.374891757965
129602,0.782665848732
129603,0.27888032794
129605,0.741384208202
129608,0.710194587708
129609,0.929288864136
129611,0.824241578579
129614,0.925622224808
129615,0.987620294094
129617,0.497601628304
129621,0.611395061016
129622,0.713935792446
129623,0.752470433712
129624,0.871970176697
129626,0.800026774406
129628,0.718330979347
129630,0.548958599567
129631,0.942132472992
129632,0.817054092884
129633,0.317233920097
129638,0.632203161716
129641,0.723718345165
129642,0.575874209404
129643,0.738531827927
129644,0.911731481552
129645,0.989375472069
129646,0.923616170883
129648,0.947772979736
129649,0.861329197884
129650,0.636720597744
129651,0.961490750313
129652,0.808334290981
129653,0.863387286663
129655,0.93493771553
129656,0.662621617317
129658,0.647173762321
129661,0.186099752784
129662,0.95549762249
129665,0.458138525486
129666,0.945050120354
129667,0.61244648695
129672,0.927836716175
129673,0.849229216576
129674,0.938340246677
129677,0.784868836403
129678,0.788132369518
129681,0.960894167423
129683,0.819978356361
129688,0.911314368248
129689,0.594872653484
129690,0.880053460598
129692,0.962979495525
129696,0.955128908157
129697,0.731849312782
129698,0.855454027653
129701,0.896696925163
129705,0.917206585407
129708,0.992912352085
129709,0.801607370377
129710,0.862825095654
129711,0.953773975372
129712,0.851803958416
129713,0.957815229893
129716,0.972843408585
129721,0.936435699463
129722,0.295290350914
129726,0.963073074818
129729,0.833342552185
129730,0.945768892765
129732,0.810531258583
129733,0.440942108631
129735,0.572890639305
129749,0.557235658169
129751,0.821647465229
129752,0.893667757511
129753,0.869041860104
129755,0.880725443363
129756,0.65733140707
129762,0.569060564041
129764,0.889718711376
129768,0.978909015656
129769,0.946985125542
129772,0.978383719921
129774,0.891503572464
129775,0.772887647152
129777,0.938521444798
129780,0.992351472378
129781,0.87085723877
129782,0.986997842789
129783,0.904397726059
129786,0.531709134579
129789,0.870069682598
129791,0.691986739635
129792,0.703644394875
129794,0.980760216713
129796,0.841800034046
129797,0.960207939148
129798,0.971481084824
129799,0.382696717978
129801,0.790696799755
129803,0.954149007797
129804,0.968102455139
129807,0.737189054489
129808,0.774180650711
129809,0.962598085403
129810,0.812710702419
129811,0.987228155136
129812,0.764628946781
129813,0.859917759895
129814,0.957643866539
129816,0.762243151665
129817,0.822949588299
129818,0.792113006115
129819,0.699386119843
129820,0.987183690071
129823,0.937454581261
129825,0.520734190941
129826,0.786630988121
129827,0.53892916441
129830,0.900967657566
129831,0.449339479208
129833,0.989285290241
129834,0.692734837532
129837,0.678574681282
129839,0.648585498333
129840,0.963363587856
129842,0.771404206753
129844,0.787379264832
129845,0.323581069708
129846,0.95990216732
129849,0.982907831669
129851,0.977660059929
129852,0.690940201283
129853,0.981209099293
129854,0.870111525059
129861,0.706779897213
129863,0.531217694283
129866,0.765156924725
129867,0.530980825424
129868,0.611919283867
129870,0.962673842907
129871,0.867112874985
129873,0.959021151066
129874,0.78168040514
129875,0.647470772266
129876,0.547179758549
129877,0.916266262531
129879,0.899299025536
129885,0.304456174374
129886,0.457962751389
129887,0.598629415035
129889,0.941974818707
129890,0.933257997036
129891,0.966794073582
129896,0.702702522278
129897,0.399122476578
129898,0.615224778652
129899,0.82044750452
129901,0.529002547264
129903,0.88914591074
129904,0.75537109375
129912,0.871184110641
129915,0.723777413368
129917,0.817090630531
129918,0.85469853878
129919,0.943476498127
129923,0.941346287727
129925,0.622722685337
129927,0.92839628458
129928,0.531825900078
129932,0.820555329323
129934,0.923614323139
129938,0.736455380917
129939,0.809349358082
129940,0.767700254917
129941,0.862451791763
129944,0.835247337818
129945,0.590185284615
129946,0.46572971344
129947,0.732790648937
129950,0.732868313789
129951,0.809294760227
129952,0.738708376884
129956,0.929425597191
129957,0.962542712688
129958,0.896411597729
129959,0.836209356785
129961,0.772184073925
129964,0.748437941074
129965,0.954221725464
129966,0.637822389603
129967,0.792300343513
129970,0.718458235264
129971,0.971989750862
129972,0.62253600359
129974,0.661013185978
129975,0.845197141171
129976,0.77401560545
129977,0.914543509483
129980,0.978451967239
129983,0.607730984688
129984,0.888570427895
129993,0.532326817513
129994,0.698577165604
129997,0.782317996025
129998,0.732143819332
129999,0.789253532887
130000,0.948033809662
130001,0.805101513863
130004,0.764401257038
130009,0.987107336521
130014,0.847513079643
130016,0.594668626785
130017,0.741317629814
130020,0.779641985893
130022,0.673406779766
130024,0.980062544346
130025,0.877667963505
130027,0.73230946064
130031,0.700883448124
130032,0.512367665768
130033,0.672168672085
130035,0.976902961731
130038,0.853528797626
130047,0.947981417179
130048,0.880928874016
130050,0.735260725021
130052,0.895840466022
130058,0.600834786892
130061,0.288316100836
130062,0.709266722202
130068,0.591580152512
130071,0.911753356457
130072,0.908502399921
130074,0.771380245686
130081,0.937917530537
130082,0.258702546358
130085,0.834346055984
130087,0.915532112122
130088,0.790105640888
130091,0.609036564827
130093,0.947918534279
130095,0.300207912922
130096,0.843367159367
130097,0.485771089792
130098,0.849899113178
130099,0.940295338631
130100,0.752699375153
130101,0.697042703629
130103,0.698973238468
130104,0.464405149221
130106,0.668749332428
130107,0.938884675503
130108,0.768599689007
130111,0.928263247013
130118,0.953860104084
130122,0.684633135796
130128,0.959455728531
130129,0.929649531841
130130,0.712266385555
130133,0.701627969742
130135,0.617771029472
130137,0.934898018837
130140,0.812051951885
130143,0.722691476345
130145,0.895708143711
130150,0.932193219662
130151,0.821756780148
130153,0.885236084461
130156,0.865471422672
130161,0.552243232727
130163,0.765463590622
130165,0.939811468124
130167,0.562020897865
130168,0.71056419611
130170,0.743647694588
130173,0.964327096939
130174,0.833477556705
130176,0.944760084152
130177,0.620518147945
130178,0.467905282974
130180,0.750280439854
130181,0.950370430946
130182,0.925243794918
130188,0.972309529781
130189,0.494349688292
130191,0.912077844143
130194,0.96196103096
130198,0.642991840839
130199,0.989608585835
130200,0.548914313316
130204,0.982119083405
130206,0.965911924839
130207,0.865106761456
130211,0.910538554192
130212,0.734165668488
130213,0.645180463791
130214,0.847182154655
130218,0.707974612713
130220,0.64374423027
130221,0.633857488632
130222,0.670007050037
130225,0.682223200798
130226,0.975931465626
130230,0.709964334965
130239,0.84854644537
130243,0.790220618248
130246,0.990955531597
130248,0.0386914238334
130253,0.814227640629
130254,0.728700459003
130259,0.962627351284
130261,0.748594403267
130262,0.704113841057
130264,0.983644425869
130267,0.826993048191
130268,0.408305466175
130269,0.852061450481
130270,0.740404367447
130272,0.977780759335
130277,0.734110057354
130280,0.567765891552
130281,0.935865819454
130284,0.546441912651
130285,0.682766616344
130286,0.254184156656
130289,0.627347767353
130291,0.99017894268
130294,0.696997821331
130296,0.883613169193
130300,0.87239587307
130301,0.989197313786
130304,0.673346102238
130306,0.751502275467
130308,0.824700176716
130310,0.78805232048
130311,0.049616381526
130312,0.721494793892
130313,0.975234806538
130315,0.937677145004
130316,0.677181243896
130322,0.866226255894
130325,0.73949354887
130326,0.597511529922
130327,0.786129653454
130328,0.427776008844
130329,0.940011382103
130330,0.871336638927
130331,0.891979217529
130333,0.897347569466
130335,0.975644052029
130343,0.578145503998
130345,0.609236955643
130347,0.967181861401
130349,0.972626626492
130350,0.961125254631
130352,0.597676575184
130353,0.983544290066
130354,0.828197419643
130355,0.724446177483
130356,0.861713290215
130358,0.670532345772
130359,0.846160650253
130363,0.833106040955
130364,0.913973927498
130365,0.307175993919
130368,0.87079423666
130369,0.643290817738
130370,0.3570792377
130372,0.607659816742
130374,0.866448223591
130377,0.789326250553
130379,0.905527055264
130382,0.9695956707
130387,0.476278305054
130388,0.988897621632
130389,0.76051992178
130392,0.950536489487
130393,0.802244961262
130395,0.916467547417
130396,0.651821553707
130398,0.547012329102
130399,0.474622815847
130400,0.852152943611
130401,0.869628429413
130402,0.803713619709
130404,0.818606197834
130405,0.841005265713
130408,0.674037098885
130409,0.832994997501
130410,0.536318421364
130411,0.970839083195
130415,0.54966711998
130417,0.703630030155
130418,0.960588037968
130419,0.76350414753
130420,0.887074351311
130422,0.61773788929
130424,0.588338077068
130426,0.883939862251
130430,0.981449604034
130431,0.612501382828
130432,0.989995837212
130433,0.926371216774
130434,0.269473880529
130436,0.794306874275
130440,0.769150197506
130442,0.937072753906
130443,0.642916381359
130445,0.987375974655
130447,0.501285374165
130452,0.781056106091
130454,0.947228372097
130456,0.392196059227
130459,0.866717636585
130460,0.750478863716
130461,0.467046111822
130464,0.932524383068
130467,0.723154425621
130469,0.494461923838
130471,0.837551116943
130472,0.576866567135
130476,0.561818242073
130478,0.980988681316
130479,0.805635094643
130481,0.961313486099
130482,0.932715773582
130485,0.360616266727
130487,0.695093333721
130488,0.819743573666
130489,0.933499515057
130490,0.853298544884
130491,0.68929040432
130492,0.98601102829
130494,0.727592289448
130495,0.871772050858
130500,0.980858743191
130504,0.542423129082
130505,0.273856788874
130507,0.969865918159
130513,0.927696943283
130515,0.939927041531
130517,0.876165747643
130518,0.339852958918
130519,0.756650984287
130520,0.863429844379
130521,0.750989198685
130522,0.906028866768
130525,0.761857867241
130528,0.868541181087
130529,0.667204558849
130530,0.93790024519
130538,0.763716459274
130539,0.943059444427
130542,0.813617169857
130543,0.909250319004
130544,0.698340415955
130545,0.725880980492
130547,0.969825446606
130548,0.938926279545
130550,0.741110026836
130551,0.856160998344
130552,0.766263544559
130554,0.907266438007
130555,0.639556348324
130559,0.844468772411
130562,0.785671889782
130564,0.870553135872
130566,0.928899466991
130567,0.452166348696
130569,0.631095170975
130571,0.862529754639
130572,0.944772541523
130573,0.8372605443
130574,0.956824660301
130575,0.972578108311
130576,0.912089645863
130580,0.950188696384
130581,0.928932845592
130583,0.766256868839
130584,0.747706532478
130585,0.847432255745
130586,0.918854236603
130587,0.488830149174
130589,0.781868815422
130593,0.771526396275
130594,0.636035561562
130595,0.925776779652
130599,0.857761919498
130601,0.939565181732
130608,0.718768596649
130611,0.811990022659
130615,0.877161920071
130617,0.517519414425
130620,0.785551786423
130622,0.874652266502
130624,0.597408652306
130625,0.802949368954
130628,0.917994081974
130629,0.772367835045
130630,0.972496390343
130631,0.871656537056
130634,0.845821738243
130635,0.841896116734
130636,0.875008702278
130639,0.847521722317
130641,0.970859766006
130643,0.943529546261
130644,0.673690259457
130646,0.890605986118
130647,0.705446600914
130648,0.964567363262
130649,0.714684247971
130650,0.576163113117
130651,0.772869229317
130652,0.809141457081
130653,0.93680280447
130654,0.704482018948
130655,0.629123568535
130657,0.986109554768
130658,0.799132406712
130659,0.620386779308
130660,0.77297347784
130662,0.862846910954
130663,0.66466397047
130665,0.881299972534
130669,0.58087438345
130675,0.975268602371
130677,0.490648299456
130678,0.660831391811
130679,0.959460377693
130682,0.926425516605
130684,0.95287334919
130686,0.950747013092
130688,0.725115954876
130689,0.739312529564
130690,0.559891581535
130691,0.664613068104
130694,0.968069314957
130696,0.990813791752
130697,0.377145648003
130700,0.302876532078
130702,0.739384829998
130706,0.904660582542
130707,0.565114796162
130708,0.563318192959
130710,0.633912444115
130711,0.822946071625
130713,0.792455255985
130714,0.658960819244
130715,0.526819229126
130716,0.846470892429
130717,0.708356082439
130718,0.878887414932
130719,0.968788087368
130720,0.962164163589
130721,0.897753834724
130722,0.941790819168
130723,0.820872187614
130725,0.703675806522
130726,0.804476559162
130727,0.733498811722
130731,0.588149607182
130732,0.921126902103
130736,0.696714639664
130738,0.672418653965
130740,0.904900729656
130743,0.83006632328
130744,0.742424488068
130747,0.69288110733
130748,0.945662200451
130750,0.717462658882
130752,0.888814747334
130753,0.963126659393
130755,0.509976029396
130757,0.74987912178
130759,0.788388609886
130760,0.795372068882
130762,0.877200245857
130763,0.512767374516
130764,0.858514368534
130767,0.943060398102
130768,0.890712916851
130769,0.874749422073
130776,0.899003684521
130778,0.514482498169
130779,0.717260837555
130780,0.811934113503
130781,0.881438314915
130783,0.559426665306
130784,0.895587801933
130785,0.727442741394
130787,0.708851277828
130793,0.808547317982
130795,0.774755239487
130796,0.933762848377
130797,0.220046266913
130799,0.857942223549
130800,0.917422950268
130803,0.880068898201
130805,0.889924407005
130810,0.754628777504
130812,0.773381710052
130814,0.77952259779
130815,0.529415011406
130817,0.868868589401
130818,0.478946715593
130819,0.973294019699
130824,0.986175835133
130828,0.857783436775
130830,0.794682204723
130831,0.870904326439
130832,0.68909317255
130835,0.881743907928
130836,0.954761624336
130838,0.984351277351
130839,0.799004793167
130840,0.731813192368
130841,0.705108582973
130843,0.38162907958
130844,0.743631780148
130845,0.902849316597
130847,0.72949975729
130849,0.896781980991
130853,0.905028939247
130854,0.860710203648
130855,0.928738355637
130856,0.823573768139
130863,0.819061696529
130865,0.886569797993
130868,0.907334029675
130869,0.808951258659
130870,0.471338868141
130878,0.715168654919
130879,0.65379691124
130881,0.8398681283
130882,0.398147076368
130887,0.696771919727
130888,0.909389615059
130890,0.948944985867
130891,0.688314020634
130892,0.908009946346
130894,0.866973996162
130895,0.968835175037
130897,0.854906022549
130899,0.820349693298
130900,0.902945756912
130904,0.955374002457
130909,0.953056097031
130911,0.176372468472
130913,0.863454580307
130914,0.559163093567
130915,0.780299901962
130917,0.942066669464
130921,0.879901170731
130923,0.857739984989
130924,0.960326552391
130925,0.952662944794
130926,0.861385405064
130928,0.876702964306
130929,0.976700365543
130931,0.897430717945
130934,0.229975789785
130935,0.480549126863
130936,0.791652500629
130940,0.957000494003
130946,0.728168666363
130947,0.749950110912
130949,0.97366219759
130950,0.6378454566
130951,0.859911620617
130957,0.966953873634
130959,0.941110908985
130960,0.665144920349
130961,0.845957696438
130963,0.88783210516
130964,0.904185473919
130965,0.977060973644
130966,0.963136196136
130967,0.972160339355
130968,0.780622780323
130971,0.934108793736
130972,0.875538945198
130974,0.815281689167
130975,0.647689223289
130977,0.68931466341
130982,0.930976569653
130983,0.391648322344
130984,0.64170473814
130985,0.88861232996
130986,0.862641870975
130990,0.825760304928
130992,0.610750079155
130993,0.339965105057
130994,0.599911749363
130997,0.985563158989
130998,0.92891317606
131001,0.97147589922
131003,0.781487286091
131006,0.953549027443
131007,0.663630187511
131012,0.955480217934
131014,0.643092989922
131015,0.915403723717
131016,0.946288466454
131018,0.32708966732
131019,0.653185069561
131024,0.769633948803
131025,0.586390554905
131026,0.69390463829
131028,0.674874663353
131029,0.890674710274
131031,0.946002781391
131032,0.744708776474
131040,0.918467700481
131046,0.979361355305
131049,0.949357867241
131051,0.725368797779
131052,0.646227121353
131053,0.875766277313
131055,0.725436985493
131056,0.891690254211
131057,0.778942584991
131058,0.954771280289
131060,0.902128219604
131062,0.92393642664
131064,0.94184243679
131065,0.835738658905
131067,0.481965959072
131069,0.829691886902
131070,0.824946403503
131074,0.568024814129
131075,0.687654554844
131076,0.752892374992
131078,0.840847373009
131080,0.819001436234
131082,0.633893787861
131083,0.969625771046
131085,0.813450813293
131087,0.428933233023
131088,0.635436117649
131089,0.890970766544
131090,0.95480465889
131091,0.965811192989
131096,0.927471339703
131099,0.886151731014
131101,0.949408054352
131102,0.777153909206
131103,0.948325455189
131104,0.815514028072
131105,0.614221036434
131108,0.704398036003
131110,0.960673213005
131114,0.792611896992
131115,0.829629421234
131118,0.775440514088
131120,0.494543552399
131122,0.710228264332
131126,0.90919226408
131128,0.967217326164
131132,0.834259331226
131133,0.964477956295
131137,0.93393522501
131140,0.86372590065
131142,0.815797924995
131143,0.932655334473
131148,0.638670504093
131150,0.84174901247
131151,0.747377038002
131152,0.738326907158
131153,0.877630114555
131154,0.808372855186
131157,0.460073679686
131158,0.985209405422
131161,0.812530875206
131163,0.695657908916
131164,0.876560986042
131167,0.929448485374
131168,0.72333073616
131169,0.973058819771
131170,0.816212356091
131174,0.952211022377
131176,0.951972007751
131177,0.930238306522
131178,0.978184938431
131180,0.449074804783
131181,0.843701183796
131183,0.353620499372
131184,0.813904702663
131185,0.797400772572
131186,0.721645712852
131187,0.979341804981
131189,0.733284294605
131194,0.870729863644
131196,0.890138447285
131198,0.958880960941
131199,0.777393043041
131201,0.972026288509
131202,0.599373996258
131203,0.573302567005
131204,0.731701731682
131205,0.833504796028
131206,0.755484700203
131209,0.785711348057
131214,0.628373920918
131215,0.968035578728
131216,0.681150376797
131220,0.0690248459578
131221,0.929727971554
131222,0.662262201309
131223,0.822100222111
131226,0.973395109177
131227,0.81014919281
131228,0.967330753803
131230,0.749642848969
131231,0.925658524036
131232,0.565959692001
131237,0.90406692028
131238,0.68055576086
131239,0.756133913994
131241,0.909651339054
131242,0.879312396049
131243,0.772233307362
131244,0.676428437233
131245,0.371722757816
131247,0.932975232601
131248,0.952949643135
131249,0.0442040376365
131250,0.975123345852
131251,0.678809344769
131252,0.862241446972
131253,0.654841423035
131255,0.323036909103
131256,0.838134229183
131258,0.948170244694
131260,0.666256606579
131261,0.363521903753
131264,0.762413859367
131265,0.930534660816
131266,0.426465630531
131269,0.893348038197
131270,0.63621121645
131271,0.482350468636
131272,0.534295260906
131273,0.96975684166
131275,0.821142852306
131276,0.769365012646
131277,0.703595280647
131279,0.882396399975
131280,0.905204415321
131281,0.87979465723
131282,0.775187373161
131283,0.866169393063
131284,0.79975682497
131285,0.972417235374
131287,0.710741519928
131292,0.922340869904
131294,0.968412816525
131297,0.842791080475
131298,0.862522184849
131300,0.704441547394
131301,0.415631085634
131302,0.960692703724
131303,0.6287509799
131307,0.644822955132
131311,0.342992573977
131312,0.86313778162
131313,0.959014356136
131315,0.927756786346
131316,0.971777200699
131317,0.859878897667
131319,0.590861082077
131320,0.829295217991
131321,0.311635822058
131323,0.721345245838
131325,0.948324918747
131329,0.744814932346
131331,0.669154167175
131332,0.764800012112
131333,0.763778865337
131334,0.701452434063
131335,0.71579426527
131337,0.59598582983
131338,0.781387507915
131341,0.703021228313
131344,0.942585468292
131345,0.717341780663
131348,0.749989509583
131350,0.871149539948
131351,0.585878908634
131353,0.890991449356
131356,0.956830978394
131357,0.835128366947
131359,0.720864057541
131362,0.742130815983
131363,0.975051403046
131364,0.940258562565
131368,0.854423940182
131369,0.984968900681
131370,0.877635717392
131376,0.782745242119
131380,0.744168281555
131381,0.623836457729
131384,0.891184747219
131387,0.666355907917
131388,0.870298862457
131392,0.754052400589
131393,0.934200942516
131394,0.994201719761
131399,0.365249246359
131400,0.884551346302
131402,0.753479719162
131403,0.776046514511
131408,0.568023681641
131416,0.810136437416
131421,0.365108013153
131423,0.644328594208
131425,0.982380747795
131426,0.806924760342
131429,0.760050356388
131430,0.940093636513
131434,0.940311133862
131435,0.365824401379
131436,0.968654036522
131437,0.749769151211
131442,0.790946662426
131443,0.587815761566
131445,0.200261607766
131446,0.499058902264
131450,0.790394663811
131451,0.579173028469
131454,0.0899771973491
131455,0.815081000328
131456,0.98273152113
131459,0.941849470139
131460,0.773368120193
131462,0.794151365757
131465,0.827214360237
131466,0.728274106979
131467,0.982888936996
131469,0.740731179714
131470,0.822827458382
131471,0.774074494839
131472,0.833631694317
131474,0.835361301899
131475,0.505718231201
131476,0.821828901768
131480,0.854715526104
131482,0.0869983360171
131485,0.865808010101
131487,0.441292703152
131488,0.827860593796
131489,0.973903954029
131490,0.490113258362
131491,0.765752494335
131493,0.876075983047
131495,0.974662840366
131498,0.922946274281
131499,0.782620310783
131500,0.499495059252
131501,0.82784730196
131503,0.561511456966
131504,0.825625538826
131505,0.741686403751
131506,0.908250391483
131508,0.464276999235
131512,0.827586591244
131514,0.968483269215
131517,0.984854578972
131518,0.96342498064
131520,0.975726425648
131524,0.827636659145
131525,0.792544782162
131526,0.980449020863
131527,0.796972870827
131529,0.915755093098
131531,0.859344482422
131532,0.959534227848
131533,0.626762390137
131537,0.629584252834
131538,0.439512610435
131541,0.907312273979
131542,0.827710390091
131545,0.499605476856
131546,0.842695593834
131547,0.0984946787357
131548,0.94490301609
131549,0.936207652092
131550,0.733469843864
131551,0.979386031628
131552,0.788314223289
131554,0.704832196236
131556,0.818582475185
131558,0.637736737728
131559,0.969560027122
131560,0.784739196301
131564,0.980595707893
131567,0.69746440649
131569,0.649150669575
131572,0.354414194822
131575,0.870593965054
131576,0.956895589828
131577,0.465908706188
131583,0.852963864803
131588,0.832510411739
131589,0.823812842369
131591,0.891600966454
131592,0.59113317728
131594,0.964157819748
131597,0.710128426552
131603,0.827599167824
131606,0.141652986407
131609,0.986557066441
131611,0.657162487507
131613,0.556723415852
131615,0.626232624054
131618,0.921082139015
131622,0.918970704079
131623,0.822802424431
131624,0.15588016808
131625,0.970087349415
131630,0.752261042595
131631,0.600942909718
131632,0.657648801804
131633,0.879938066006
131636,0.730815768242
131637,0.8901232481
131639,0.898529529572
131644,0.852951288223
131647,0.917026162148
131648,0.384939581156
131652,0.704723834991
131657,0.942421615124
131658,0.844523310661
131659,0.8586627841
131665,0.507301747799
131667,0.931595981121
131669,0.417798429728
131675,0.0788252577186
131678,0.583285808563
131679,0.900108039379
131686,0.721044003963
131687,0.935123026371
131689,0.938917577267
131690,0.963095188141
131692,0.531836867332
131693,0.979789853096
131694,0.926652193069
131695,0.797113418579
131696,0.583171248436
131697,0.566093087196
131700,0.958029210567
131701,0.773999333382
131703,0.770527780056
131704,0.89985948801
131705,0.504030883312
131706,0.798324584961
131709,0.643487632275
131711,0.657879173756
131713,0.975745737553
131716,0.934233725071
131717,0.73579877615
131719,0.759608268738
131720,0.933086693287
131721,0.91023761034
131724,0.758744359016
131725,0.653504252434
131726,0.939282476902
131728,0.623081564903
131730,0.985418438911
131731,0.924295067787
131732,0.976331293583
131733,0.950800120831
131736,0.411308467388
131743,0.567168712616
131744,0.66544598341
131745,0.989035785198
131746,0.582941293716
131747,0.601608455181
131748,0.803516745567
131750,0.78820759058
131751,0.616133034229
131752,0.626727998257
131753,0.953037977219
131754,0.600287139416
131755,0.926595270634
131756,0.898904383183
131758,0.789783656597
131760,0.811728298664
131762,0.95076918602
131768,0.967930555344
131774,0.936582922935
131776,0.95160484314
131779,0.70631313324
131783,0.939100503922
131784,0.941478252411
131785,0.623974382877
131787,0.905670285225
131789,0.975206017494
131790,0.843291699886
131791,0.850836038589
131793,0.874319255352
131795,0.743706762791
131797,0.587615728378
131798,0.604509353638
131799,0.231477439404
131800,0.768224596977
131802,0.711222529411
131803,0.677483201027
131806,0.557116925716
131807,0.765114545822
131811,0.983496308327
131812,0.940103888512
131813,0.946072041988
131814,0.894223034382
131816,0.806985855103
131817,0.867267251015
131818,0.972236156464
131819,0.827262639999
131820,0.965809822083
131821,0.0272281561047
131822,0.777147233486
131823,0.879447102547
131824,0.495395541191
131829,0.942902684212
131830,0.696429073811
131832,0.805377483368
131835,0.517365157604
131840,0.425118148327
131842,0.982531011105
131845,0.8730250597
131846,0.699067175388
131849,0.815734148026
131856,0.970238924026
131858,0.762370765209
131859,0.973795771599
131860,0.959812402725
131862,0.866238951683
131865,0.674657285213
131870,0.734857857227
131871,0.993434667587
131872,0.868572413921
131873,0.893693625927
131877,0.521429240704
131880,0.989252507687
131881,0.709660947323
131883,0.959742128849
131885,0.538210213184
131886,0.785565972328
131890,0.986586213112
131893,0.786862850189
131894,0.193876966834
131895,0.966897547245
131896,0.957706093788
131899,0.865170896053
131900,0.83372014761
131901,0.967644393444
131904,0.926160812378
131906,0.876111745834
131907,0.951422095299
131909,0.164623811841
131911,0.697208881378
131912,0.731539011002
131913,0.962838828564
131914,0.596544265747
131915,0.990310907364
131916,0.315157979727
131918,0.611378371716
131919,0.978122234344
131920,0.533280968666
131921,0.563257396221
131924,0.299831956625
131925,0.608006298542
131928,0.940224826336
131929,0.834930419922
131931,0.680227398872
131933,0.200948312879
131937,0.794546723366
131938,0.99101382494
131940,0.743707299232
131942,0.935219585896
131943,0.991457402706
131946,0.778944313526
131949,0.880878150463
131956,0.81165766716
131960,0.943159401417
131961,0.593818068504
131963,0.778457343578
131964,0.922533154488
131965,0.7592908144
131967,0.704942822456
131968,0.852636218071
131973,0.965456008911
131978,0.974081635475
131980,0.93891865015
131982,0.736773729324
131983,0.398221284151
131984,0.939666330814
131985,0.878740131855
131987,0.979469299316
131988,0.574465155602
131992,0.823484122753
131994,0.851819336414
131997,0.76791369915
131998,0.37593960762
132000,0.802254796028
132001,0.97501283884
132002,0.810704171658
132004,0.50491219759
132005,0.953457176685
132006,0.766020655632
132008,0.742190957069
132010,0.68661826849
132012,0.972043156624
132013,0.971673607826
132018,0.731012046337
132020,0.497730463743
132021,0.984535992146
132022,0.971636712551
132026,0.402322947979
132029,0.974612414837
132031,0.908944785595
132033,0.516883850098
132034,0.953164815903
132036,0.654286086559
132037,0.188867121935
132038,0.0576098449528
132041,0.906838417053
132042,0.796467363834
132043,0.93658053875
132044,0.3815523386
132045,0.972126483917
132046,0.974384784698
132048,0.629918634892
132054,0.669298887253
132055,0.853728473186
132056,0.963996946812
132057,0.985896646976
132061,0.963269472122
132062,0.604866504669
132064,0.775466144085
132066,0.965557038784
132070,0.776472866535
132074,0.659892141819
132077,0.867520451546
132078,0.667815923691
132083,0.973905563354
132084,0.408331811428
132088,0.798859417439
132090,0.775184810162
132092,0.221351161599
132095,0.498974055052
132096,0.938184738159
132098,0.511019945145
132104,0.596164047718
132105,0.876172363758
132106,0.846043348312
132107,0.703002393246
132109,0.698732852936
132110,0.899057745934
132113,0.744320213795
132115,0.9538449049
132118,0.94162940979
132120,0.845080912113
132121,0.48116928339
132122,0.539046227932
132124,0.978808164597
132125,0.957819283009
132126,0.824296474457
132127,0.840924084187
132128,0.432770699263
132131,0.685306847095
132132,0.985300481319
132134,0.971477150917
132135,0.827734172344
132136,0.528876721859
132137,0.804907262325
132138,0.890421748161
132139,0.96443349123
132142,0.42833557725
132143,0.950842022896
132144,0.735725522041
132147,0.823905169964
132150,0.873182833195
132151,0.869571089745
132152,0.815592348576
132156,0.907427072525
132157,0.753688454628
132160,0.987776875496
132162,0.764756321907
132163,0.986549854279
132164,0.841207444668
132165,0.974264442921
132167,0.771316230297
132168,0.806395888329
132169,0.849830687046
132170,0.959432244301
132174,0.251256614923
132178,0.588979780674
132179,0.960121691227
132181,0.980347812176
132182,0.944964945316
132183,0.666237354279
132184,0.892789781094
132190,0.601294219494
132191,0.654308319092
132194,0.901273846626
132197,0.225850507617
132200,0.696694910526
132201,0.556852996349
132202,0.84637004137
132203,0.771952867508
132204,0.802979052067
132205,0.861576318741
132206,0.950861990452
132210,0.745666623116
132211,0.913723647594
132212,0.59181189537
132220,0.987743377686
132221,0.757308423519
132223,0.872683763504
132224,0.600325763226
132227,0.921452224255
132228,0.137611627579
132229,0.752298057079
132230,0.658976733685
132231,0.898990511894
132233,0.884384930134
132236,0.974134147167
132237,0.93707883358
132239,0.41992354393
132242,0.576239466667
132244,0.662011146545
132245,0.97556245327
132246,0.598417043686
132247,0.702530562878
132248,0.432835936546
132249,0.889149665833
132251,0.910500705242
132253,0.838844418526
132255,0.946421802044
132256,0.989587545395
132257,0.304460138083
132259,0.623297452927
132261,0.86055713892
132262,0.960251808167
132264,0.660974562168
132265,0.464555054903
132266,0.913033664227
132268,0.550085663795
132270,0.89987552166
132274,0.979053318501
132275,0.678267478943
132276,0.933912873268
132277,0.780326843262
132279,0.903594493866
132282,0.806647241116
132289,0.967598497868
132290,0.807412862778
132291,0.606066346169
132293,0.762131094933
132294,0.989599466324
132296,0.50819259882
132297,0.114859700203
132299,0.836948633194
132305,0.224757045507
132306,0.818598151207
132308,0.605012059212
132310,0.818939268589
132311,0.603074193001
132314,0.70440030098
132315,0.939242005348
132317,0.607269465923
132324,0.963738560677
132328,0.665832638741
132330,0.973978281021
132331,0.848615705967
132333,0.587384939194
132338,0.967315018177
132339,0.683027505875
132340,0.906936764717
132344,0.570194959641
132345,0.931332707405
132346,0.462478131056
132347,0.934764683247
132354,0.508660316467
132356,0.74170178175
132357,0.777121543884
132358,0.776684820652
132360,0.925954580307
132361,0.954490959644
132362,0.802833557129
132364,0.840158939362
132365,0.973857283592
132367,0.930571913719
132368,0.779463708401
132369,0.857786476612
132370,0.312767863274
132372,0.689251184464
132375,0.773874104023
132379,0.761802732944
132380,0.938425481319
132381,0.86319565773
132382,0.894351541996
132388,0.875358223915
132389,0.76625674963
132390,0.565868377686
132393,0.913356721401
132394,0.90180170536
132395,0.713104426861
132396,0.711788475513
132397,0.440656095743
132399,0.522730350494
132403,0.803662538528
132404,0.957534372807
132406,0.816577374935
132407,0.974233925343
132408,0.740497350693
132409,0.973079741001
132410,0.824338674545
132413,0.868555307388
132414,0.882664978504
132415,0.94015699625
132418,0.810615181923
132420,0.751957714558
132422,0.381033927202
132424,0.42603495717
132426,0.823599934578
132430,0.909994721413
132431,0.609224736691
132432,0.895044028759
132435,0.658194124699
132437,0.90279841423
132443,0.54524576664
132444,0.914315104485
132447,0.964381635189
132449,0.495651006699
132452,0.625756561756
132455,0.920037150383
132462,0.916613459587
132463,0.891630709171
132465,0.740181803703
132470,0.521704256535
132471,0.469928860664
132476,0.529873609543
132478,0.787432312965
132479,0.891068577766
132482,0.839564502239
132483,0.952259778976
132486,0.977463543415
132487,0.641428589821
132490,0.614035785198
132491,0.595216333866
132495,0.6720058918
132496,0.777413070202
132497,0.802911102772
132500,0.737672448158
132508,0.828368842602
132510,0.838150024414
132512,0.769831359386
132514,0.920549154282
132515,0.833637714386
132516,0.650467038155
132517,0.939819931984
132520,0.642152547836
132521,0.84979313612
132522,0.98054766655
132523,0.674565196037
132527,0.946332812309
132528,0.63280826807
132529,0.668076455593
132530,0.56794077158
132531,0.880089223385
132533,0.956041574478
132535,0.973550975323
132536,0.852543532848
132538,0.991445541382
132539,0.443972408772
132541,0.744461834431
132542,0.983360648155
132543,0.765418708324
132547,0.30345672369
132548,0.2859980762
132552,0.480924814939
132554,0.940200805664
132555,0.716470718384
132557,0.947250068188
132558,0.582866191864
132560,0.865156114101
132561,0.73421639204
132562,0.891984164715
132563,0.885725319386
132564,0.27360150218
132565,0.956844091415
132569,0.782132565975
132570,0.718255460262
132572,0.723615527153
132574,0.624516785145
132576,0.982037067413
132578,0.80667167902
132581,0.964478552341
132582,0.870733320713
132584,0.747318148613
132585,0.931626796722
132587,0.846533954144
132588,0.830821990967
132589,0.946993649006
132590,0.779372930527
132593,0.573704481125
132598,0.765730619431
132599,0.842618525028
132600,0.809571146965
132601,0.861674427986
132602,0.622156858444
132603,0.798342645168
132606,0.33562374115
132608,0.583016872406
132609,0.94584685564
132610,0.891285598278
132611,0.940627992153
132612,0.642801940441
132615,0.495161324739
132617,0.764612495899
132618,0.474441826344
132619,0.991101384163
132620,0.765155673027
132621,0.978906035423
132622,0.985710322857
132624,0.590619325638
132625,0.850088000298
132627,0.727486550808
132631,0.532878279686
132634,0.342953890562
132636,0.61613535881
132637,0.957993507385
132638,0.595726072788
132641,0.831669986248
132642,0.845325350761
132647,0.790333807468
132648,0.716366112232
132649,0.812791883945
132655,0.580320775509
132656,0.800560176373
132657,0.93167078495
132660,0.785118937492
132661,0.910858511925
132667,0.587089538574
132668,0.971010923386
132670,0.770128726959
132671,0.816594660282
132673,0.911502957344
132674,0.917225837708
132676,0.613136827946
132677,0.869416892529
132678,0.611046731472
132679,0.41319283843
132681,0.86730670929
132682,0.728161036968
132686,0.456845849752
132687,0.718168616295
132688,0.697486579418
132689,0.913444578648
132693,0.848563849926
132694,0.765926241875
132699,0.888090610504
132700,0.774335980415
132706,0.802201271057
132709,0.739883065224
132711,0.554641246796
132712,0.986141622066
132713,0.783903539181
132714,0.219285935163
132717,0.925977170467
132718,0.762746334076
132721,0.707070589066
132723,0.582897543907
132724,0.375303000212
132725,0.614552736282
132726,0.80148267746
132728,0.3974814713
132729,0.940481722355
132731,0.547572731972
132732,0.962521612644
132736,0.961862325668
132737,0.708495736122
132738,0.927316069603
132739,0.957953572273
132743,0.91689145565
132746,0.724764943123
132747,0.866353154182
132748,0.87858992815
132751,0.861108422279
132755,0.739117801189
132759,0.951203763485
132763,0.855590522289
132764,0.952460348606
132765,0.666647195816
132767,0.419267296791
132768,0.887596011162
132774,0.909009993076
132775,0.329087018967
132777,0.689092159271
132778,0.500135958195
132781,0.918751955032
132783,0.665131092072
132785,0.877182543278
132786,0.937558829784
132787,0.533630490303
132789,0.923524618149
132792,0.499600023031
132794,0.911394417286
132795,0.476663917303
132796,0.988005697727
132799,0.828126072884
132801,0.770263850689
132806,0.843685507774
132807,0.866791069508
132808,0.550193369389
132809,0.959329366684
132810,0.87662345171
132813,0.935933172703
132814,0.789953947067
132818,0.723903894424
132823,0.836531221867
132824,0.603551626205
132826,0.92303186655
132827,0.904041051865
132829,0.817514657974
132830,0.870290219784
132831,0.61870008707
132833,0.714415252209
132835,0.595428705215
132838,0.07449644804
132843,0.950100660324
132847,0.947872579098
132850,0.957907438278
132851,0.558712124825
132852,0.905087590218
132859,0.876023769379
132862,0.385145694017
132864,0.902080714703
132865,0.718198537827
132868,0.866585850716
132870,0.744537711143
132872,0.993278086185
132877,0.723310112953
132880,0.630879461765
132881,0.590604901314
132882,0.764760077
132883,0.660102963448
132884,0.852431833744
132885,0.731309473515
132887,0.622067511082
132888,0.885381281376
132889,0.875538170338
132890,0.440699845552
132894,0.810718774796
132896,0.631448686123
132897,0.971300303936
132900,0.668282926083
132903,0.611099123955
132904,0.064802929759
132907,0.604006052017
132908,0.845629274845
132910,0.984195351601
132911,0.703552782536
132912,0.964938938618
132915,0.935396313667
132916,0.769775390625
132917,0.480489194393
132920,0.861420273781
132921,0.359944969416
132923,0.908881664276
132925,0.88818949461
132926,0.940719246864
132928,0.792730629444
132930,0.959748625755
132938,0.982517302036
132940,0.37351256609
132941,0.948668837547
132943,0.88852840662
132948,0.878055095673
132949,0.905516028404
132951,0.687168180943
132953,0.967362523079
132954,0.573153853416
132955,0.856664836407
132956,0.733378052711
132959,0.731893539429
132964,0.771188735962
132968,0.754289329052
132969,0.957208871841
132971,0.800974369049
132973,0.727498531342
132976,0.967592060566
132980,0.866451144218
132981,0.883925437927
132984,0.850719928741
132988,0.852949917316
132989,0.845233619213
132991,0.954689145088
132992,0.80302208662
132993,0.983786046505
132997,0.252485066652
132998,0.934747576714
133001,0.788232326508
133002,0.881642580032
133005,0.380881071091
133006,0.804806411266
133007,0.901457250118
133008,0.974158108234
133009,0.95458906889
133012,0.857517361641
133013,0.939473628998
133014,0.960917413235
133018,0.993468284607
133020,0.609997868538
133021,0.139548718929
133022,0.890286207199
133024,0.974509477615
133026,0.828305959702
133029,0.922860085964
133031,0.875357985497
133034,0.871558725834
133035,0.87942481041
133036,0.98333376646
133038,0.94569927454
133040,0.282150268555
133041,0.899643242359
133042,0.564844071865
133044,0.761643707752
133045,0.535089194775
133046,0.971814215183
133047,0.82730358839
133048,0.820919215679
133052,0.124004989862
133056,0.991641163826
133060,0.296661883593
133061,0.736577689648
133062,0.824856936932
133063,0.962133824825
133066,0.980521082878
133067,0.832009971142
133068,0.612312614918
133069,0.809147238731
133073,0.839946091175
133077,0.818597316742
133079,0.93716853857
133080,0.485645771027
133081,0.821361780167
133082,0.799858570099
133083,0.609649002552
133090,0.921391010284
133092,0.91548615694
133094,0.957859218121
133103,0.700282990932
133105,0.85518014431
133106,0.990095615387
133107,0.891389608383
133108,0.933563232422
133111,0.689524292946
133113,0.785581409931
133114,0.686195135117
133115,0.745700776577
133116,0.801642775536
133118,0.947497010231
133119,0.620799481869
133120,0.575400054455
133122,0.967233836651
133123,0.92484408617
133124,0.420787870884
133125,0.964862823486
133128,0.898208081722
133130,0.684099793434
133131,0.793791592121
133133,0.771606445312
133134,0.917187690735
133137,0.842922568321
133138,0.75944674015
133142,0.777205884457
133143,0.806320786476
133148,0.832261621952
133149,0.637870669365
133150,0.90989947319
133151,0.867381632328
133154,0.489630132914
133157,0.769551813602
133158,0.881127417088
133161,0.130662739277
133162,0.739673793316
133164,0.979413747787
133165,0.975427567959
133166,0.790258467197
133167,0.774882316589
133169,0.830100595951
133171,0.989627242088
133174,0.101487956941
133176,0.939873218536
133177,0.915108084679
133178,0.987045347691
133179,0.936504304409
133180,0.842564940453
133181,0.715420901775
133184,0.771181285381
133187,0.966561555862
133188,0.960220038891
133189,0.803902089596
133191,0.632220625877
133192,0.980850458145
133196,0.301140546799
133197,0.718453168869
133198,0.798099458218
133201,0.895787298679
133202,0.732141971588
133203,0.542220234871
133206,0.552707672119
133207,0.91880261898
133209,0.748977780342
133210,0.863841831684
133211,0.819773674011
133212,0.922451198101
133219,0.760355591774
133221,0.983177363873
133223,0.992058694363
133224,0.929723918438
133226,0.441362112761
133231,0.978152692318
133232,0.714269816875
133235,0.66465729475
133239,0.902319967747
133241,0.962837815285
133242,0.69619011879
133245,0.778387129307
133249,0.220772966743
133250,0.946007847786
133251,0.711867451668
133253,0.640888750553
133255,0.521393835545
133256,0.797589242458
133257,0.685581922531
133263,0.990952253342
133273,0.542552709579
133274,0.924225628376
133279,0.35044491291
133280,0.732665121555
133283,0.981490850449
133284,0.759749889374
133285,0.659556865692
133286,0.711446940899
133288,0.862977206707
133289,0.570593357086
133292,0.789695978165
133293,0.757836937904
133295,0.960596859455
133300,0.503707170486
133303,0.80705678463
133304,0.99168163538
133305,0.974699735641
133307,0.659265577793
133308,0.489518016577
133310,0.97577136755
133312,0.85645031929
133321,0.915850162506
133322,0.984164774418
133323,0.805012345314
133324,0.881885826588
133327,0.740506827831
133329,0.866658449173
133333,0.447916924953
133334,0.940384864807
133336,0.834045529366
133337,0.730270445347
133340,0.605896174908
133341,0.399232536554
133343,0.914803981781
133344,0.706761538982
133347,0.968341648579
133348,0.9890447855
133351,0.625157177448
133352,0.226540863514
133354,0.421344488859
133355,0.946964144707
133356,0.942957758904
133357,0.842199981213
133358,0.759203076363
133359,0.642269551754
133362,0.710109055042
133366,0.888515472412
133369,0.547317862511
133370,0.985709071159
133371,0.614584863186
133373,0.953796327114
133376,0.52293586731
133377,0.881827771664
133379,0.411791980267
133380,0.906052649021
133382,0.981030106544
133386,0.489551514387
133387,0.840928375721
133388,0.920750916004
133390,0.814041256905
133391,0.52412801981
133392,0.977731525898
133393,0.774662435055
133394,0.962817728519
133396,0.947452843189
133398,0.763330280781
133399,0.954943418503
133401,0.949230253696
133403,0.917349696159
133404,0.678100764751
133406,0.797745943069
133408,0.47216334939
133409,0.661506533623
133411,0.816180467606
133414,0.732077479362
133415,0.671534121037
133416,0.618428945541
133417,0.687610685825
133418,0.979075133801
133419,0.369844526052
133421,0.746487736702
133428,0.904238879681
133431,0.739964008331
133433,0.522787928581
133435,0.992488503456
133436,0.569983303547
133441,0.0484772734344
133442,0.74682956934
133444,0.944150269032
133446,0.90157699585
133447,0.81092530489
133449,0.781104505062
133450,0.604633271694
133451,0.792411267757
133454,0.724152326584
133458,0.705414235592
133460,0.423423290253
133462,0.821632146835
133463,0.682624697685
133464,0.836266219616
133465,0.989444315434
133467,0.571844816208
133468,0.874419808388
133469,0.867651939392
133471,0.939156293869
133473,0.891591846943
133476,0.941187024117
133477,0.910305798054
133479,0.759633481503
133481,0.768936753273
133482,0.563517987728
133483,0.8928180933
133486,0.678893983364
133487,0.823646426201
133490,0.806893467903
133493,0.821354389191
133494,0.253343731165
133495,0.75730830431
133496,0.85473304987
133499,0.974579930305
133500,0.811468780041
133502,0.275801181793
133504,0.804819345474
133506,0.932996273041
133507,0.980093896389
133508,0.840519845486
133509,0.86426782608
133512,0.685281455517
133514,0.903908014297
133518,0.964896202087
133519,0.807332038879
133522,0.117614679039
133524,0.668672859669
133525,0.709144830704
133526,0.962643146515
133527,0.634091317654
133530,0.611292243004
133531,0.928496360779
133532,0.901562392712
133537,0.888371050358
133539,0.913822174072
133540,0.648962438107
133543,0.945367097855
133545,0.956096708775
133546,0.810625493526
133547,0.767263293266
133550,0.906329393387
133560,0.814753890038
133561,0.97114020586
133565,0.712385952473
133567,0.349943816662
133568,0.861711919308
133569,0.824402689934
133570,0.923555374146
133571,0.910818338394
133576,0.783183038235
133578,0.944946110249
133579,0.681252598763
133580,0.927872538567
133581,0.832205295563
133582,0.92950707674
133584,0.976826608181
133585,0.590282618999
133586,0.421726822853
133589,0.860846281052
133590,0.889462292194
133593,0.478111624718
133594,0.803939342499
133596,0.94006049633
133597,0.900775015354
133602,0.862707138062
133603,0.519781053066
133604,0.724808692932
133605,0.606004118919
133606,0.739432156086
133608,0.821512699127
133609,0.372912019491
133613,0.919209241867
133615,0.459431231022
133617,0.978192567825
133618,0.946469783783
133621,0.976425588131
133622,0.891378104687
133623,0.711688101292
133624,0.227318525314
133625,0.788662910461
133626,0.972962379456
133628,0.829636216164
133629,0.748692393303
133630,0.873883545399
133632,0.903258323669
133634,0.943383336067
133636,0.891675055027
133637,0.836009144783
133638,0.756806492805
133640,0.633642375469
133645,0.916712105274
133649,0.882879197598
133652,0.758932590485
133656,0.884415745735
133658,0.973990142345
133659,0.723966896534
133661,0.341325223446
133662,0.823866724968
133663,0.847917079926
133664,0.866303741932
133665,0.679437756538
133667,0.789481282234
133668,0.663892567158
133669,0.809457719326
133671,0.907042443752
133673,0.8113758564
133674,0.740690112114
133676,0.978791594505
133679,0.744482576847
133681,0.390983998775
133682,0.927895843983
133683,0.780062615871
133684,0.868889451027
133685,0.754123687744
133688,0.538260579109
133689,0.367999821901
133696,0.389304757118
133698,0.847727358341
133699,0.946785032749
133702,0.978438019753
133703,0.755661904812
133709,0.890118181705
133710,0.962597846985
133711,0.400402784348
133712,0.814580142498
133714,0.606629192829
133715,0.527240991592
133716,0.856716036797
133717,0.869046092033
133718,0.354157745838
133722,0.338114053011
133723,0.708153903484
133724,0.806973576546
133727,0.882405936718
133730,0.574756443501
133733,0.846911430359
133737,0.765079855919
133738,0.871240377426
133741,0.980980336666
133744,0.767643809319
133746,0.892764747143
133747,0.930706322193
133748,0.859659552574
133750,0.451714426279
133755,0.958485543728
133756,0.980130910873
133760,0.428704828024
133761,0.754183411598
133763,0.967564582825
133765,0.835988342762
133767,0.901212930679
133770,0.963985741138
133771,0.805216133595
133773,0.98570305109
133774,0.661999464035
133775,0.597564399242
133776,0.440952390432
133777,0.656806111336
133782,0.646889388561
133783,0.951032102108
133784,0.936629772186
133788,0.951410472393
133791,0.829375624657
133792,0.900665640831
133796,0.505336165428
133798,0.949217259884
133799,0.786565601826
133800,0.882849752903
133801,0.739013552666
133802,0.877544641495
133805,0.888585150242
133806,0.952227056026
133809,0.754622161388
133811,0.188165023923
133812,0.833343327045
133814,0.613084673882
133815,0.531351447105
133817,0.966778874397
133819,0.943628907204
133820,0.910135984421
133821,0.811839222908
133825,0.382351487875
133827,0.488768815994
133830,0.803050160408
133831,0.911739289761
133832,0.731503844261
133833,0.957460582256
133838,0.798345804214
133839,0.975014209747
133842,0.762824237347
133845,0.973864972591
133847,0.715217828751
133848,0.640767455101
133851,0.963212370872
133855,0.4284748137
133856,0.958568155766
133857,0.583439826965
133858,0.97651040554
133860,0.815366089344
133862,0.317362219095
133863,0.869523525238
133866,0.800791025162
133870,0.930734336376
133871,0.312701493502
133873,0.928245067596
133875,0.888862907887
133876,0.771529376507
133879,0.947093069553
133880,0.8733984828
133881,0.803053438663
133883,0.467963337898
133884,0.694437384605
133888,0.977174699306
133889,0.952821910381
133891,0.330880701542
133892,0.689537882805
133893,0.309134185314
133894,0.577318370342
133895,0.914114654064
133896,0.852232336998
133897,0.853533565998
133898,0.834487318993
133899,0.798795938492
133900,0.740412175655
133902,0.820129394531
133904,0.84035885334
133906,0.899936497211
133910,0.805861592293
133911,0.725141882896
133913,0.69420593977
133917,0.951937973499
133918,0.901521503925
133921,0.964196383953
133922,0.846057474613
133923,0.725504636765
133924,0.827066659927
133927,0.942519366741
133929,0.867016851902
133931,0.971054971218
133935,0.758730232716
133936,0.9043623209
133937,0.613041102886
133939,0.543008565903
133941,0.422643512487
133942,0.993107795715
133943,0.662112951279
133944,0.761116981506
133946,0.12403126061
133947,0.703339755535
133952,0.868959903717
133953,0.916635394096
133954,0.77272939682
133957,0.731398463249
133958,0.542725920677
133959,0.329724729061
133961,0.659152984619
133962,0.973969697952
133964,0.894925773144
133966,0.961920022964
133969,0.982889354229
133974,0.930199384689
133975,0.970802664757
133979,0.889643073082
133980,0.736661553383
133982,0.960597634315
133983,0.673123121262
133985,0.902261137962
133992,0.938989698887
133995,0.704696953297
133998,0.972518622875
134002,0.938058018684
134004,0.86546933651
134006,0.970746517181
134007,0.89678055048
134008,0.515926241875
134014,0.873310625553
134015,0.600964009762
134016,0.959137260914
134017,0.531205415726
134019,0.630368053913
134020,0.34299197793
134021,0.637604534626
134025,0.963995277882
134026,0.848783671856
134027,0.58347594738
134029,0.978760182858
134031,0.891665279865
134032,0.584737956524
134033,0.964484870434
134036,0.927305102348
134037,0.749921917915
134038,0.815161049366
134039,0.734978377819
134040,0.946732878685
134041,0.77805608511
134042,0.872601509094
134044,0.969060122967
134045,0.674705564976
134048,0.772613346577
134051,0.592105865479
134052,0.950846374035
134053,0.789049446583
134055,0.87037062645
134056,0.783044159412
134058,0.672864317894
134060,0.778954386711
134061,0.164439916611
134062,0.826553404331
134063,0.927818119526
134064,0.873268604279
134065,0.855902850628
134067,0.842738926411
134071,0.816325426102
134072,0.979866981506
134079,0.923808276653
134083,0.87804377079
134084,0.973025918007
134086,0.290772408247
134091,0.951913118362
134092,0.503827035427
134093,0.930173397064
134095,0.899587631226
134096,0.678573250771
134098,0.840281963348
134099,0.770774483681
134101,0.411123812199
134102,0.140945106745
134103,0.871126532555
134104,0.891040563583
134105,0.94312030077
134106,0.727080106735
134107,0.928817212582
134110,0.779820859432
134111,0.887305080891
134113,0.989015877247
134119,0.770669281483
134122,0.526990711689
134124,0.759876966476
134125,0.889361798763
134126,0.846063613892
134127,0.698801755905
134129,0.937326908112
134131,0.275891751051
134134,0.862295687199
134138,0.668822824955
134140,0.853567540646
134141,0.866324424744
134144,0.627200067043
134147,0.636645019054
134148,0.958757579327
134149,0.335109263659
134150,0.973339855671
134151,0.675992250443
134154,0.815581083298
134156,0.588776707649
134162,0.569821059704
134163,0.956369102001
134165,0.966872692108
134166,0.348728775978
134167,0.925763845444
134168,0.931330859661
134172,0.981083333492
134174,0.418949157
134175,0.420162498951
134176,0.539445877075
134177,0.98230445385
134178,0.884838581085
134183,0.866826891899
134184,0.840125620365
134189,0.811091959476
134191,0.759189069271
134193,0.830453872681
134194,0.417332589626
134195,0.96580940485
134196,0.864916503429
134197,0.853037834167
134198,0.221948564053
134201,0.639160275459
134204,0.962388038635
134207,0.825561523438
134208,0.835599720478
134209,0.778291046619
134211,0.97625130415
134214,0.78415286541
134217,0.722074270248
134219,0.920278966427
134221,0.957420349121
134226,0.879276692867
134228,0.97615224123
134229,0.827955543995
134232,0.530894756317
134233,0.918389797211
134235,0.837927997112
134239,0.639521658421
134241,0.71577000618
134243,0.977279067039
134247,0.905527353287
134248,0.785648047924
134249,0.679366767406
134250,0.80092561245
134251,0.852404117584
134253,0.264761477709
134255,0.434358328581
134256,0.88265401125
134261,0.983769118786
134264,0.752780079842
134267,0.878639161587
134272,0.77159434557
134273,0.785627841949
134275,0.910981893539
134283,0.852980792522
134284,0.95967900753
134285,0.874264121056
134286,0.965413570404
134287,0.617993235588
134290,0.796513020992
134291,0.889763474464
134292,0.563766002655
134294,0.722898006439
134296,0.701190471649
134297,0.804213225842
134299,0.877566277981
134300,0.775855660439
134302,0.966802179813
134305,0.870245933533
134306,0.959913909435
134307,0.96942037344
134308,0.893741607666
134310,0.823134243488
134311,0.742223680019
134317,0.399286627769
134319,0.975267708302
134324,0.826322257519
134326,0.823348283768
134330,0.812533438206
134332,0.907404303551
134334,0.0479050315917
134336,0.963998377323
134337,0.610521316528
134340,0.832499504089
134341,0.963203847408
134342,0.638807117939
134343,0.845308363438
134344,0.964630007744
134345,0.651487290859
134346,0.721518933773
134347,0.965363383293
134348,0.647365033627
134349,0.684976100922
134353,0.976964056492
134355,0.186963900924
134367,0.763167560101
134368,0.488963216543
134369,0.655990600586
134371,0.76883995533
134374,0.674739181995
134375,0.866107165813
134376,0.86190032959
134377,0.965351045132
134378,0.978693604469
134381,0.65052396059
134382,0.367966026068
134384,0.955863237381
134387,0.937078237534
134390,0.95155185461
134391,0.909076094627
134394,0.705003619194
134395,0.754422485828
134396,0.855736851692
134397,0.640605151653
134399,0.867826163769
134400,0.767148077488
134401,0.556750833988
134402,0.873242795467
134404,0.686713993549
134408,0.813630819321
134411,0.283254414797
134420,0.82213139534
134421,0.944408476353
134424,0.708326399326
134427,0.428517401218
134432,0.865073561668
134434,0.640138030052
134435,0.926264226437
134436,0.706187129021
134438,0.644921422005
134439,0.964745879173
134440,0.936676025391
134442,0.749309122562
134445,0.467188209295
134448,0.597862958908
134454,0.593820512295
134456,0.979481518269
134457,0.843530356884
134459,0.915753304958
134463,0.712268531322
134466,0.955485641956
134467,0.842013061047
134468,0.630907475948
134469,0.972210586071
134471,0.953962683678
134473,0.9234405756
134476,0.842523276806
134477,0.715799987316
134480,0.812553882599
134481,0.824784457684
134482,0.855069339275
134484,0.697628080845
134485,0.970658004284
134486,0.460300683975
134487,0.927173495293
134488,0.842417478561
134490,0.985264182091
134491,0.889586985111
134492,0.716865599155
134493,0.886526226997
134495,0.766730606556
134498,0.48675301671
134499,0.680141925812
134500,0.709419190884
134502,0.871700167656
134503,0.898599922657
134504,0.674325048923
134508,0.824497044086
134511,0.0747820362449
134512,0.771083056927
134513,0.803110897541
134515,0.714102268219
134523,0.461055397987
134527,0.525328040123
134528,0.946036934853
134532,0.937642991543
134536,0.933094084263
134538,0.674007833004
134539,0.884740352631
134540,0.425227224827
134541,0.875876367092
134543,0.953571736813
134544,0.837462007999
134548,0.925749838352
134549,0.555169761181
134551,0.887016415596
134552,0.722607195377
134556,0.964067101479
134558,0.703049719334
134560,0.195184856653
134561,0.698540270329
134562,0.951139807701
134564,0.611633718014
134565,0.64551627636
134567,0.78564363718
134568,0.900670289993
134569,0.948350608349
134574,0.988503158092
134576,0.808954715729
134580,0.425652503967
134582,0.869116723537
134583,0.873071789742
134584,0.879172444344
134587,0.620212674141
134592,0.870928108692
134597,0.296447694302
134599,0.948695242405
134600,0.700550615788
134601,0.984308302402
134602,0.900764942169
134605,0.881357491016
134606,0.877916514874
134608,0.947502911091
134609,0.936001181602
134611,0.604699969292
134612,0.691420078278
134613,0.798612058163
134614,0.820776045322
134615,0.546047389507
134620,0.739297926426
134622,0.851277470589
134623,0.551763772964
134625,0.979197978973
134629,0.661772847176
134631,0.950617909431
134633,0.879958570004
134634,0.601486444473
134635,0.888415157795
134637,0.816085934639
134638,0.954445898533
134641,0.94848048687
134644,0.929665386677
134645,0.97863984108
134646,0.243437558413
134647,0.300456732512
134648,0.987317383289
134649,0.915898680687
134653,0.662270247936
134656,0.756728291512
134659,0.728872716427
134663,0.54269939661
134664,0.932076334953
134665,0.977012395859
134667,0.955816090107
134668,0.875872552395
134670,0.548518955708
134672,0.764208912849
134675,0.869100809097
134677,0.822494089603
134678,0.71228915453
134681,0.39076846838
134682,0.911088645458
134684,0.639408051968
134685,0.918952643871
134687,0.834443688393
134689,0.829446196556
134690,0.975624084473
134691,0.962111055851
134692,0.826564013958
134693,0.245816677809
134694,0.943480432034
134696,0.956876158714
134700,0.653212070465
134702,0.381594330072
134703,0.270789682865
134704,0.916469275951
134706,0.730136394501
134708,0.970263063908
134709,0.882049262524
134710,0.871600925922
134712,0.885349810123
134713,0.622274041176
134714,0.938067734241
134715,0.987149298191
134717,0.660908520222
134718,0.789581418037
134720,0.631168425083
134721,0.849880933762
134724,0.91607940197
134725,0.673821389675
134726,0.777373969555
134728,0.919770002365
134731,0.820591747761
134732,0.75827485323
134735,0.941904723644
134736,0.933140158653
134737,0.700047135353
134739,0.628830552101
134741,0.78555560112
134742,0.418154269457
134743,0.573293864727
134744,0.976042628288
134745,0.277518004179
134747,0.933462142944
134751,0.933284580708
134753,0.922767698765
134755,0.591782093048
134756,0.528846263885
134757,0.859404087067
134759,0.701829791069
134760,0.78705406189
134767,0.698950827122
134769,0.361654818058
134771,0.38708332181
134775,0.178654372692
134777,0.891298592091
134778,0.979389369488
134779,0.809106171131
134784,0.889620244503
134786,0.356007695198
134787,0.918423354626
134789,0.965371489525
134793,0.920613467693
134797,0.760399222374
134799,0.639590203762
134802,0.297765046358
134803,0.620174109936
134804,0.0996060222387
134806,0.91320925951
134807,0.817183375359
134809,0.946247518063
134810,0.412715107203
134811,0.867978274822
134812,0.382346570492
134813,0.954421401024
134818,0.974723041058
134821,0.835083246231
134823,0.595943391323
134825,0.692770183086
134827,0.825695037842
134828,0.742060124874
134829,0.919521272182
134831,0.713129222393
134836,0.818403482437
134837,0.80163693428
134838,0.918259501457
134840,0.819936335087
134844,0.974825322628
134845,0.836947023869
134846,0.846656322479
134848,0.979883730412
134849,0.916370034218
134850,0.988305807114
134851,0.822045743465
134852,0.806887149811
134853,0.762190282345
134857,0.770777106285
134859,0.728874146938
134865,0.918771982193
134866,0.306606024504
134867,0.986198425293
134868,0.445295751095
134875,0.732019484043
134876,0.787979006767
134879,0.758422136307
134881,0.772075414658
134883,0.718529164791
134884,0.91837054491
134885,0.210995867848
134887,0.929587721825
134889,0.55247682333
134891,0.92523509264
134893,0.56402027607
134897,0.548153877258
134898,0.892202675343
134900,0.877917408943
134903,0.938478410244
134907,0.73763614893
134908,0.987634062767
134910,0.906030356884
134911,0.478394031525
134912,0.834575593472
134913,0.558605492115
134914,0.547812223434
134916,0.811293661594
134918,0.891191661358
134919,0.965856552124
134921,0.857719242573
134922,0.932199716568
134923,0.755315542221
134924,0.144871562719
134926,0.706374645233
134927,0.80209761858
134928,0.489072471857
134930,0.645586311817
134932,0.836522400379
134935,0.972340464592
134936,0.931541979313
134937,0.771947264671
134940,0.605279922485
134942,0.960413873196
134943,0.806810557842
134946,0.575715661049
134949,0.811085343361
134952,0.964902639389
134953,0.960690677166
134954,0.672759413719
134957,0.834788799286
134958,0.88401466608
134962,0.776347577572
134963,0.330401480198
134964,0.860549747944
134966,0.799766778946
134968,0.771861970425
134970,0.941856026649
134971,0.663356244564
134972,0.758574128151
134973,0.960934996605
134974,0.881291091442
134979,0.886862576008
134980,0.558524250984
134984,0.0217676926404
134986,0.756501376629
134987,0.947235941887
134989,0.854787170887
134990,0.835775613785
134994,0.79449826479
134995,0.987418711185
134996,0.920506715775
134997,0.825982749462
134998,0.940812528133
135000,0.527660429478
135003,0.910489737988
135004,0.835685610771
135007,0.978081822395
135008,0.732028484344
135011,0.702349543571
135013,0.642036437988
135015,0.939911007881
135018,0.837340295315
135020,0.885344088078
135021,0.73416686058
135023,0.72499781847
135025,0.852433443069
135028,0.849384307861
135030,0.95774525404
135031,0.0643628835678
135033,0.837958991528
135034,0.577455580235
135035,0.96339058876
135036,0.350521832705
135037,0.984020471573
135038,0.801888167858
135039,0.57949090004
135051,0.865450203419
135052,0.627036869526
135053,0.698385357857
135054,0.848062217236
135055,0.780676662922
135058,0.994340658188
135059,0.786925077438
135061,0.850538372993
135062,0.823049902916
135064,0.779999196529
135067,0.889075219631
135068,0.860262751579
135069,0.758531749249
135072,0.300087153912
135075,0.825855731964
135077,0.981264591217
135078,0.611803352833
135080,0.940407514572
135082,0.986668229103
135085,0.716981649399
135088,0.948901593685
135089,0.769109547138
135091,0.819873273373
135092,0.940341174603
135094,0.864798545837
135096,0.971354663372
135097,0.92979824543
135099,0.803737342358
135100,0.868414878845
135101,0.885986149311
135104,0.810464739799
135106,0.98362839222
135107,0.968133628368
135110,0.597845494747
135111,0.871101140976
135113,0.859539270401
135115,0.86492228508
135116,0.967946887016
135117,0.623425602913
135118,0.866430521011
135119,0.963548839092
135120,0.945686578751
135121,0.624240934849
135123,0.745544672012
135124,0.720002532005
135127,0.940326631069
135128,0.377517342567
135131,0.921035289764
135132,0.767582535744
135134,0.721887767315
135135,0.790057003498
135137,0.800510048866
135139,0.964841723442
135140,0.69880014658
135141,0.824618816376
135143,0.948939919472
135146,0.889995992184
135147,0.728147149086
135148,0.831787109375
135149,0.888863146305
135153,0.761547088623
135158,0.730597555637
135161,0.874138474464
135162,0.964930176735
135164,0.962765574455
135165,0.77238714695
135166,0.709481477737
135167,0.990647375584
135172,0.770742297173
135173,0.757122755051
135179,0.89704811573
135185,0.617593765259
135188,0.925401985645
135190,0.856022000313
135191,0.871549189091
135193,0.943408250809
135194,0.898671984673
135196,0.397580713034
135197,0.973444461823
135198,0.658730626106
135201,0.939307332039
135203,0.693073868752
135204,0.737575888634
135205,0.785887658596
135208,0.935513496399
135209,0.769364118576
135211,0.723821938038
135212,0.978311240673
135214,0.985212922096
135216,0.809845268726
135219,0.779652655125
135222,0.840897262096
135223,0.639937162399
135224,0.790080547333
135227,0.84958589077
135229,0.864031136036
135230,0.880514442921
135231,0.983287334442
135232,0.974710404873
135233,0.822750270367
135238,0.975070655346
135239,0.976155400276
135241,0.876281440258
135242,0.556948840618
135244,0.859443068504
135246,0.797233641148
135250,0.641962110996
135251,0.811611354351
135252,0.682722866535
135256,0.970581412315
135259,0.914760410786
135261,0.814051270485
135262,0.964615166187
135263,0.91883790493
135264,0.940071105957
135265,0.960381627083
135266,0.419993877411
135267,0.722486913204
135268,0.777789592743
135274,0.906101882458
135275,0.84895503521
135276,0.971734881401
135277,0.922590076923
135278,0.700820922852
135279,0.966800510883
135283,0.549979329109
135285,0.284248203039
135286,0.665773928165
135288,0.159291058779
135289,0.922834277153
135290,0.666233778
135291,0.315844267607
135292,0.963707923889
135294,0.906944990158
135295,0.64524269104
135298,0.976612925529
135300,0.934296667576
135302,0.856675684452
135304,0.740040481091
135309,0.772553086281
135310,0.740118086338
135312,0.86273086071
135313,0.842202007771
135314,0.979692935944
135318,0.918048977852
135319,0.984361171722
135320,0.847972452641
135321,0.739846765995
135324,0.986305356026
135325,0.967263460159
135326,0.835584163666
135327,0.980251967907
135329,0.650110721588
135330,0.963842332363
135332,0.936519861221
135333,0.752074301243
135334,0.633343756199
135335,0.920408844948
135336,0.646143913269
135337,0.889173924923
135338,0.781544685364
135341,0.715234696865
135345,0.936728596687
135347,0.855567276478
135351,0.90836840868
135352,0.841566324234
135354,0.360643804073
135359,0.799017608166
135360,0.770834267139
135361,0.351311177015
135365,0.624013066292
135366,0.862863600254
135367,0.608496248722
135369,0.865640044212
135371,0.818510651588
135372,0.952066004276
135373,0.938234806061
135375,0.616898059845
135378,0.684919118881
135379,0.692098677158
135381,0.777427375317
135383,0.840753436089
135389,0.891513764858
135390,0.303909629583
135391,0.435741335154
135392,0.600378394127
135393,0.935483396053
135394,0.795921325684
135395,0.63633030653
135396,0.98335403204
135398,0.81816214323
135399,0.296617805958
135404,0.575017869473
135406,0.7165979743
135408,0.624045133591
135411,0.352938443422
135412,0.799858093262
135414,0.975398898125
135415,0.34430295229
135418,0.46849322319
135419,0.844350934029
135420,0.695939838886
135422,0.823392808437
135424,0.919700860977
135427,0.952668368816
135430,0.593449831009
135431,0.952310204506
135434,0.940151154995
135436,0.795055925846
135437,0.615447103977
135438,0.458384215832
135441,0.651739776134
135443,0.531254589558
135452,0.505759179592
135454,0.949574112892
135455,0.866572320461
135456,0.958997249603
135458,0.569821834564
135459,0.877596616745
135460,0.919381022453
135461,0.652032494545
135462,0.426638931036
135465,0.558656871319
135466,0.955658078194
135467,0.899543642998
135470,0.499662160873
135472,0.665305376053
135474,0.97898209095
135475,0.870531976223
135476,0.812912225723
135479,0.975056946278
135481,0.96411806345
135482,0.69464224577
135483,0.757484972477
135484,0.957580924034
135485,0.581075966358
135491,0.836101591587
135492,0.920283854008
135493,0.973308682442
135494,0.930988132954
135496,0.827338516712
135497,0.689643323421
135499,0.701963543892
135502,0.87859326601
135503,0.83471518755
135505,0.888323068619
135506,0.753609061241
135507,0.980217695236
135508,0.900295317173
135509,0.703140377998
135514,0.720804095268
135516,0.904213070869
135518,0.942300617695
135522,0.969411969185
135524,0.87256103754
135528,0.781943500042
135535,0.816216647625
135538,0.807860314846
135540,0.586791872978
135541,0.963957846165
135542,0.84661090374
135543,0.98359721899
135545,0.81139332056
135549,0.681318640709
135550,0.919489443302
135551,0.687348544598
135552,0.880458712578
135554,0.855710148811
135556,0.863806307316
135557,0.785906851292
135561,0.738742291927
135565,0.874759733677
135567,0.958897709846
135568,0.727024495602
135571,0.916964411736
135574,0.784176707268
135575,0.765693306923
135578,0.933076918125
135579,0.5677318573
135585,0.819506943226
135586,0.404632270336
135588,0.589321732521
135590,0.891865134239
135592,0.608940899372
135596,0.70683991909
135599,0.634826362133
135601,0.845357894897
135607,0.918101370335
135608,0.679366350174
135609,0.457010149956
135612,0.884547114372
135613,0.975127577782
135617,0.91389632225
135619,0.807107329369
135620,0.6028226614
135621,0.789890289307
135622,0.815300107002
135623,0.829934358597
135628,0.719740569592
135629,0.896078526974
135630,0.961962461472
135632,0.968804955482
135633,0.461262017488
135635,0.771451950073
135639,0.793987929821
135640,0.83220911026
135647,0.934741854668
135648,0.931757807732
135649,0.57243680954
135651,0.946831166744
135653,0.697468280792
135656,0.845866262913
135658,0.928654551506
135659,0.974320471287
135662,0.820999801159
135663,0.874686717987
135664,0.986541092396
135665,0.677407741547
135666,0.283652186394
135670,0.936051487923
135673,0.978298604488
135674,0.970182359219
135675,0.600513994694
135677,0.557238996029
135680,0.669642686844
135682,0.928783714771
135684,0.932102560997
135688,0.226720318198
135690,0.614005446434
135692,0.820907175541
135693,0.760375797749
135698,0.648516476154
135699,0.775164723396
135700,0.873317539692
135703,0.63332515955
135704,0.498360544443
135705,0.95613181591
135707,0.366606473923
135710,0.60716766119
135715,0.594833433628
135716,0.825032174587
135719,0.648245692253
135723,0.0323216617107
135728,0.812570095062
135729,0.433652728796
135732,0.179892390966
135733,0.777576863766
135735,0.872505784035
135736,0.738791823387
135737,0.862871408463
135739,0.867883861065
135744,0.821687221527
135745,0.686647891998
135752,0.734978556633
135753,0.920268177986
135754,0.808183670044
135757,0.831170141697
135758,0.898757219315
135762,0.289505779743
135764,0.855119645596
135765,0.728584229946
135766,0.184541404247
135767,0.513039886951
135776,0.552372932434
135779,0.477342456579
135780,0.504101872444
135782,0.960430562496
135783,0.467527896166
135784,0.887541294098
135785,0.765845894814
135786,0.892477273941
135787,0.29163902998
135789,0.7675126791
135796,0.92484408617
135797,0.890029370785
135802,0.90918302536
135803,0.656916260719
135805,0.977708935738
135806,0.890915870667
135807,0.823322534561
135810,0.831027448177
135812,0.948035180569
135815,0.760405361652
135816,0.55416482687
135819,0.690654695034
135822,0.888673901558
135823,0.871998488903
135824,0.425445705652
135825,0.852743983269
135826,0.981965243816
135828,0.469218939543
135829,0.884078800678
135831,0.897768497467
135832,0.925363004208
135833,0.987311244011
135835,0.880624711514
135839,0.0953283831477
135840,0.904614925385
135841,0.880897581577
135842,0.929999530315
135843,0.848054409027
135844,0.833595871925
135848,0.643128693104
135849,0.634088397026
135853,0.787605047226
135854,0.832403421402
135855,0.956699728966
135858,0.816203773022
135860,0.675990700722
135861,0.983726859093
135862,0.738418698311
135863,0.701855897903
135864,0.372919499874
135868,0.898136556149
135870,0.267305165529
135871,0.803671836853
135872,0.715534329414
135873,0.698603272438
135874,0.948307991028
135876,0.841301321983
135877,0.962657272816
135878,0.989988148212
135881,0.933344781399
135883,0.942051649094
135890,0.509276986122
135891,0.873238384724
135892,0.75408321619
135893,0.949506282806
135894,0.983289718628
135897,0.876952111721
135898,0.990599811077
135901,0.856009602547
135902,0.919099390507
135903,0.950276553631
135904,0.806542158127
135907,0.971563220024
135909,0.779558837414
135910,0.702618181705
135912,0.980579197407
135915,0.783125817776
135916,0.978047728539
135917,0.934156835079
135918,0.851733148098
135919,0.663659274578
135920,0.391986787319
135922,0.44878411293
135924,0.698620796204
135927,0.822058439255
135929,0.6073320508
135936,0.886020123959
135939,0.654266476631
135940,0.655467033386
135942,0.572424709797
135943,0.823981761932
135944,0.82184445858
135945,0.595749080181
135946,0.658007025719
135948,0.847889661789
135950,0.284328728914
135954,0.793626010418
135956,0.903259992599
135957,0.936181545258
135958,0.712453186512
135961,0.870900273323
135967,0.907541930676
135968,0.899559497833
135969,0.140669539571
135971,0.696955561638
135973,0.493710428476
135975,0.772293627262
135980,0.838338851929
135982,0.937760472298
135984,0.52826577425
135987,0.745312035084
135988,0.652607023716
135989,0.96310788393
135990,0.522706091404
135992,0.95074480772
135993,0.857172906399
135994,0.720506310463
135996,0.829430758953
135997,0.953420877457
135999,0.730547487736
136001,0.637393474579
136004,0.969648122787
136006,0.707891762257
136007,0.851772069931
136008,0.255629479885
136009,0.427493363619
136010,0.790769457817
136015,0.591461062431
136016,0.963469624519
136018,0.579599499702
136020,0.944634854794
136024,0.906333327293
136028,0.909814119339
136030,0.899271309376
136031,0.122520782053
136032,0.975005507469
136035,0.948518037796
136037,0.994322061539
136038,0.968961715698
136041,0.961711883545
136042,0.901446402073
136043,0.803194463253
136044,0.606799960136
136045,0.829859137535
136046,0.820235550404
136047,0.92182546854
136048,0.990240812302
136051,0.701288282871
136052,0.697002232075
136054,0.985585510731
136057,0.898322939873
136060,0.904182195663
136062,0.905493140221
136063,0.304882615805
136065,0.596632301807
136066,0.88903516531
136067,0.847700893879
136068,0.488429576159
136073,0.632989048958
136075,0.877896666527
136076,0.58788049221
136078,0.946338355541
136080,0.995109021664
136083,0.829916298389
136086,0.924658358097
136091,0.834720611572
136092,0.884715437889
136093,0.708234846592
136094,0.932286560535
136096,0.974494755268
136099,0.944193959236
136101,0.759609818459
136102,0.975027382374
136103,0.682807683945
136105,0.968971252441
136107,0.940125048161
136110,0.76862859726
136113,0.79265075922
136118,0.992377519608
136121,0.778093695641
136123,0.94112432003
136124,0.976190507412
136125,0.713394880295
136129,0.79709905386
136130,0.761313617229
136135,0.805465102196
136136,0.352818340063
136137,0.786417961121
136140,0.790191650391
136142,0.662014961243
136143,0.932010412216
136144,0.827126085758
136149,0.601559519768
136150,0.955045759678
136152,0.981307923794
136154,0.97355812788
136156,0.926782548428
136157,0.970186173916
136158,0.948632478714
136160,0.90642863512
136162,0.760122299194
136164,0.675297439098
136165,0.580415129662
136168,0.541054129601
136170,0.652783036232
136172,0.644814014435
136173,0.687594652176
136175,0.686536490917
136176,0.872126042843
136178,0.783764958382
136181,0.886215090752
136184,0.94177043438
136187,0.694092392921
136188,0.868950843811
136189,0.929966986179
136190,0.777918279171
136194,0.468524754047
136198,0.701093494892
136199,0.899648606777
136200,0.965114831924
136201,0.956879854202
136207,0.956349134445
136208,0.969583332539
136209,0.829999148846
136211,0.170077323914
136214,0.36613664031
136215,0.217859625816
136217,0.902718961239
136218,0.843661487103
136219,0.798661768436
136223,0.771270930767
136224,0.691466987133
136225,0.860887050629
136228,0.789900422096
136229,0.652081847191
136233,0.767650187016
136234,0.934567391872
136236,0.583861172199
136240,0.709738373756
136241,0.891523361206
136244,0.316018939018
136245,0.969491899014
136246,0.962453842163
136247,0.814641535282
136251,0.972607314587
136253,0.861427605152
136254,0.625320672989
136255,0.715698897839
136256,0.695331573486
136257,0.699544668198
136258,0.631006002426
136260,0.311304152012
136263,0.950807869434
136264,0.94051271677
136267,0.593861997128
136268,0.646853804588
136270,0.778234899044
136272,0.708629369736
136274,0.726822853088
136275,0.581528484821
136276,0.462026685476
136277,0.904489278793
136278,0.675438821316
136279,0.932952404022
136280,0.647145211697
136281,0.771123349667
136282,0.946774959564
136285,0.842361569405
136286,0.844591498375
136287,0.70491039753
136288,0.538548886776
136290,0.464260101318
136291,0.921561777592
136293,0.844042956829
136295,0.898426175117
136297,0.618947148323
136299,0.960197627544
136300,0.661822080612
136302,0.739124774933
136303,0.868460655212
136305,0.87963873148
136306,0.819300174713
136307,0.488871246576
136309,0.93516856432
136311,0.991904199123
136312,0.849908351898
136314,0.893795132637
136316,0.924715459347
136317,0.786563694477
136319,0.990277826786
136321,0.775013387203
136322,0.978464603424
136326,0.934641897678
136331,0.667688548565
136332,0.561439990997
136334,0.976428985596
136335,0.343963056803
136336,0.703980445862
136337,0.664586365223
136340,0.945400416851
136342,0.941642284393
136343,0.44992929697
136344,0.790159702301
136345,0.988865792751
136350,0.790323078632
136352,0.396393239498
136354,0.469383567572
136355,0.888694703579
136364,0.90941876173
136365,0.658453285694
136368,0.916175246239
136371,0.492776125669
136372,0.919935166836
136373,0.482965350151
136374,0.84281283617
136376,0.508605122566
136377,0.809512853622
136378,0.566545367241
136382,0.64714807272
136383,0.862396121025
136385,0.900066792965
136386,0.729522526264
136389,0.883971571922
136390,0.90566521883
136391,0.482258617878
136394,0.852914452553
136398,0.869848906994
136399,0.254232704639
136402,0.754717469215
136405,0.837585687637
136408,0.858008623123
136409,0.876048147678
136410,0.61166280508
136411,0.654586791992
136413,0.897550940514
136416,0.906780660152
136417,0.779850363731
136418,0.415827333927
136419,0.942939221859
136420,0.471456050873
136421,0.876361906528
136425,0.875027418137
136428,0.880441606045
136430,0.861395061016
136436,0.786047101021
136437,0.976889550686
136438,0.97325438261
136439,0.878750264645
136442,0.945352911949
136443,0.86391967535
136444,0.791199505329
136445,0.770888030529
136448,0.796381652355
136449,0.957037866116
136450,0.993958711624
136451,0.120914414525
136452,0.955617487431
136453,0.972946763039
136454,0.906636476517
136457,0.772336781025
136458,0.989605545998
136460,0.761513590813
136463,0.891148090363
136467,0.90787768364
136470,0.712160527706
136471,0.558416724205
136472,0.584185600281
136474,0.843655705452
136475,0.853887438774
136479,0.864348292351
136482,0.900776743889
136486,0.725284278393
136491,0.957308590412
136492,0.983367800713
136493,0.494996458292
136495,0.725968360901
136497,0.395923852921
136498,0.779529690742
136499,0.766704559326
136500,0.305731028318
136504,0.318884462118
136506,0.808787584305
136507,0.785830616951
136508,0.912298440933
136512,0.201044589281
136515,0.802419960499
136516,0.452827036381
136518,0.965366482735
136521,0.540474295616
136524,0.760703325272
136525,0.10972584784
136526,0.799163639545
136527,0.874916851521
136529,0.969317018986
136530,0.84678953886
136531,0.874359607697
136533,0.91635119915
136534,0.862924396992
136537,0.693510055542
136538,0.940193414688
136539,0.91277295351
136544,0.961903989315
136545,0.626254439354
136546,0.655978560448
136548,0.804199397564
136549,0.931346774101
136550,0.858077287674
136551,0.665382504463
136552,0.931745290756
136556,0.975328266621
136558,0.987183868885
136560,0.784262537956
136561,0.584635019302
136562,0.353280693293
136563,0.783381044865
136565,0.420734792948
136569,0.913227260113
136572,0.651782751083
136573,0.775078713894
136574,0.748247981071
136576,0.963736236095
136580,0.984467685223
136581,0.908912181854
136583,0.97056388855
136584,0.812581896782
136585,0.737000644207
136589,0.975073158741
136590,0.920237779617
136591,0.797087967396
136592,0.651955604553
136593,0.853145718575
136598,0.877665638924
136599,0.916133821011
136600,0.386922419071
136601,0.952598035336
136602,0.766461789608
136603,0.839230418205
136604,0.859994828701
136609,0.822584569454
136611,0.604624569416
136612,0.804528534412
136616,0.477512985468
136618,0.720699131489
136619,0.973884642124
136620,0.943376004696
136623,0.946678936481
136627,0.575149953365
136629,0.956908583641
136630,0.720986008644
136631,0.730932533741
136632,0.773331403732
136637,0.941501498222
136638,0.599644899368
136642,0.633993268013
136644,0.415020763874
136647,0.860381364822
136649,0.674876093864
136652,0.725270926952
136661,0.933192670345
136665,0.826266765594
136666,0.908612012863
136667,0.907519757748
136670,0.820235848427
136672,0.517043232918
136675,0.256608635187
136676,0.790460050106
136677,0.71088206768
136679,0.991373240948
136680,0.702975451946
136681,0.742132604122
136684,0.94786208868
136685,0.959274291992
136687,0.883414387703
136689,0.683939218521
136693,0.470362097025
136694,0.982202470303
136695,0.834061801434
136700,0.601329088211
136701,0.772959291935
136702,0.86914139986
136703,0.565073311329
136704,0.652107834816
136705,0.838340699673
136709,0.705577611923
136710,0.924478709698
136712,0.872906506062
136713,0.606157422066
136714,0.733539640903
136716,0.769481897354
136718,0.652943015099
136720,0.988674104214
136721,0.55579328537
136722,0.981470167637
136724,0.927013576031
136732,0.515107393265
136733,0.861467242241
136736,0.968507349491
136742,0.969966292381
136743,0.823111236095
136744,0.350012779236
136752,0.94222587347
136754,0.456121504307
136756,0.773039996624
136757,0.898189365864
136759,0.131971254945
136764,0.49777212739
136769,0.646214127541
136770,0.772665083408
136778,0.801595211029
136779,0.670252203941
136780,0.735421657562
136782,0.587003588676
136783,0.831336557865
136784,0.680074095726
136786,0.742283463478
136788,0.811446070671
136790,0.81499004364
136792,0.876419305801
136794,0.767405986786
136795,0.903213500977
136796,0.937792062759
136797,0.627008795738
136799,0.731505274773
136800,0.528410673141
136801,0.50780326128
136806,0.864285588264
136807,0.984849333763
136808,0.599869906902
136814,0.935992181301
136816,0.965757608414
136821,0.711833417416
136824,0.813659906387
136828,0.965493142605
136831,0.831449568272
136832,0.756174862385
136833,0.795800685883
136834,0.31996768713
136835,0.941522717476
136836,0.942090690136
136839,0.767956614494
136845,0.556982219219
136847,0.572825610638
136849,0.3613486588
136851,0.898211479187
136852,0.923435688019
136855,0.908566892147
136856,0.652282297611
136857,0.71315664053
136858,0.70073980093
136862,0.972861230373
136865,0.724552631378
136866,0.743797004223
136867,0.519914984703
136868,0.936056375504
136870,0.954419612885
136872,0.924316048622
136874,0.901229798794
136876,0.797936677933
136877,0.284476846457
136880,0.835642755032
136881,0.800911068916
136882,0.556891739368
136885,0.976746797562
136886,0.983324229717
136887,0.925566375256
136888,0.934132635593
136890,0.981767237186
136892,0.797695398331
136893,0.967138230801
136895,0.941798448563
136896,0.836124062538
136897,0.708145916462
136898,0.663763344288
136900,0.476355671883
136901,0.910209298134
136902,0.837980687618
136903,0.933872401714
136905,0.923806846142
136906,0.436131447554
136907,0.700477182865
136908,0.961222827435
136909,0.728618621826
136910,0.972327530384
136911,0.696727871895
136912,0.899300813675
136913,0.366408199072
136918,0.908316671848
136919,0.904810667038
136920,0.827328979969
136921,0.66045832634
136923,0.965501368046
136924,0.928345918655
136925,0.690089643002
136927,0.750602841377
136928,0.755766272545
136930,0.905499100685
136931,0.951032817364
136934,0.815481185913
136937,0.715066254139
136938,0.625689864159
136939,0.815536797047
136940,0.891009271145
136945,0.959417998791
136946,0.726326048374
136948,0.955366373062
136950,0.909213542938
136954,0.82748991251
136957,0.389559149742
136962,0.968173325062
136963,0.94129127264
136966,0.835891485214
136967,0.840893745422
136969,0.707343101501
136970,0.329554349184
136972,0.707147061825
136973,0.743181943893
136974,0.79414087534
136976,0.828301429749
136978,0.910016655922
136979,0.40062597394
136982,0.74579334259
136983,0.662450790405
136984,0.756128191948
136985,0.813460409641
136986,0.749150395393
136995,0.792529165745
136997,0.942166626453
136998,0.269916176796
136999,0.900591850281
137002,0.949622511864
137009,0.753063738346
137012,0.412853896618
137013,0.637237489223
137014,0.726268649101
137017,0.887224018574
137019,0.978860318661
137020,0.671367228031
137026,0.85110616684
137029,0.815833091736
137031,0.967628538609
137034,0.422376304865
137037,0.558729529381
137040,0.95415776968
137041,0.936336398125
137043,0.668908953667
137044,0.756083726883
137046,0.970299959183
137050,0.864420592785
137053,0.706764280796
137055,0.662218511105
137057,0.9246301651
137062,0.468478083611
137063,0.992953121662
137068,0.955066919327
137071,0.554214417934
137072,0.635822534561
137076,0.835108101368
137078,0.952394604683
137079,0.430529922247
137081,0.729400753975
137086,0.885498046875
137089,0.82932472229
137092,0.298694103956
137101,0.95301425457
137102,0.820807695389
137103,0.842497169971
137104,0.934803307056
137106,0.891396403313
137108,0.980919420719
137110,0.772823870182
137111,0.861503064632
137113,0.644636690617
137114,0.714553236961
137116,0.846234560013
137123,0.869699537754
137124,0.983213126659
137125,0.937054872513
137129,0.868541300297
137131,0.874188661575
137134,0.87379437685
137136,0.8245896101
137140,0.0470491982996
137142,0.873576104641
137143,0.813746809959
137144,0.822207987309
137146,0.500518620014
137147,0.864658236504
137148,0.756841003895
137154,0.960086405277
137156,0.892156541348
137160,0.834691941738
137161,0.888746201992
137163,0.892832934856
137164,0.837770044804
137166,0.772844076157
137169,0.829795598984
137172,0.889147520065
137179,0.727084755898
137180,0.942044138908
137185,0.625072956085
137189,0.975275397301
137191,0.816979408264
137192,0.905861973763
137193,0.818482160568
137194,0.635345637798
137195,0.761218488216
137196,0.917855679989
137197,0.974472045898
137200,0.625562250614
137202,0.867040991783
137204,0.674488723278
137205,0.338245153427
137207,0.583881437778
137208,0.730023264885
137209,0.954803645611
137212,0.800180912018
137215,0.855894804001
137217,0.813839793205
137219,0.828105688095
137220,0.799514174461
137221,0.762183248997
137222,0.882265627384
137223,0.40788051486
137225,0.402555137873
137226,0.448640435934
137228,0.711862921715
137230,0.91375041008
137232,0.894443511963
137236,0.973698019981
137237,0.729166328907
137240,0.120230816305
137242,0.926682889462
137243,0.768482327461
137246,0.807036578655
137247,0.269918233156
137248,0.730267167091
137252,0.727872490883
137254,0.938392519951
137255,0.797331392765
137258,0.802691817284
137260,0.92677462101
137261,0.83945697546
137264,0.917026996613
137265,0.782020151615
137266,0.719483017921
137269,0.958159387112
137272,0.724707245827
137274,0.900565564632
137276,0.741259872913
137279,0.779769837856
137280,0.496634036303
137281,0.351948022842
137282,0.77416318655
137283,0.975278317928
137284,0.898969233036
137285,0.841183483601
137288,0.985826194286
137289,0.757239818573
137290,0.737749576569
137291,0.406916767359
137292,0.758072674274
137294,0.975978434086
137296,0.996851742268
137297,0.377250134945
137299,0.96848988533
137300,0.849986433983
137301,0.71712833643
137302,0.513269841671
137303,0.776169300079
137304,0.911075174809
137305,0.796805858612
137307,0.726074159145
137310,0.715793430805
137313,0.46073025465
137315,0.856495499611
137316,0.814994812012
137317,0.928352892399
137319,0.984496593475
137320,0.741899490356
137322,0.975307047367
137323,0.846490621567
137324,0.58011329174
137325,0.961887478828
137326,0.960015654564
137327,0.900839269161
137329,0.712604165077
137331,0.772070467472
137333,0.901123464108
137334,0.693804562092
137337,0.716731727123
137341,0.850061178207
137343,0.781059861183
137344,0.896713554859
137346,0.861752986908
137348,0.858984291553
137349,0.68206936121
137350,0.897645652294
137354,0.950379550457
137355,0.939029335976
137360,0.830571472645
137362,0.674507498741
137363,0.978908002377
137365,0.775178790092
137367,0.895341455936
137369,0.91342228651
137370,0.927895605564
137371,0.756976127625
137373,0.940461695194
137377,0.894083917141
137378,0.9407954216
137379,0.70347070694
137380,0.688317716122
137382,0.824701309204
137383,0.224434658885
137385,0.88455671072
137386,0.36699000001
137387,0.584678590298
137388,0.64538359642
137389,0.640217542648
137390,0.949105501175
137392,0.918010354042
137393,0.806880116463
137395,0.662701427937
137396,0.843349456787
137397,0.827410280704
137398,0.421831041574
137401,0.956140398979
137402,0.291713088751
137403,0.533573269844
137405,0.628345012665
137406,0.800523340702
137408,0.572474956512
137410,0.745294451714
137412,0.969982206821
137414,0.956638038158
137415,0.968940258026
137417,0.878662109375
137418,0.555855512619
137419,0.951396644115
137421,0.648012936115
137424,0.812416493893
137425,0.946398794651
137428,0.921847164631
137429,0.970718681812
137430,0.984831094742
137434,0.684233784676
137435,0.757311046124
137438,0.799307405949
137442,0.747487485409
137445,0.936349391937
137447,0.878822445869
137448,0.682719647884
137449,0.902759850025
137451,0.756684780121
137454,0.941030561924
137455,0.835088133812
137456,0.843093276024
137457,0.848993480206
137459,0.789146661758
137461,0.940290272236
137462,0.955037236214
137466,0.607222855091
137468,0.953966796398
137469,0.722336173058
137471,0.446610540152
137478,0.734865009785
137482,0.702362835407
137483,0.723026752472
137484,0.659738838673
137485,0.974925518036
137487,0.896576881409
137488,0.910568356514
137494,0.898061156273
137498,0.97852575779
137502,0.870115876198
137506,0.0641353130341
137509,0.947014272213
137510,0.947714209557
137513,0.585353970528
137520,0.735166072845
137521,0.823120117188
137522,0.910880565643
137523,0.969120383263
137524,0.919162988663
137530,0.895456492901
137531,0.419125288725
137532,0.961860656738
137534,0.424720406532
137535,0.82676756382
137536,0.858764708042
137537,0.744271337986
137538,0.712280452251
137539,0.759567856789
137540,0.891663908958
137542,0.824061334133
137543,0.901678562164
137547,0.923824548721
137548,0.853245854378
137549,0.775231361389
137551,0.94229722023
137553,0.959700882435
137554,0.985821902752
137555,0.831867873669
137556,0.957586467266
137559,0.549293875694
137560,0.956289827824
137565,0.947969615459
137567,0.88944119215
137571,0.984346628189
137572,0.878662824631
137574,0.928772568703
137577,0.763169407845
137578,0.791984081268
137579,0.990473687649
137581,0.842578172684
137582,0.976734519005
137583,0.713195979595
137584,0.655680716038
137585,0.726560294628
137586,0.902207314968
137588,0.822308540344
137590,0.917373895645
137592,0.952845752239
137593,0.793226480484
137595,0.983345627785
137596,0.931306898594
137598,0.357688367367
137599,0.830625832081
137600,0.59013479948
137601,0.904927551746
137602,0.952647268772
137605,0.875732660294
137606,0.955072522163
137607,0.496090769768
137611,0.757467329502
137612,0.769251167774
137614,0.941237747669
137615,0.815198898315
137617,0.739056408405
137621,0.847372770309
137622,0.981046497822
137623,0.95547491312
137624,0.831445455551
137626,0.319327026606
137629,0.700034439564
137631,0.914022147655
137632,0.709413647652
137634,0.681765317917
137635,0.786232888699
137636,0.781798601151
137638,0.838213801384
137639,0.63725912571
137640,0.513842523098
137646,0.774640142918
137648,0.795492172241
137649,0.610202610493
137650,0.722076952457
137651,0.856568932533
137653,0.98150408268
137655,0.791680216789
137656,0.563461601734
137664,0.985162436962
137666,0.926804244518
137668,0.730945467949
137671,0.745636701584
137672,0.502436995506
137673,0.431364357471
137674,0.627475678921
137675,0.981850743294
137677,0.670880198479
137679,0.830103874207
137681,0.73173892498
137682,0.820675134659
137687,0.921801865101
137689,0.949879825115
137690,0.991769194603
137691,0.582187592983
137692,0.809715628624
137695,0.885988175869
137696,0.801695466042
137697,0.932270586491
137698,0.85066151619
137702,0.648848772049
137703,0.810411393642
137707,0.973011016846
137708,0.5773447752
137711,0.987390041351
137712,0.547829270363
137715,0.808122158051
137716,0.480043023825
137718,0.978387594223
137720,0.801855921745
137721,0.758588671684
137722,0.53917235136
137723,0.93858897686
137725,0.859690487385
137726,0.738185405731
137732,0.9130179286
137734,0.653741240501
137735,0.622261404991
137736,0.628053963184
137740,0.083818949759
137745,0.987922847271
137747,0.910184323788
137749,0.774266839027
137753,0.752991914749
137755,0.82714676857
137762,0.980550885201
137764,0.667266488075
137765,0.643963038921
137766,0.875431358814
137769,0.47334036231
137770,0.422204822302
137771,0.892799377441
137772,0.426076352596
137775,0.974879860878
137776,0.519947588444
137777,0.955386519432
137778,0.601261496544
137780,0.862086892128
137781,0.972260713577
137782,0.831166505814
137784,0.96834731102
137785,0.665874779224
137786,0.684776246548
137787,0.957629978657
137790,0.958207368851
137793,0.738410115242
137798,0.881015539169
137799,0.851141512394
137802,0.878201246262
137803,0.95211315155
137804,0.588667631149
137805,0.453714311123
137807,0.376430183649
137808,0.615698099136
137810,0.876338541508
137813,0.944496631622
137815,0.740983724594
137816,0.762702524662
137818,0.716391563416
137819,0.867472589016
137820,0.875998973846
137821,0.981246650219
137823,0.876326560974
137826,0.643572747707
137827,0.505795955658
137828,0.856923222542
137830,0.9679646492
137831,0.835758984089
137833,0.606926560402
137837,0.863547801971
137838,0.81704813242
137840,0.958803892136
137842,0.104343689978
137844,0.629559934139
137845,0.955101728439
137846,0.893645942211
137847,0.571336269379
137848,0.966320633888
137850,0.959802627563
137853,0.949590146542
137854,0.837575316429
137855,0.697382748127
137857,0.720375239849
137858,0.894226849079
137862,0.875259816647
137863,0.491272866726
137865,0.81954407692
137867,0.822224795818
137870,0.967666924
137874,0.750102877617
137875,0.745694160461
137877,0.697000443935
137879,0.610243618488
137880,0.931696712971
137882,0.225518375635
137883,0.846066594124
137886,0.680772185326
137887,0.719120323658
137888,0.990234255791
137890,0.689926803112
137892,0.939477324486
137894,0.961519896984
137897,0.434005171061
137898,0.812236905098
137902,0.782837331295
137904,0.574686408043
137906,0.737543284893
137907,0.905721724033
137908,0.811255395412
137909,0.061615716666
137910,0.879843950272
137912,0.960330605507
137915,0.743295252323
137916,0.854770064354
137918,0.965536475182
137919,0.931499540806
137920,0.952354967594
137921,0.946865797043
137922,0.966389656067
137923,0.747594892979
137924,0.93541020155
137926,0.8939666152
137928,0.729406118393
137929,0.872915804386
137930,0.916054308414
137935,0.705278992653
137936,0.697848856449
137938,0.768449604511
137939,0.827088832855
137940,0.695088088512
137942,0.987090408802
137944,0.934148013592
137945,0.952780783176
137946,0.906469345093
137947,0.64091783762
137949,0.853864729404
137950,0.983985006809
137952,0.674901545048
137955,0.392188340425
137956,0.98541533947
137957,0.46868249774
137958,0.188700631261
137959,0.68300318718
137960,0.867620527744
137962,0.926339149475
137965,0.97175103426
137972,0.910191714764
137974,0.733969628811
137976,0.35626116395
137977,0.771559596062
137979,0.474698007107
137981,0.809224903584
137991,0.941854894161
137992,0.96527338028
137996,0.813220381737
137997,0.822515785694
138000,0.990200102329
138001,0.889936208725
138003,0.718531608582
138004,0.796546638012
138006,0.84354531765
138007,0.866515219212
138015,0.783325970173
138016,0.931157946587
138018,0.487870424986
138019,0.947512984276
138020,0.67301005125
138023,0.864118814468
138024,0.373620569706
138033,0.987201094627
138036,0.619260907173
138037,0.42296564579
138038,0.95605391264
138040,0.907009124756
138041,0.900444567204
138045,0.970164954662
138050,0.956614911556
138051,0.948393106461
138060,0.566469490528
138061,0.935283243656
138064,0.946731984615
138070,0.74232763052
138072,0.774789273739
138073,0.823015391827
138076,0.745788872242
138077,0.746522247791
138078,0.786639153957
138080,0.951033294201
138082,0.613210737705
138083,0.789919316769
138085,0.626292586327
138087,0.809414327145
138092,0.764823555946
138094,0.902344942093
138095,0.612537503242
138098,0.602859437466
138101,0.90446048975
138102,0.7245413661
138106,0.773238003254
138108,0.258318126202
138110,0.845921695232
138113,0.824456930161
138115,0.966912508011
138119,0.642032980919
138121,0.79850423336
138124,0.898820698261
138126,0.949790537357
138130,0.641512036324
138132,0.945934832096
138133,0.984987914562
138134,0.925054490566
138136,0.599461436272
138137,0.844755351543
138138,0.84824937582
138139,0.958977997303
138140,0.490176200867
138141,0.752681136131
138144,0.854996204376
138145,0.796302139759
138147,0.958180844784
138148,0.631445705891
138149,0.853912293911
138151,0.768878042698
138152,0.974302709103
138153,0.865102231503
138154,0.857304751873
138162,0.744984328747
138164,0.930196285248
138170,0.741583704948
138171,0.920366942883
138174,0.987311124802
138177,0.109823778272
138179,0.981656253338
138180,0.966406464577
138181,0.755856454372
138182,0.632646203041
138183,0.957091212273
138184,0.833352267742
138185,0.335262358189
138186,0.913792312145
138187,0.76157772541
138188,0.478318482637
138189,0.842204272747
138192,0.949792921543
138197,0.897132813931
138198,0.872934281826
138203,0.969356298447
138205,0.833982527256
138207,0.389802455902
138208,0.627400398254
138212,0.665484726429
138213,0.355510413647
138214,0.842052519321
138217,0.776995897293
138218,0.715761125088
138222,0.601053476334
138226,0.973478257656
138229,0.776804864407
138230,0.691835165024
138231,0.909821629524
138233,0.914669930935
138235,0.88211530447
138236,0.546179711819
138237,0.536533296108
138239,0.530346691608
138242,0.883246243
138244,0.761729836464
138246,0.835430204868
138247,0.843931555748
138248,0.757178843021
138251,0.649312734604
138252,0.794066727161
138253,0.452899008989
138254,0.138931706548
138258,0.61494243145
138261,0.653704881668
138263,0.943481564522
138264,0.963611483574
138265,0.949113965034
138266,0.98130106926
138270,0.594881296158
138277,0.806403398514
138280,0.538374364376
138284,0.859668016434
138288,0.453993171453
138291,0.656241834164
138294,0.469154179096
138301,0.63941603899
138302,0.958387434483
138304,0.872018873692
138306,0.815769314766
138308,0.930056989193
138310,0.91676479578
138311,0.899995446205
138314,0.821058511734
138317,0.722637951374
138318,0.85655850172
138319,0.754380881786
138320,0.862888455391
138322,0.781572043896
138323,0.667946994305
138325,0.901555240154
138331,0.757202446461
138334,0.837127864361
138337,0.661650657654
138339,0.885763406754
138343,0.897648513317
138344,0.984512209892
138347,0.969508707523
138349,0.512575984001
138351,0.77604675293
138352,0.745257854462
138354,0.932350873947
138355,0.946565151215
138356,0.605958759785
138357,0.883026540279
138359,0.922191798687
138362,0.684490799904
138363,0.712460517883
138364,0.889737248421
138368,0.702930748463
138369,0.93816113472
138370,0.915995121002
138371,0.969386875629
138372,0.908291697502
138374,0.533752262592
138378,0.905812501907
138380,0.844110310078
138381,0.770321190357
138382,0.879082679749
138386,0.600032508373
138388,0.68891787529
138389,0.986612796783
138390,0.938416659832
138391,0.663540065289
138393,0.746563673019
138395,0.841750085354
138397,0.0895369201899
138398,0.748377203941
138399,0.897898793221
138402,0.859308481216
138405,0.967882514
138406,0.352778166533
138408,0.960353910923
138411,0.851612269878
138412,0.538557291031
138416,0.308871775866
138418,0.846119761467
138422,0.948606491089
138424,0.86808514595
138426,0.981438815594
138428,0.913401782513
138429,0.325362205505
138430,0.923623383045
138432,0.635331273079
138433,0.901390612125
138434,0.971982240677
138435,0.938353061676
138436,0.66931194067
138437,0.98413002491
138439,0.967139899731
138440,0.89983600378
138441,0.933534860611
138445,0.918139457703
138447,0.75662535429
138448,0.771204650402
138450,0.526975989342
138451,0.984168350697
138461,0.982112288475
138463,0.752327024937
138464,0.716927945614
138466,0.53659427166
138467,0.932803928852
138469,0.907251477242
138470,0.685049533844
138471,0.913562238216
138472,0.572034657001
138473,0.216226160526
138477,0.810630202293
138478,0.814001619816
138482,0.518588423729
138483,0.807984471321
138484,0.702046632767
138485,0.849687516689
138487,0.735487163067
138488,0.801721394062
138489,0.725292086601
138492,0.970388770103
138494,0.914345502853
138495,0.553045809269
138496,0.598729908466
138499,0.781477332115
138501,0.988384962082
138503,0.949545741081
138504,0.931670069695
138508,0.593055963516
138510,0.925911605358
138511,0.914161384106
138512,0.725555539131
138513,0.773949503899
138515,0.741556107998
138516,0.732499063015
138518,0.950247824192
138520,0.60916864872
138521,0.919087290764
138523,0.779778957367
138525,0.698089241982
138528,0.932499706745
138529,0.856416225433
138530,0.973585784435
138531,0.472946256399
138532,0.641007959843
138533,0.939469397068
138534,0.900902152061
138537,0.821711838245
138544,0.71865272522
138548,0.84038567543
138549,0.566627860069
138550,0.96694034338
138553,0.950296700001
138557,0.619736194611
138559,0.721843123436
138560,0.47329390049
138561,0.666623950005
138562,0.781341910362
138565,0.922455370426
138567,0.715247750282
138569,0.509534716606
138570,0.883177757263
138572,0.915857791901
138573,0.814326941967
138574,0.715398848057
138577,0.975750863552
138579,0.918444156647
138580,0.494122862816
138581,0.877575755119
138582,0.978305757046
138585,0.821034669876
138587,0.565442144871
138588,0.459535449743
138590,0.692941904068
138591,0.989994466305
138593,0.76349902153
138596,0.739223539829
138598,0.944767832756
138599,0.680517196655
138600,0.960350215435
138604,0.294174164534
138605,0.976557433605
138609,0.764419436455
138610,0.588852345943
138611,0.9564011693
138614,0.651803016663
138617,0.691949427128
138619,0.969158291817
138622,0.893851220608
138623,0.761139571667
138624,0.544859647751
138625,0.528608560562
138626,0.818740963936
138629,0.71776920557
138630,0.968019366264
138636,0.683504998684
138637,0.882822334766
138641,0.864816248417
138644,0.541913807392
138647,0.866182327271
138649,0.913435280323
138653,0.985281527042
138655,0.6318115592
138661,0.835603117943
138665,0.680829882622
138667,0.965089917183
138669,0.600977540016
138671,0.637088239193
138673,0.892485439777
138675,0.838980019093
138676,0.979860603809
138678,0.618058919907
138679,0.679867982864
138680,0.106550723314
138681,0.935324370861
138687,0.909734368324
138688,0.969356000423
138691,0.894326031208
138693,0.812008082867
138694,0.0492678023875
138696,0.552281796932
138697,0.288998663425
138700,0.838921427727
138702,0.494274884462
138706,0.174141213298
138707,0.388086378574
138709,0.893121123314
138710,0.665231823921
138711,0.6858907938
138712,0.699954628944
138713,0.975452065468
138714,0.779100060463
138715,0.746939718723
138717,0.664800703526
138718,0.946848392487
138720,0.715374171734
138722,0.269342511892
138723,0.97602045536
138724,0.936772048473
138725,0.75422680378
138732,0.787177860737
138734,0.658983945847
138737,0.786742031574
138738,0.690588414669
138740,0.770456254482
138741,0.927627623081
138744,0.675896942616
138752,0.707464754581
138753,0.978920400143
138754,0.866388320923
138755,0.089267551899
138756,0.796705126762
138757,0.655479133129
138758,0.796219825745
138759,0.49777135253
138762,0.751163303852
138765,0.870416998863
138766,0.617004930973
138767,0.892206370831
138771,0.973615825176
138772,0.851557612419
138774,0.851620972157
138776,0.986912369728
138778,0.852728903294
138780,0.947830379009
138782,0.884685397148
138784,0.907330513
138790,0.515224933624
138793,0.720970332623
138794,0.813397228718
138795,0.541545152664
138797,0.700717806816
138799,0.835500359535
138800,0.852970838547
138801,0.875652372837
138802,0.900077223778
138804,0.7171484828
138805,0.768244504929
138806,0.6257391572
138807,0.8509567976
138808,0.815398454666
138809,0.805676758289
138810,0.655095815659
138814,0.976624429226
138821,0.916496574879
138822,0.965640068054
138825,0.856557905674
138830,0.610315620899
138831,0.602768957615
138833,0.721299529076
138836,0.718132257462
138837,0.479917913675
138838,0.880732119083
138842,0.980973660946
138843,0.727525115013
138844,0.580185055733
138845,0.929523646832
138846,0.901001989841
138848,0.331490457058
138852,0.735451877117
138853,0.890800595284
138855,0.698037207127
138860,0.920621275902
138862,0.322104245424
138865,0.848262488842
138866,0.925711393356
138869,0.837113916874
138870,0.831949949265
138872,0.611307919025
138873,0.940182387829
138875,0.850153744221
138880,0.500338554382
138883,0.735331356525
138889,0.838317096233
138891,0.840665876865
138893,0.328164339066
138894,0.805680453777
138895,0.988027453423
138896,0.542119681835
138900,0.718073427677
138902,0.977767527103
138903,0.162419945002
138904,0.852981507778
138907,0.663206875324
138908,0.835560679436
138909,0.420632064342
138912,0.844811499119
138913,0.346280813217
138914,0.955694019794
138918,0.971315264702
138919,0.976178109646
138920,0.915108978748
138921,0.567514419556
138922,0.893491268158
138926,0.509166419506
138928,0.557562291622
138929,0.982912540436
138931,0.928907513618
138933,0.84787350893
138938,0.781947016716
138939,0.888017892838
138940,0.655948162079
138941,0.955364644527
138945,0.981576621532
138947,0.847511410713
138951,0.89256054163
138953,0.899139165878
138959,0.839935779572
138961,0.881292104721
138963,0.923961639404
138968,0.927154541016
138974,0.357880473137
138975,0.59882825613
138977,0.917199075222
138979,0.657285630703
138980,0.786973595619
138981,0.957241415977
138982,0.975951910019
138983,0.940756678581
138985,0.794956743717
138988,0.957962691784
138989,0.889288365841
138995,0.900929749012
138996,0.821060061455
139000,0.988324284554
139001,0.446761578321
139003,0.905729949474
139005,0.789254546165
139006,0.614416539669
139010,0.804691016674
139011,0.850422263145
139012,0.828083455563
139013,0.562356233597
139014,0.818893790245
139015,0.919942378998
139019,0.857230186462
139020,0.994129776955
139021,0.838986754417
139022,0.374933421612
139025,0.847623467445
139029,0.56975120306
139030,0.762096643448
139032,0.572157084942
139035,0.870485901833
139037,0.866712808609
139038,0.951194405556
139040,0.786305844784
139041,0.68210875988
139042,0.861634373665
139043,0.651668012142
139045,0.48620185256
139047,0.813248991966
139048,0.462089091539
139052,0.753215551376
139053,0.702474296093
139054,0.832360565662
139056,0.904618680477
139058,0.862899363041
139059,0.738247931004
139061,0.65007185936
139063,0.739207327366
139067,0.942688167095
139070,0.722433686256
139071,0.808238506317
139074,0.72104537487
139082,0.853035151958
139085,0.876926064491
139088,0.835415780544
139089,0.93189817667
139091,0.969519197941
139094,0.815244555473
139095,0.675089716911
139099,0.944014072418
139100,0.550600528717
139102,0.710847735405
139103,0.428511112928
139105,0.546452045441
139106,0.654758393764
139108,0.521576344967
139109,0.86007297039
139110,0.505418896675
139114,0.314827442169
139115,0.987473964691
139117,0.882269501686
139118,0.761992931366
139120,0.883409380913
139122,0.908992886543
139126,0.750080049038
139127,0.948509097099
139129,0.810452342033
139130,0.778447270393
139132,0.662486851215
139133,0.986321508884
139134,0.683425307274
139135,0.399138301611
139136,0.622903823853
139140,0.755132734776
139142,0.906434297562
139153,0.377793341875
139156,0.950140297413
139157,0.82293343544
139159,0.716415941715
139160,0.984856724739
139164,0.961712896824
139166,0.916056215763
139169,0.399863570929
139172,0.658268690109
139175,0.651995241642
139176,0.8968744874
139183,0.967691063881
139184,0.819353222847
139185,0.975081682205
139186,0.916697800159
139187,0.776057004929
139188,0.775768339634
139189,0.520524740219
139190,0.465823322535
139194,0.809770047665
139196,0.563478887081
139198,0.902840971947
139199,0.736845970154
139201,0.865024387836
139206,0.576872467995
139207,0.897349476814
139208,0.753124296665
139209,0.968476474285
139210,0.859132289886
139212,0.908713042736
139213,0.590961635113
139214,0.393365830183
139215,0.953906297684
139219,0.410172641277
139221,0.982254683971
139222,0.730675399303
139224,0.29066991806
139225,0.811649441719
139228,0.783589065075
139230,0.700908958912
139231,0.690638363361
139232,0.542061209679
139234,0.972245693207
139235,0.903691649437
139240,0.935110926628
139241,0.544632554054
139243,0.854906439781
139245,0.344412446022
139246,0.638976454735
139248,0.420385360718
139249,0.657056748867
139250,0.960030913353
139251,0.572287917137
139255,0.792620956898
139256,0.944937586784
139259,0.714920341969
139260,0.878017365932
139261,0.69674885273
139262,0.864107608795
139264,0.979189276695
139265,0.704631090164
139266,0.68868291378
139267,0.822340905666
139268,0.773228526115
139269,0.883705496788
139271,0.76111972332
139272,0.97667568922
139273,0.911176681519
139274,0.974156558514
139278,0.841023802757
139281,0.739297866821
139283,0.839913547039
139284,0.835528194904
139287,0.91001021862
139288,0.64793074131
139292,0.468322098255
139296,0.755930960178
139297,0.733207702637
139298,0.60197776556
139306,0.823097109795
139309,0.962873637676
139310,0.905606508255
139311,0.851527631283
139313,0.82916110754
139317,0.992041766644
139318,0.60075211525
139319,0.752468109131
139320,0.897044420242
139322,0.937342524529
139324,0.965868234634
139328,0.753670573235
139329,0.803124904633
139330,0.763635933399
139331,0.975842654705
139338,0.399373173714
139341,0.756622374058
139342,0.981964886189
139343,0.786557197571
139347,0.923917293549
139357,0.454141318798
139358,0.965473592281
139360,0.901291429996
139362,0.59121632576
139363,0.910859405994
139365,0.804304361343
139371,0.902060627937
139372,0.776313364506
139373,0.876457214355
139374,0.91734290123
139375,0.862541377544
139376,0.3999119699
139377,0.942181646824
139378,0.111542358994
139379,0.762903571129
139381,0.806482076645
139383,0.990866363049
139384,0.771160185337
139387,0.781537234783
139388,0.776442885399
139392,0.95860940218
139393,0.916054308414
139394,0.460825115442
139395,0.297588378191
139397,0.306503802538
139401,0.343830138445
139403,0.742373347282
139407,0.833901405334
139411,0.517405152321
139415,0.912503778934
139417,0.738689005375
139420,0.681017279625
139422,0.596575438976
139428,0.911963045597
139430,0.955798864365
139432,0.910447359085
139433,0.217389345169
139436,0.986805796623
139437,0.967435479164
139438,0.603578448296
139439,0.278115689754
139440,0.479793399572
139443,0.698133468628
139445,0.761511445045
139446,0.853470623493
139447,0.493061900139
139450,0.860082447529
139451,0.962682366371
139452,0.526877522469
139457,0.971214413643
139459,0.990801155567
139461,0.805050849915
139465,0.908090353012
139466,0.969976246357
139467,0.841363012791
139469,0.848697006702
139470,0.764330625534
139473,0.808138132095
139477,0.352454930544
139488,0.743209838867
139489,0.822816431522
139494,0.749518096447
139495,0.753411769867
139500,0.912514507771
139501,0.840445876122
139502,0.960836946964
139504,0.984447360039
139505,0.46530148387
139506,0.974092960358
139508,0.845866084099
139512,0.605862557888
139513,0.909104168415
139517,0.974099636078
139518,0.479266107082
139523,0.776978850365
139529,0.795880675316
139530,0.925419867039
139536,0.628752827644
139539,0.786537051201
139540,0.755955755711
139541,0.950638592243
139542,0.942002356052
139543,0.25108602643
139544,0.490458548069
139549,0.968285501003
139554,0.696832597256
139556,0.746574878693
139557,0.912332713604
139558,0.891072690487
139559,0.522714018822
139560,0.945790529251
139561,0.733754813671
139562,0.914426267147
139564,0.98501855135
139568,0.783004403114
139569,0.488047868013
139570,0.970842242241
139571,0.812531113625
139575,0.353182762861
139577,0.976776242256
139578,0.969565033913
139580,0.752694666386
139581,0.780223727226
139583,0.745162010193
139592,0.767048895359
139593,0.853065729141
139594,0.939083218575
139595,0.670329809189
139596,0.682077765465
139598,0.72229206562
139599,0.912435412407
139600,0.273390948772
139603,0.656248629093
139605,0.416431844234
139611,0.940065741539
139612,0.907273113728
139613,0.970222949982
139617,0.76750856638
139620,0.73683911562
139622,0.688173413277
139623,0.767276227474
139626,0.867208838463
139629,0.854130327702
139631,0.954587340355
139634,0.918150007725
139635,0.524318218231
139636,0.757139325142
139638,0.376824229956
139641,0.86409842968
139642,0.794579982758
139643,0.932142436504
139647,0.779910564423
139649,0.761566221714
139652,0.661373436451
139656,0.602578878403
139658,0.884172916412
139662,0.737446308136
139664,0.711848497391
139667,0.491564303637
139668,0.599012494087
139670,0.892248988152
139671,0.796981573105
139673,0.949104964733
139674,0.869873821735
139675,0.768879115582
139679,0.94543325901
139680,0.904797077179
139681,0.946246862411
139684,0.98420715332
139685,0.564387977123
139687,0.704660475254
139688,0.0341732278466
139689,0.799585223198
139694,0.448643565178
139696,0.395416766405
139697,0.810473799706
139700,0.639641046524
139703,0.827957212925
139705,0.909827411175
139706,0.506876826286
139707,0.809665083885
139708,0.744939744473
139713,0.670605778694
139721,0.815354287624
139722,0.683672785759
139723,0.815897464752
139725,0.785458028316
139727,0.612488508224
139728,0.782665491104
139734,0.461090683937
139736,0.926381230354
139737,0.98640280962
139738,0.680174231529
139739,0.749550580978
139742,0.856835663319
139744,0.815092623234
139746,0.667090237141
139748,0.461675316095
139753,0.690163493156
139755,0.714288055897
139756,0.880031108856
139759,0.422020435333
139761,0.965514063835
139762,0.778790771961
139763,0.981639921665
139766,0.858720362186
139769,0.627370834351
139773,0.550230801105
139775,0.917164564133
139778,0.973339736462
139781,0.96623647213
139782,0.984994590282
139788,0.898506522179
139793,0.77681261301
139798,0.583687067032
139799,0.934673607349
139801,0.97967851162
139803,0.405485272408
139805,0.880379319191
139807,0.693797707558
139808,0.884485960007
139809,0.897110998631
139810,0.780916571617
139814,0.904569149017
139815,0.898506999016
139816,0.938349723816
139818,0.211722135544
139819,0.840832293034
139820,0.272072732449
139821,0.843561112881
139822,0.798955619335
139824,0.77059596777
139826,0.814895749092
139835,0.832016289234
139837,0.583606421947
139838,0.555502533913
139840,0.903516232967
139846,0.521210074425
139849,0.281483262777
139850,0.650510668755
139851,0.81657576561
139854,0.92491954565
139855,0.275678128004
139858,0.991899371147
139860,0.972564041615
139862,0.899778187275
139864,0.824214696884
139865,0.87581294775
139866,0.898243486881
139867,0.848351120949
139868,0.804628968239
139869,0.371246397495
139870,0.89809191227
139871,0.726809799671
139872,0.990479886532
139874,0.934388697147
139877,0.960123896599
139883,0.965439677238
139885,0.95021033287
139888,0.772041678429
139889,0.841225087643
139891,0.346028655767
139893,0.935151696205
139895,0.884364008904
139897,0.853661835194
139898,0.901166856289
139899,0.745820403099
139902,0.922295212746
139903,0.991360247135
139904,0.78146648407
139905,0.97912222147
139908,0.559535384178
139910,0.295261025429
139911,0.431862384081
139912,0.493550658226
139914,0.80709528923
139915,0.723718225956
139917,0.782233655453
139918,0.702297270298
139919,0.908025562763
139920,0.271919459105
139921,0.886990487576
139926,0.523223817348
139930,0.933955311775
139931,0.689880788326
139933,0.965196192265
139934,0.96513646841
139937,0.74089205265
139938,0.835139751434
139939,0.855895161629
139942,0.940487623215
139944,0.752563714981
139945,0.973126113415
139946,0.776598989964
139947,0.97283655405
139948,0.969914138317
139950,0.816642105579
139953,0.951808810234
139954,0.983181774616
139955,0.859819412231
139956,0.972622096539
139965,0.922309339046
139968,0.554410934448
139969,0.872388005257
139970,0.962619721889
139971,0.827014088631
139977,0.686636924744
139978,0.974223852158
139979,0.821973860264
139983,0.361073166132
139984,0.598208546638
139985,0.942058384418
139988,0.852709829807
139989,0.54779112339
139991,0.86955332756
139993,0.911387562752
139994,0.939195513725
139995,0.706013977528
139996,0.785353541374
139997,0.9162966609
139999,0.950776815414
140000,0.746555089951
140003,0.948153853416
140004,0.824573278427
140005,0.793057203293
140007,0.839505016804
140008,0.896342217922
140010,0.963169813156
140011,0.720648705959
140014,0.937247514725
140018,0.855119347572
140019,0.76379108429
140020,0.950271248817
140024,0.810415863991
140025,0.475030869246
140029,0.932563483715
140032,0.960480928421
140033,0.986282408237
140035,0.703700065613
140036,0.539290368557
140037,0.967728018761
140038,0.977520287037
140040,0.881249248981
140045,0.852921366692
140048,0.754086792469
140051,0.788134098053
140052,0.875547945499
140054,0.819629192352
140057,0.0709534883499
140061,0.75979501009
140062,0.735427320004
140063,0.662026166916
140067,0.780214369297
140069,0.948086977005
140070,0.883451163769
140072,0.834447264671
140075,0.976813554764
140078,0.888558804989
140082,0.808052837849
140083,0.856371879578
140089,0.541017234325
140092,0.861997306347
140093,0.712113142014
140095,0.927968084812
140097,0.949229419231
140099,0.901112914085
140101,0.814778089523
140102,0.735901474953
140106,0.718867301941
140110,0.668798565865
140114,0.830291032791
140116,0.831924200058
140117,0.970437347889
140118,0.72367310524
140124,0.972527980804
140125,0.342172980309
140127,0.46324801445
140128,0.293076872826
140129,0.657052516937
140134,0.963147222996
140136,0.731660664082
140140,0.84784591198
140143,0.924523115158
140144,0.836943686008
140145,0.582607805729
140147,0.726202726364
140150,0.930238485336
140151,0.934667050838
140152,0.96569699049
140154,0.923354804516
140155,0.955953240395
140156,0.220823138952
140157,0.950341165066
140158,0.833764672279
140160,0.712574541569
140161,0.840293645859
140163,0.622928738594
140167,0.976878404617
140169,0.597243607044
140170,0.624350667
140171,0.600868761539
140172,0.865670621395
140179,0.455770075321
140184,0.921707570553
140185,0.974710404873
140187,0.90573489666
140189,0.736017525196
140191,0.757563471794
140192,0.959669232368
140193,0.832115590572
140194,0.187949955463
140196,0.807860195637
140198,0.382181465626
140200,0.701345384121
140201,0.980762422085
140203,0.960797071457
140205,0.979077279568
140210,0.842733860016
140211,0.725247323513
140213,0.952287018299
140214,0.970139026642
140215,0.89853310585
140216,0.556964933872
140224,0.830951392651
140225,0.933628082275
140227,0.841654479504
140229,0.987499654293
140231,0.67492967844
140232,0.841664731503
140236,0.741844117641
140238,0.718203604221
140239,0.883966267109
140241,0.970463514328
140243,0.904301702976
140244,0.786363780499
140246,0.537309110165
140247,0.84212064743
140248,0.948013007641
140250,0.813527941704
140251,0.670386731625
140255,0.863079845905
140259,0.755214512348
140265,0.816868424416
140266,0.636395454407
140267,0.933389246464
140268,0.797050774097
140269,0.730584025383
140270,0.990103244781
140271,0.766505122185
140272,0.896047532558
140275,0.42421245575
140276,0.60376560688
140277,0.575235068798
140278,0.965391814709
140279,0.861496806145
140281,0.829962134361
140282,0.698750138283
140284,0.713725447655
140287,0.76886588335
140288,0.869676947594
140291,0.901515603065
140292,0.843964099884
140295,0.142135068774
140299,0.883395016193
140300,0.919809341431
140301,0.535468101501
140302,0.837042152882
140308,0.876036643982
140309,0.920748412609
140310,0.620604634285
140311,0.924747943878
140312,0.97988063097
140313,0.897071897984
140316,0.967426896095
140317,0.787972927094
140318,0.965455472469
140319,0.976130545139
140320,0.71566182375
140321,0.661719918251
140322,0.978306233883
140323,0.700233578682
140325,0.822014689445
140328,0.713690578938
140333,0.888536453247
140334,0.979486107826
140336,0.746615171432
140337,0.632366061211
140338,0.96300393343
140341,0.93793541193
140342,0.493861973286
140343,0.927933514118
140346,0.59032613039
140348,0.676039278507
140352,0.979277431965
140354,0.526480913162
140355,0.786840856075
140357,0.555293083191
140359,0.956792771816
140360,0.696137607098
140363,0.97368311882
140366,0.721184074879
140368,0.606667339802
140369,0.988184809685
140374,0.510455608368
140375,0.618818223476
140376,0.848263561726
140377,0.723193287849
140378,0.743762552738
140379,0.846829712391
140380,0.977981388569
140382,0.887328803539
140383,0.775372803211
140386,0.703368902206
140387,0.77439314127
140388,0.956505835056
140393,0.810738146305
140395,0.924340248108
140398,0.895537793636
140399,0.35880741477
140400,0.94473361969
140402,0.884596765041
140406,0.735606253147
140409,0.743327975273
140410,0.861238718033
140412,0.897633075714
140413,0.979220747948
140419,0.732974648476
140426,0.89912712574
140428,0.932937383652
140429,0.97378462553
140432,0.947108387947
140434,0.725634276867
140435,0.873284637928
140436,0.519951939583
140437,0.963018298149
140438,0.854852199554
140439,0.842470347881
140440,0.778124332428
140441,0.84107619524
140443,0.375443249941
140444,0.688847661018
140447,0.982829391956
140448,0.688248753548
140449,0.411218464375
140451,0.942864954472
140453,0.657276391983
140454,0.643764197826
140456,0.745313107967
140457,0.922460734844
140460,0.0706578344107
140462,0.418747425079
140465,0.947771191597
140468,0.916023433208
140472,0.8414016366
140474,0.947122693062
140477,0.377606540918
140478,0.851265072823
140479,0.6075694561
140482,0.0735475495458
140484,0.749764621258
140485,0.974080741405
140486,0.620774507523
140488,0.932920336723
140491,0.761435747147
140494,0.558738946915
140495,0.749688088894
140496,0.972879290581
140497,0.550900399685
140504,0.984970629215
140506,0.986281335354
140510,0.818799257278
140511,0.873768210411
140512,0.871405899525
140514,0.916741073132
140515,0.770725369453
140516,0.918082296848
140517,0.903759181499
140519,0.336602717638
140521,0.398182123899
140522,0.902076900005
140524,0.818154036999
140525,0.722643435001
140527,0.959492862225
140528,0.961812436581
140529,0.719318509102
140532,0.924726963043
140533,0.553482890129
140534,0.458151191473
140538,0.858021736145
140542,0.928663611412
140543,0.636878073215
140546,0.98036557436
140554,0.883640050888
140555,0.827849328518
140556,0.631884634495
140557,0.742725372314
140559,0.807780265808
140560,0.981570005417
140561,0.922868609428
140563,0.700630903244
140565,0.8989995718
140567,0.936979532242
140568,0.897885739803
140571,0.759305477142
140574,0.943485081196
140576,0.905510365963
140579,0.76887601614
140581,0.790136039257
140582,0.576093971729
140583,0.820568740368
140585,0.889387071133
140587,0.858495891094
140588,0.669888138771
140589,0.934438109398
140591,0.924088180065
140592,0.783098459244
140593,0.849125564098
140594,0.648628175259
140598,0.94905102253
140599,0.917443096638
140600,0.76943051815
140601,0.880516290665
140603,0.872428178787
140606,0.895739734173
140608,0.881804704666
140609,0.95837110281
140610,0.876866817474
140612,0.736258864403
140613,0.887212455273
140617,0.765514016151
140628,0.962408661842
140629,0.985718011856
140631,0.57181763649
140634,0.810792446136
140641,0.567086338997
140642,0.807622134686
140643,0.535224318504
140644,0.981538295746
140646,0.974298775196
140651,0.843433380127
140652,0.613651752472
140653,0.539089918137
140657,0.872952997684
140658,0.978918969631
140659,0.834401071072
140660,0.799073159695
140661,0.916015982628
140662,0.820604383945
140663,0.896139621735
140665,0.645270586014
140666,0.612795352936
140667,0.928057730198
140672,0.870364248753
140676,0.968170523643
140678,0.890146434307
140680,0.840728878975
140682,0.82293432951
140684,0.569745123386
140685,0.759380221367
140688,0.793153524399
140690,0.765000939369
140692,0.598121464252
140695,0.924377143383
140696,0.864286899567
140698,0.9676181674
140701,0.801500380039
140702,0.593481123447
140703,0.988932847977
140704,0.9656919837
140707,0.96595788002
140708,0.904295623302
140713,0.839385807514
140714,0.37717089057
140715,0.837964355946
140717,0.943507909775
140718,0.77182328701
140719,0.97489386797
140721,0.982893526554
140724,0.77314478159
140725,0.590442478657
140726,0.91839069128
140728,0.933169960976
140732,0.954783797264
140733,0.9723508358
140735,0.798268318176
140736,0.715556740761
140740,0.482160866261
140741,0.930748462677
140742,0.921535730362
140747,0.984502017498
140748,0.768923640251
140750,0.978697478771
140753,0.791352033615
140754,0.720449984074
140755,0.704941391945
140756,0.78362095356
140759,0.703555285931
140763,0.707283198833
140764,0.767718315125
140766,0.985403060913
140767,0.98703545332
140772,0.968129634857
140773,0.947798073292
140775,0.483174711466
140777,0.629614114761
140780,0.865611851215
140781,0.942141771317
140782,0.983533322811
140784,0.422938942909
140787,0.623128116131
140788,0.822645008564
140789,0.980200409889
140790,0.963438928127
140792,0.579192996025
140794,0.924840033054
140795,0.971210896969
140797,0.860345363617
140800,0.727675795555
140801,0.370870858431
140803,0.851518511772
140804,0.817354857922
140805,0.754909574986
140808,0.830353915691
140812,0.718648672104
140813,0.766295790672
140820,0.849155187607
140821,0.796599626541
140822,0.348092764616
140823,0.945903837681
140826,0.860119044781
140827,0.958917558193
140828,0.95655310154
140829,0.842415690422
140830,0.695356786251
140834,0.882872879505
140841,0.476926773787
140842,0.774726331234
140845,0.931358277798
140849,0.921602129936
140854,0.582760930061
140856,0.734376251698
140858,0.503118813038
140860,0.795286595821
140861,0.173110663891
140863,0.981958091259
140864,0.676588118076
140867,0.898221850395
140870,0.871357381344
140874,0.803153276443
140876,0.760126173496
140878,0.763291299343
140881,0.826671421528
140882,0.494741082191
140883,0.973049461842
140885,0.56008207798
140886,0.877472281456
140887,0.936610341072
140888,0.956781983376
140889,0.644760429859
140890,0.88889414072
140891,0.737315952778
140892,0.948807477951
140893,0.490430802107
140897,0.843511402607
140899,0.928187727928
140903,0.772397041321
140906,0.86095303297
140907,0.930410087109
140910,0.0599010065198
140911,0.762110650539
140912,0.893581688404
140913,0.974743783474
140919,0.116369754076
140922,0.947506785393
140923,0.934611976147
140926,0.767878115177
140927,0.950274586678
140928,0.848515570164
140930,0.768102705479
140931,0.843080997467
140934,0.538734734058
140937,0.5731164217
140938,0.870025753975
140939,0.714032530785
140940,0.572956502438
140941,0.889931559563
140942,0.811050653458
140943,0.979514122009
140948,0.700311601162
140950,0.885778427124
140952,0.676144003868
140954,0.871102571487
140955,0.979457974434
140956,0.983683943748
140958,0.865230679512
140959,0.972614765167
140961,0.580789625645
140963,0.895584702492
140966,0.983503818512
140968,0.645712733269
140971,0.987963676453
140972,0.902119517326
140976,0.96275806427
140984,0.962395846844
140986,0.899875581264
140988,0.364637225866
140990,0.813403069973
140991,0.834791839123
140992,0.727060317993
140996,0.898406863213
141000,0.89946013689
141002,0.661043763161
141005,0.725378394127
141007,0.824143886566
141009,0.842401564121
141010,0.66680753231
141012,0.957635343075
141013,0.735666513443
141014,0.573181450367
141015,0.381240338087
141018,0.967410266399
141019,0.861928343773
141022,0.887254297733
141025,0.382476240396
141026,0.830890715122
141032,0.942243874073
141034,0.888290047646
141035,0.77335357666
141038,0.912416934967
141040,0.566257536411
141041,0.586763501167
141043,0.870515882969
141044,0.944381773472
141046,0.736000418663
141047,0.948817789555
141050,0.932104110718
141052,0.79838180542
141053,0.677851974964
141054,0.950330615044
141056,0.48284393549
141059,0.782339930534
141069,0.447533726692
141071,0.724237322807
141072,0.847151279449
141074,0.874159097672
141077,0.828392386436
141079,0.766599595547
141080,0.981146931648
141084,0.0604316815734
141086,0.714784741402
141088,0.568627536297
141089,0.814132809639
141096,0.730432093143
141099,0.958032488823
141102,0.879333913326
141103,0.863602221012
141104,0.596729338169
141105,0.475167781115
141107,0.414893209934
141108,0.934187114239
141111,0.905028998852
141112,0.937257230282
141113,0.949603378773
141115,0.963113188744
141116,0.362947106361
141119,0.987951934338
141120,0.872556686401
141121,0.975400269032
141122,0.883563578129
141123,0.71875423193
141124,0.585324764252
141125,0.537458300591
141128,0.913557350636
141129,0.947693884373
141132,0.841426968575
141133,0.841465711594
141135,0.42252177
141139,0.866877436638
141140,0.587530434132
141141,0.780379056931
141143,0.45201292634
141145,0.719173014164
141146,0.837664425373
141147,0.722448468208
141149,0.679878652096
141150,0.816084861755
141151,0.531284749508
141152,0.912130832672
141158,0.911427855492
141161,0.965697348118
141162,0.943204939365
141163,0.992033779621
141168,0.910906612873
141169,0.981063067913
141172,0.943045854568
141173,0.82766097784
141174,0.885967075825
141181,0.70445805788
141184,0.99269837141
141185,0.738823056221
141186,0.896989762783
141188,0.979070901871
141192,0.891824007034
141193,0.921636760235
141194,0.803853690624
141195,0.92701870203
141196,0.966997563839
141197,0.959993898869
141199,0.371687591076
141200,0.930438995361
141203,0.484400629997
141207,0.692068874836
141208,0.947222590446
141212,0.97236764431
141215,0.903321385384
141216,0.86876642704
141217,0.60851418972
141218,0.919880747795
141221,0.839813292027
141222,0.852742254734
141223,0.821081101894
141225,0.950092077255
141228,0.890635848045
141229,0.568090677261
141231,0.776401877403
141232,0.616291284561
141233,0.823046147823
141234,0.940775036812
141235,0.96935069561
141237,0.919393539429
141239,0.497964948416
141240,0.845879852772
141242,0.902926385403
141244,0.831966102123
141245,0.908981323242
141246,0.605151772499
141247,0.608637630939
141251,0.856823444366
141252,0.638333261013
141253,0.981982946396
141261,0.572904169559
141263,0.799474656582
141264,0.783519327641
141265,0.509650051594
141266,0.884096026421
141268,0.514966785908
141270,0.87190079689
141271,0.953022420406
141273,0.588554978371
141274,0.910580873489
141279,0.671541154385
141281,0.69085675478
141282,0.54795563221
141284,0.618162214756
141285,0.879318058491
141289,0.86844933033
141294,0.954265058041
141295,0.192474320531
141301,0.8581828475
141303,0.71887999773
141304,0.631868124008
141307,0.830372393131
141310,0.825802385807
141311,0.536677718163
141312,0.897976577282
141313,0.984241306782
141315,0.813167929649
141317,0.237967133522
141320,0.843479335308
141322,0.912388563156
141324,0.825922906399
141326,0.930878102779
141327,0.688901185989
141329,0.888791441917
141330,0.73280531168
141331,0.867147147655
141332,0.711274623871
141333,0.609941840172
141334,0.781684219837
141335,0.637996554375
141336,0.985605061054
141339,0.653768360615
141342,0.737857043743
141349,0.601132750511
141350,0.853015482426
141351,0.672957837582
141353,0.877264559269
141355,0.956477701664
141356,0.822133123875
141360,0.961757898331
141361,0.629679143429
141363,0.543381750584
141364,0.876282513142
141368,0.843815863132
141369,0.637926876545
141370,0.648792386055
141371,0.530931472778
141373,0.951834619045
141374,0.807184696198
141377,0.75539457798
141378,0.555552005768
141381,0.750742077827
141383,0.93965536356
141384,0.96068495512
141385,0.427383095026
141389,0.769034028053
141390,0.90896242857
141391,0.826901972294
141393,0.871689140797
141396,0.417676329613
141397,0.946200013161
141399,0.927902698517
141400,0.977152526379
141401,0.894043982029
141402,0.732795774937
141405,0.897425711155
141408,0.97797191143
141409,0.790927112103
141411,0.755509376526
141415,0.435029506683
141416,0.5853048563
141417,0.778919458389
141418,0.744213759899
141420,0.507456243038
141422,0.743082046509
141423,0.929064691067
141424,0.88914591074
141425,0.543608725071
141426,0.747285723686
141427,0.939047515392
141430,0.922947406769
141431,0.781622648239
141433,0.705851197243
141435,0.855730473995
141438,0.964079022408
141439,0.894821763039
141442,0.798738121986
141444,0.898608386517
141446,0.987289726734
141450,0.850394010544
141451,0.778280198574
141453,0.512505888939
141454,0.743009746075
141455,0.391919225454
141456,0.919183254242
141457,0.895825624466
141458,0.956943392754
141462,0.391999661922
141467,0.519015073776
141469,0.693904995918
141470,0.969185292721
141476,0.908629655838
141477,0.284028559923
141478,0.679426550865
141479,0.940929353237
141482,0.910117745399
141487,0.881378769875
141490,0.109548971057
141492,0.785907626152
141493,0.993512690067
141494,0.746586740017
141496,0.982196450233
141497,0.936546623707
141501,0.969029903412
141505,0.954215884209
141512,0.893936276436
141513,0.826837480068
141514,0.225590646267
141516,0.934757769108
141519,0.75706577301
141520,0.906492292881
141521,0.82086032629
141522,0.974480092525
141525,0.531268894672
141527,0.770329117775
141528,0.98853290081
141531,0.735866844654
141532,0.743819952011
141534,0.916713833809
141536,0.77469933033
141540,0.775406301022
141542,0.989903450012
141543,0.76385653019
141547,0.964409470558
141548,0.932011663914
141549,0.729517936707
141552,0.899234592915
141553,0.479065537453
141554,0.888766467571
141555,0.126049429178
141557,0.883600711823
141558,0.803891539574
141559,0.691271364689
141560,0.881371557713
141561,0.593716740608
141562,0.812092125416
141563,0.87540692091
141564,0.676619589329
141567,0.808184981346
141569,0.570882976055
141570,0.844922959805
141571,0.957158505917
141572,0.760873377323
141573,0.771043300629
141576,0.942419826984
141577,0.951600849628
141579,0.737519443035
141580,0.303305000067
141581,0.891105234623
141582,0.812715828419
141583,0.876729726791
141584,0.884352326393
141586,0.802364885807
141587,0.789439618587
141589,0.863252103329
141590,0.736043810844
141591,0.485959470272
141595,0.721164107323
141597,0.952965676785
141600,0.738854169846
141602,0.753180623055
141603,0.893056929111
141604,0.864745378494
141606,0.721095025539
141608,0.739649891853
141611,0.364858418703
141613,0.974475443363
141617,0.885834395885
141618,0.709915101528
141622,0.983369827271
141623,0.232525840402
141628,0.82360547781
141632,0.630813837051
141633,0.921794652939
141634,0.908210754395
141635,0.898248136044
141637,0.566996514797
141638,0.955931544304
141640,0.963487863541
141642,0.869478106499
141646,0.969295740128
141647,0.863947868347
141649,0.245066478848
141651,0.953636705875
141652,0.672054231167
141653,0.900780141354
141654,0.925753593445
141656,0.908591866493
141657,0.746341586113
141658,0.695501625538
141659,0.942892372608
141660,0.859074413776
141669,0.979997515678
141670,0.880069792271
141673,0.283412873745
141674,0.764797389507
141676,0.797017395496
141680,0.247763559222
141683,0.968629539013
141684,0.357263714075
141687,0.913062095642
141688,0.681935191154
141690,0.805148184299
141691,0.358974933624
141692,0.866153359413
141693,0.953098654747
141697,0.817745864391
141698,0.755986094475
141699,0.9415782094
141700,0.615859568119
141706,0.674656510353
141708,0.891424357891
141710,0.791395902634
141713,0.762791991234
141716,0.966964662075
141723,0.870186388493
141724,0.42475938797
141725,0.759292721748
141726,0.604013323784
141727,0.92224240303
141729,0.883738994598
141730,0.805203318596
141731,0.812773048878
141732,0.527942478657
141733,0.46816778183
141735,0.950855851173
141738,0.818081021309
141740,0.938745975494
141741,0.88735640049
141742,0.589998245239
141745,0.774175226688
141746,0.601063072681
141747,0.971995651722
141748,0.948738574982
141749,0.907078623772
141750,0.947026669979
141752,0.449196249247
141753,0.845131933689
141759,0.936211526394
141763,0.956936955452
141764,0.882261991501
141765,0.925452113152
141770,0.781860053539
141773,0.640690565109
141775,0.856330275536
141780,0.704920113087
141781,0.882398724556
141783,0.59060382843
141786,0.718858838081
141787,0.828560948372
141791,0.619559049606
141793,0.815426290035
141794,0.590203464031
141796,0.966428041458
141798,0.962786316872
141801,0.8899294734
141802,0.928300321102
141806,0.853422999382
141807,0.885562181473
141810,0.821954369545
141813,0.870751023293
141815,0.925428509712
141816,0.805300831795
141817,0.659792125225
141825,0.877516567707
141826,0.985116839409
141830,0.567970991135
141831,0.719002723694
141834,0.666638076305
141835,0.954075098038
141836,0.945599734783
141838,0.80744934082
141839,0.714677453041
141840,0.937082111835
141841,0.798402369022
141842,0.642939329147
141843,0.956301510334
141848,0.986117184162
141849,0.920953214169
141851,0.970853567123
141852,0.985085964203
141853,0.941856265068
141856,0.962979495525
141860,0.382202982903
141863,0.685350596905
141864,0.836035251617
141866,0.986127257347
141867,0.817279875278
141869,0.924114942551
141870,0.80283510685
141875,0.628942251205
141878,0.924405872822
141881,0.971480429173
141882,0.770019233227
141885,0.0817042440176
141887,0.867292761803
141888,0.770890593529
141889,0.845896363258
141891,0.896270513535
141894,0.53228354454
141899,0.854053318501
141903,0.830320477486
141905,0.729201257229
141908,0.963552832603
141911,0.946259975433
141913,0.841027855873
141914,0.616245627403
141917,0.970592975616
141918,0.98867470026
141928,0.91540235281
141929,0.855856597424
141930,0.971490442753
141932,0.907569408417
141933,0.5847697258
141936,0.951078653336
141938,0.757228016853
141939,0.811652600765
141941,0.693160235882
141942,0.89545249939
141944,0.893100857735
141946,0.256052404642
141947,0.745099782944
141949,0.897610008717
141951,0.975897967815
141952,0.727233827114
141953,0.973605453968
141954,0.94933027029
141958,0.750478923321
141959,0.951111316681
141960,0.81361913681
141961,0.980301082134
141962,0.967243611813
141968,0.961968421936
141969,0.769954025745
141974,0.946257829666
141975,0.431498736143
141976,0.896950423717
141977,0.857404232025
141982,0.29812502861
141983,0.905250310898
141984,0.733722567558
141986,0.823517739773
141990,0.877919912338
141992,0.860943377018
141993,0.942187607288
141994,0.910666465759
141995,0.970225989819
141997,0.84634321928
141998,0.974631011486
141999,0.757244229317
142000,0.513592422009
142002,0.818701684475
142004,0.783066153526
142008,0.703482866287
142009,0.0849775746465
142010,0.824823200703
142014,0.757029533386
142015,0.656383275986
142016,0.888193547726
142018,0.786710381508
142019,0.43677225709
142022,0.740722894669
142023,0.281584262848
142025,0.838230192661
142027,0.965395152569
142028,0.864309430122
142029,0.750190675259
142030,0.958752393723
142031,0.833294153214
142033,0.653314113617
142035,0.0487539246678
142039,0.785302639008
142041,0.66071164608
142043,0.0324150212109
142045,0.95624768734
142052,0.554816544056
142053,0.919952690601
142054,0.959054708481
142055,0.856977403164
142056,0.424063205719
142057,0.80124348402
142058,0.530151188374
142059,0.828860163689
142060,0.621893823147
142062,0.854333043098
142063,0.979162335396
142066,0.669788599014
142069,0.844372272491
142070,0.893953084946
142071,0.88612139225
142074,0.544529676437
142077,0.0350794196129
142083,0.743245363235
142090,0.868156373501
142093,0.69865000248
142098,0.397743403912
142102,0.927703559399
142108,0.576460659504
142111,0.853662610054
142112,0.976718783379
142115,0.949075937271
142116,0.915953099728
142121,0.389198839664
142122,0.990949809551
142124,0.894345283508
142126,0.913160562515
142127,0.900395750999
142130,0.776650667191
142134,0.840535163879
142135,0.863398611546
142136,0.809236764908
142137,0.88939589262
142138,0.941804111004
142139,0.932796776295
142141,0.967050373554
142142,0.664340853691
142144,0.93089145422
142146,0.967862665653
142148,0.78182888031
142151,0.852760612965
142152,0.779604256153
142154,0.843568921089
142160,0.880854010582
142161,0.743795335293
142162,0.976390838623
142167,0.39950722456
142170,0.750052630901
142171,0.903286159039
142177,0.829256772995
142178,0.810471117496
142179,0.842517733574
142180,0.857528626919
142184,0.994860947132
142185,0.93349891901
142186,0.770152926445
142187,0.816278457642
142188,0.69595271349
142189,0.93921226263
142190,0.030491206795
142191,0.300143659115
142195,0.89458668232
142196,0.762687027454
142200,0.974852561951
142201,0.890000700951
142202,0.849449872971
142205,0.784200310707
142207,0.773950874805
142209,0.866068959236
142211,0.964284181595
142212,0.876085698605
142213,0.820344567299
142215,0.9030829072
142216,0.712832391262
142221,0.902184009552
142222,0.958907604218
142223,0.816546559334
142224,0.686739981174
142226,0.652616083622
142228,0.772403538227
142229,0.981416225433
142230,0.835338950157
142231,0.971137285233
142232,0.769473671913
142233,0.962547898293
142237,0.62868386507
142238,0.656362891197
142240,0.499905019999
142241,0.909090399742
142243,0.617168486118
142244,0.870778858662
142249,0.634676754475
142250,0.555842041969
142251,0.909132957458
142252,0.723403215408
142255,0.985337555408
142256,0.684994220734
142259,0.53908097744
142262,0.511066377163
142263,0.585134923458
142265,0.91429746151
142267,0.444457352161
142269,0.942859232426
142270,0.792212188244
142272,0.73624843359
142281,0.924446940422
142282,0.939597606659
142283,0.671797513962
142285,0.686812102795
142286,0.945637345314
142289,0.38571318984
142290,0.61468565464
142291,0.959574401379
142292,0.858376920223
142293,0.954038739204
142294,0.946696341038
142295,0.928923547268
142297,0.951348185539
142298,0.983107447624
142299,0.878974676132
142302,0.695575237274
142303,0.911122977734
142305,0.510144710541
142306,0.822571158409
142307,0.848153352737
142309,0.762877106667
142311,0.854766309261
142312,0.574046194553
142315,0.979660451412
142316,0.9397123456
142317,0.931727349758
142320,0.852197766304
142321,0.754047214985
142323,0.784126400948
142325,0.806096315384
142327,0.775445342064
142329,0.797982096672
142331,0.589601814747
142333,0.987242460251
142335,0.911180257797
142337,0.91990596056
142338,0.210828498006
142339,0.989228487015
142341,0.933682382107
142349,0.910320997238
142352,0.959683835506
142358,0.639595150948
142360,0.923371553421
142363,0.953349947929
142364,0.89497423172
142369,0.987431764603
142370,0.591991364956
142377,0.74889087677
142380,0.563650488853
142382,0.622257828712
142383,0.854170501232
142385,0.5579611063
142386,0.893101632595
142388,0.604361772537
142392,0.985390067101
142393,0.633071601391
142394,0.68881213665
142395,0.906461894512
142396,0.33171531558
142401,0.7909258008
142404,0.878501057625
142405,0.596616089344
142406,0.548032581806
142408,0.935827374458
142409,0.765198528767
142411,0.552621662617
142412,0.733175456524
142413,0.838679373264
142414,0.969577729702
142416,0.841136515141
142419,0.805707156658
142421,0.917041420937
142423,0.851797282696
142424,0.618077635765
142428,0.697713434696
142430,0.966829717159
142431,0.975434601307
142432,0.842559814453
142433,0.833400130272
142434,0.557662665844
142437,0.955382943153
142439,0.959373354912
142441,0.93559807539
142442,0.921378016472
142446,0.847766518593
142448,0.476366639137
142452,0.987923562527
142453,0.598620772362
142454,0.498327612877
142455,0.190753385425
142456,0.970227479935
142459,0.942226827145
142463,0.954945802689
142466,0.475032031536
142467,0.763295352459
142469,0.621311664581
142473,0.742731273174
142477,0.828988850117
142481,0.913352429867
142483,0.657073020935
142487,0.304793685675
142491,0.900982677937
142492,0.121010057628
142494,0.715678334236
142496,0.856959462166
142499,0.751248478889
142502,0.849405825138
142504,0.91706931591
142505,0.657405018806
142506,0.740543186665
142507,0.895052671432
142508,0.971951127052
142510,0.984966814518
142512,0.750106334686
142514,0.448070526123
142517,0.902958393097
142518,0.707804918289
142519,0.970474302769
142521,0.938960134983
142523,0.953381121159
142525,0.826088309288
142526,0.755666315556
142527,0.957826137543
142530,0.965828418732
142531,0.870284080505
142536,0.82129740715
142538,0.878174364567
142539,0.986059367657
142540,0.805876135826
142543,0.961968421936
142544,0.718821227551
142545,0.661547720432
142546,0.866928040981
142547,0.97374433279
142548,0.7404088974
142551,0.684454679489
142552,0.688284873962
142558,0.932835161686
142561,0.887103557587
142562,0.700479030609
142564,0.954862475395
142565,0.900632679462
142571,0.376938760281
142572,0.949927806854
142573,0.270624428988
142574,0.898809015751
142578,0.679723918438
142579,0.956580877304
142581,0.961818218231
142582,0.671116530895
142585,0.978548049927
142588,0.975382447243
142590,0.735266923904
142591,0.931749820709
142592,0.766720414162
142595,0.984026789665
142597,0.879077613354
142599,0.976650357246
142600,0.858843147755
142601,0.886444628239
142602,0.994946539402
142604,0.731521427631
142605,0.939209699631
142606,0.904305100441
142607,0.946258485317
142613,0.444481223822
142616,0.452432453632
142619,0.922422587872
142620,0.987776637077
142621,0.855947554111
142623,0.663608908653
142624,0.986601650715
142625,0.972979724407
142626,0.72268807888
142633,0.595851540565
142634,0.813636779785
142636,0.636056005955
142637,0.989114642143
142638,0.8346991539
142639,0.760305345058
142640,0.828109443188
142644,0.527179539204
142646,0.85262542963
142648,0.579338908195
142649,0.987958073616
142650,0.789983332157
142652,0.976982235909
142653,0.873911261559
142657,0.789927303791
142658,0.713693141937
142659,0.878759086132
142660,0.954976022243
142667,0.803307712078
142671,0.640473008156
142673,0.879531860352
142674,0.862458467484
142679,0.849173665047
142680,0.7711404562
142681,0.497445225716
142684,0.893282592297
142686,0.181358516216
142689,0.215813577175
142696,0.591803371906
142697,0.839702546597
142698,0.975696146488
142707,0.407770842314
142711,0.907817602158
142713,0.939684033394
142714,0.983022987843
142715,0.549787759781
142716,0.952041506767
142718,0.103878676891
142719,0.344060868025
142720,0.724538087845
142724,0.807816565037
142725,0.752887070179
142727,0.813171505928
142728,0.285169988871
142729,0.364524185658
142730,0.544450342655
142731,0.909206271172
142735,0.93313652277
142737,0.773041307926
142740,0.952211380005
142741,0.623758196831
142742,0.848810017109
142743,0.60744124651
142744,0.498889297247
142748,0.980552375317
142749,0.858635962009
142752,0.545067667961
142753,0.924113094807
142757,0.874841928482
142758,0.654867827892
142761,0.944585859776
142772,0.701925814152
142773,0.953547477722
142775,0.810175955296
142777,0.967562377453
142778,0.85327064991
142779,0.373633593321
142780,0.90589171648
142782,0.714731872082
142783,0.966784596443
142785,0.85642516613
142786,0.905560195446
142792,0.900303065777
142794,0.961365580559
142796,0.925429463387
142799,0.335701584816
142802,0.84581297636
142803,0.960140049458
142807,0.782062351704
142812,0.534678399563
142813,0.931494891644
142814,0.631591796875
142818,0.476857066154
142822,0.748607397079
142823,0.735780596733
142824,0.984976410866
142825,0.794203996658
142827,0.296498835087
142828,0.970653057098
142830,0.967580199242
142831,0.55944699049
142833,0.915181338787
142834,0.674905955791
142835,0.59837937355
142836,0.963438808918
142838,0.54348140955
142839,0.617439627647
142840,0.580909848213
142843,0.850011587143
142844,0.718094944954
142845,0.946393549442
142847,0.52960395813
142849,0.967369019985
142851,0.415558636189
142853,0.821861326694
142854,0.96943718195
142856,0.862178742886
142860,0.828367233276
142861,0.463933229446
142863,0.794332742691
142866,0.920931875706
142873,0.773062348366
142875,0.962741553783
142876,0.844089090824
142880,0.683837890625
142881,0.197655901313
142882,0.543410181999
142884,0.911657571793
142885,0.521108686924
142886,0.975782036781
142889,0.95209312439
142892,0.918059587479
142893,0.782912611961
142895,0.661651790142
142897,0.855523824692
142898,0.421815425158
142899,0.891966700554
142900,0.960985958576
142901,0.714812278748
142904,0.57152813673
142905,0.974959611893
142906,0.52561300993
142909,0.73900693655
142911,0.893271744251
142912,0.748852014542
142914,0.796057283878
142917,0.796339213848
142920,0.834614276886
142924,0.936968624592
142925,0.841451823711
142926,0.552118778229
142928,0.965413808823
142933,0.622740924358
142934,0.911631882191
142935,0.735696434975
142941,0.926981508732
142942,0.51891040802
142944,0.531001210213
142945,0.810596227646
142946,0.594464123249
142947,0.74930781126
142952,0.892491400242
142953,0.757053732872
142957,0.962006270885
142958,0.595007956028
142961,0.18635571003
142965,0.652301311493
142966,0.720364093781
142968,0.633632838726
142970,0.759854316711
142971,0.685668945312
142974,0.875754237175
142976,0.228655338287
142977,0.700817584991
142978,0.931423723698
142982,0.642198324203
142983,0.775478601456
142985,0.718360364437
142989,0.832550406456
142990,0.913537859917
142991,0.858673512936
142992,0.908856451511
142998,0.943990767002
143003,0.827854990959
143005,0.939801514149
143008,0.61404389143
143010,0.968011796474
143013,0.563820838928
143014,0.966875076294
143016,0.925500333309
143021,0.537674427032
143024,0.903858065605
143026,0.121039964259
143027,0.646207094193
143028,0.832354366779
143031,0.586554646492
143032,0.912577331066
143033,0.896253347397
143035,0.840305268764
143036,0.934416472912
143038,0.892453730106
143040,0.595366239548
143044,0.96788007021
143046,0.801648378372
143048,0.935875952244
143051,0.548095345497
143053,0.883861064911
143054,0.873029589653
143058,0.978804051876
143059,0.97129535675
143061,0.945925891399
143063,0.947379112244
143064,0.91272765398
143065,0.775849044323
143068,0.468470096588
143069,0.941929638386
143070,0.913613796234
143071,0.647357285023
143074,0.55627143383
143075,0.956679284573
143076,0.913817882538
143077,0.896013200283
143078,0.78959608078
143082,0.96201145649
143083,0.14430719614
143084,0.941073834896
143085,0.510025143623
143086,0.713738739491
143089,0.795941412449
143090,0.865552902222
143091,0.898235976696
143093,0.442069381475
143096,0.87809586525
143098,0.85044580698
143101,0.352322787046
143102,0.676494181156
143103,0.956562459469
143105,0.573794066906
143108,0.975810527802
143112,0.976682960987
143115,0.40696516633
143116,0.946400165558
143117,0.68645554781
143120,0.736486852169
143123,0.469525486231
143127,0.927417576313
143129,0.96125036478
143130,0.980285406113
143131,0.976453185081
143132,0.98141336441
143134,0.241851478815
143135,0.832928359509
143137,0.973149061203
143142,0.644871592522
143144,0.919550538063
143146,0.88323199749
143147,0.953012347221
143148,0.957226991653
143149,0.727412760258
143151,0.944189667702
143152,0.935712993145
143155,0.794693171978
143156,0.88364470005
143157,0.96232187748
143160,0.901112139225
143161,0.371921777725
143162,0.542569458485
143163,0.961574196815
143165,0.918987095356
143168,0.716498494148
143169,0.697517633438
143170,0.831896305084
143172,0.462710291147
143175,0.587002873421
143178,0.79072791338
143179,0.88713157177
143180,0.739064157009
143183,0.637152969837
143184,0.824209809303
143185,0.883409023285
143186,0.792744576931
143187,0.41735291481
143188,0.0745169743896
143190,0.917918145657
143192,0.776017189026
143193,0.819458067417
143195,0.854340970516
143197,0.697933495045
143198,0.961809039116
143200,0.546729326248
143202,0.958980619907
143205,0.909906983376
143210,0.752210736275
143216,0.633752584457
143217,0.236349314451
143218,0.508329927921
143222,0.762281239033
143224,0.80908703804
143225,0.728885769844
143228,0.981672346592
143230,0.445267856121
143233,0.775294840336
143235,0.70361405611
143236,0.932516276836
143237,0.933934092522
143238,0.858887910843
143243,0.76301074028
143245,0.806694984436
143248,0.541156947613
143250,0.988873839378
143251,0.888136386871
143253,0.887777984142
143254,0.862429618835
143256,0.956048130989
143259,0.928792715073
143260,0.887549579144
143261,0.690377235413
143263,0.728303849697
143264,0.962016105652
143265,0.45600938797
143266,0.987148106098
143268,0.970858633518
143269,0.954955816269
143271,0.897199034691
143275,0.950906693935
143276,0.836560487747
143278,0.623077452183
143279,0.613902747631
143280,0.90008020401
143284,0.891778767109
143285,0.91924238205
143289,0.724427521229
143290,0.731670498848
143291,0.922110021114
143292,0.881408512592
143294,0.692901134491
143299,0.887645721436
143301,0.843430161476
143303,0.592053294182
143305,0.621464729309
143306,0.935211002827
143307,0.917847454548
143308,0.87956404686
143309,0.201104238629
143311,0.797445714474
143312,0.462994366884
143315,0.919382750988
143317,0.915398061275
143319,0.943847298622
143320,0.817660331726
143321,0.933801651001
143322,0.804421186447
143329,0.718401908875
143330,0.610408127308
143331,0.790527045727
143332,0.815160632133
143335,0.937988042831
143336,0.0664266496897
143339,0.714787900448
143340,0.965037763119
143341,0.644887626171
143342,0.0483530275524
143345,0.97517812252
143348,0.607966959476
143350,0.0819521769881
143352,0.905607402325
143353,0.694561481476
143354,0.723712682724
143355,0.542408823967
143356,0.593856871128
143358,0.916316986084
143359,0.710089325905
143361,0.703755676746
143364,0.823452711105
143365,0.639711976051
143366,0.795339822769
143368,0.863227128983
143370,0.972230255604
143374,0.898719549179
143375,0.766544222832
143377,0.85420024395
143378,0.680746436119
143380,0.752271652222
143381,0.443473905325
143384,0.742078363895
143387,0.943786025047
143388,0.83006387949
143389,0.961171269417
143390,0.895935356617
143393,0.516303420067
143395,0.889692127705
143396,0.854637742043
143400,0.989768087864
143401,0.775536894798
143403,0.865834951401
143405,0.768023133278
143411,0.955706000328
143415,0.051713142544
143416,0.834645688534
143418,0.676773190498
143419,0.972250699997
143421,0.771838247776
143422,0.920404493809
143426,0.900978326797
143427,0.819549262524
143430,0.593822836876
143431,0.889553964138
143433,0.980625748634
143434,0.640896618366
143435,0.816700279713
143436,0.813527941704
143437,0.901690781116
143438,0.808468937874
143439,0.849773228168
143440,0.620255947113
143441,0.937955498695
143444,0.954740822315
143445,0.89352029562
143446,0.965394675732
143450,0.48008698225
143451,0.897467195988
143453,0.885731101036
143454,0.929879009724
143457,0.807872593403
143458,0.916427910328
143460,0.954356133938
143461,0.879256784916
143462,0.834071815014
143463,0.709574759007
143464,0.702780365944
143465,0.968693435192
143467,0.52020162344
143470,0.554309487343
143471,0.844775319099
143475,0.972285509109
143480,0.797523319721
143492,0.876264035702
143495,0.518273830414
143496,0.975489735603
143498,0.963675379753
143499,0.673181533813
143500,0.803334355354
143503,0.93241918087
143509,0.596459448338
143517,0.855008304119
143518,0.535811245441
143521,0.855443835258
143522,0.836513638496
143524,0.808246970177
143527,0.579048991203
143528,0.957728922367
143529,0.808033764362
143531,0.805050134659
143532,0.857054710388
143533,0.422533839941
143536,0.658108711243
143538,0.917573034763
143542,0.953217327595
143543,0.691781044006
143544,0.660909235477
143545,0.965748667717
143546,0.841328978539
143548,0.694892942905
143551,0.822342336178
143552,0.966455340385
143553,0.871354997158
143556,0.921770989895
143558,0.725849270821
143560,0.876062512398
143562,0.764426290989
143565,0.987268149853
143566,0.951837956905
143568,0.32679143548
143570,0.728667199612
143571,0.678165853024
143572,0.935564875603
143573,0.97009396553
143575,0.757243037224
143576,0.763327717781
143580,0.932695567608
143581,0.949669897556
143583,0.934555351734
143585,0.767171680927
143586,0.0890788063407
143588,0.929179131985
143589,0.735340476036
143590,0.970934391022
143592,0.481346160173
143593,0.824474930763
143596,0.722657799721
143597,0.689037203789
143598,0.607821524143
143599,0.960649192333
143601,0.777850925922
143604,0.614338755608
143605,0.845143914223
143609,0.638986945152
143612,0.943791866302
143614,0.903158545494
143615,0.836452066898
143617,0.8570702672
143618,0.781222641468
143621,0.119752593338
143622,0.628993213177
143623,0.293933600187
143624,0.864672422409
143626,0.561188697815
143628,0.847555279732
143629,0.3878274858
143632,0.162339583039
143637,0.891834437847
143642,0.872078359127
143643,0.838394880295
143644,0.845468223095
143648,0.673693537712
143649,0.975061118603
143651,0.0797520503402
143652,0.83830088377
143653,0.701976776123
143655,0.801141381264
143658,0.598737418652
143659,0.773786842823
143661,0.736343920231
143663,0.886288404465
143666,0.612114489079
143667,0.876383423805
143668,0.943328082561
143669,0.0885624140501
143670,0.283850282431
143674,0.72974050045
143678,0.694145143032
143680,0.736509144306
143681,0.982817411423
143685,0.937188982964
143686,0.747518479824
143687,0.993751227856
143689,0.937837123871
143691,0.79171949625
143693,0.897349298
143694,0.703044295311
143696,0.628280997276
143697,0.835059046745
143702,0.966606914997
143704,0.707139253616
143705,0.661627590656
143706,0.0708166882396
143708,0.982343792915
143710,0.5191603899
143711,0.806586742401
143712,0.910336732864
143715,0.902139365673
143718,0.79577845335
143720,0.930433094501
143723,0.6990904212
143724,0.457055985928
143725,0.935751736164
143727,0.213945418596
143728,0.947266638279
143730,0.948024809361
143731,0.459825515747
143732,0.936819314957
143733,0.965555727482
143735,0.614618778229
143737,0.893062353134
143740,0.902572512627
143744,0.960617542267
143745,0.749108850956
143746,0.984599649906
143747,0.928078770638
143748,0.556377589703
143750,0.883539438248
143751,0.613212943077
143755,0.382920235395
143756,0.91626816988
143757,0.801422834396
143758,0.551694869995
143760,0.890964090824
143762,0.943487226963
143763,0.688181400299
143764,0.143578648567
143765,0.850109279156
143767,0.736087679863
143768,0.42146268487
143769,0.88087528944
143771,0.977021992207
143773,0.613194048405
143777,0.711605906487
143779,0.784582316875
143782,0.862827897072
143783,0.927903234959
143784,0.893583238125
143789,0.831547498703
143790,0.762056827545
143794,0.975813746452
143795,0.853775143623
143799,0.955816864967
143803,0.809595227242
143805,0.503758847713
143806,0.838173151016
143808,0.980792462826
143810,0.942303776741
143814,0.752762377262
143815,0.953475058079
143816,0.811715126038
143819,0.92081284523
143820,0.797130465508
143822,0.706874132156
143823,0.63690674305
143824,0.863737285137
143825,0.643902480602
143826,0.586392045021
143827,0.872321486473
143828,0.441312193871
143830,0.977578938007
143833,0.979390501976
143834,0.801410853863
143835,0.6431838274
143836,0.885399997234
143837,0.722922384739
143840,0.420438826084
143841,0.714801669121
143844,0.95253098011
143846,0.805179357529
143848,0.735844492912
143851,0.187629058957
143852,0.664400041103
143854,0.972630143166
143855,0.813283443451
143860,0.920664727688
143861,0.929505825043
143862,0.0992022976279
143863,0.885384500027
143865,0.883329153061
143866,0.815088808537
143867,0.836356639862
143868,0.655476570129
143873,0.900654435158
143875,0.813244283199
143876,0.909929692745
143878,0.890236735344
143879,0.875766813755
143880,0.952179074287
143886,0.865166604519
143887,0.932811498642
143890,0.677949905396
143894,0.838713526726
143895,0.874392092228
143896,0.625096976757
143898,0.404848277569
143899,0.771389365196
143900,0.977463543415
143901,0.0906749591231
143903,0.751927733421
143904,0.951018512249
143905,0.823577940464
143910,0.902128517628
143912,0.924337923527
143913,0.21468731761
143914,0.776403427124
143916,0.512683033943
143917,0.867506563663
143922,0.837719500065
143923,0.201007932425
143924,0.103730916977
143926,0.774381160736
143927,0.545504212379
143928,0.840258002281
143930,0.762174487114
143932,0.95097976923
143935,0.905053913593
143937,0.573759734631
143938,0.829124391079
143939,0.882869362831
143940,0.532497048378
143942,0.419542789459
143943,0.809959053993
143946,0.864796757698
143947,0.781359553337
143948,0.936040103436
143949,0.890600204468
143950,0.549356162548
143954,0.759647965431
143955,0.588194310665
143957,0.985633909702
143958,0.863303184509
143961,0.889483988285
143962,0.409613639116
143963,0.219668447971
143964,0.920557618141
143965,0.927121043205
143967,0.941948831081
143968,0.970858871937
143969,0.711018800735
143970,0.829356789589
143971,0.750691592693
143973,0.985367417336
143975,0.864542126656
143976,0.430741846561
143979,0.75849455595
143980,0.888439357281
143982,0.618155419827
143983,0.807173907757
143985,0.82646381855
143986,0.816743791103
143988,0.819407224655
143990,0.569882810116
143994,0.916487693787
143996,0.597935855389
143997,0.296669363976
143998,0.385526299477
144004,0.921409487724
144005,0.894594013691
144006,0.986282289028
144008,0.907348275185
144013,0.632522165775
144014,0.965975522995
144016,0.729428291321
144018,0.88541072607
144020,0.95198982954
144024,0.309852093458
144025,0.689792811871
144027,0.867861509323
144028,0.985752046108
144031,0.855714023113
144033,0.865502238274
144035,0.761479020119
144038,0.827007293701
144042,0.359697878361
144043,0.667500317097
144045,0.85857385397
144052,0.54188555479
144053,0.888275921345
144055,0.745998084545
144058,0.983719170094
144061,0.943069517612
144062,0.766440153122
144063,0.704690396786
144064,0.948793649673
144067,0.810842335224
144069,0.887613773346
144074,0.751923978329
144075,0.929735660553
144079,0.978872537613
144083,0.855788469315
144084,0.751799166203
144085,0.508538782597
144088,0.914439797401
144090,0.919917166233
144092,0.894351005554
144093,0.690047502518
144095,0.755733013153
144098,0.977597177029
144099,0.984221577644
144100,0.877118051052
144102,0.642333984375
144103,0.833685934544
144104,0.91883045435
144106,0.957869708538
144107,0.988505959511
144108,0.963392138481
144109,0.746907711029
144110,0.94321668148
144111,0.992676079273
144112,0.752784490585
144116,0.84492790699
144118,0.959195435047
144121,0.60191231966
144122,0.820911645889
144126,0.91629499197
144128,0.936075925827
144129,0.256358355284
144130,0.882013976574
144133,0.400605082512
144134,0.51493036747
144135,0.918668568134
144136,0.905367851257
144137,0.966828942299
144138,0.602132260799
144141,0.967703342438
144144,0.85611730814
144145,0.915411829948
144146,0.913106024265
144147,0.900480210781
144148,0.876391112804
144151,0.895175278187
144154,0.668361842632
144158,0.96836990118
144159,0.626810312271
144161,0.698547720909
144164,0.888928830624
144165,0.675657629967
144166,0.952798128128
144171,0.512530565262
144173,0.389862954617
144174,0.432041794062
144177,0.79685908556
144186,0.563520908356
144188,0.819103956223
144190,0.993853569031
144191,0.732331633568
144192,0.577807724476
144193,0.870978116989
144196,0.679185628891
144197,0.807141125202
144198,0.49163633585
144200,0.949468255043
144203,0.487447351217
144204,0.805094957352
144205,0.810678482056
144213,0.550058245659
144214,0.98312908411
144215,0.68265658617
144217,0.457750320435
144223,0.746875762939
144226,0.971669137478
144228,0.984248936176
144233,0.946740686893
144238,0.695846438408
144239,0.853475213051
144241,0.0910763964057
144244,0.94639223814
144247,0.740997135639
144250,0.790103077888
144251,0.261545807123
144252,0.965923726559
144253,0.857463181019
144254,0.968222796917
144255,0.982845723629
144256,0.963271677494
144257,0.760213375092
144258,0.554485201836
144259,0.898274958134
144260,0.777320206165
144264,0.616674602032
144271,0.909917712212
144276,0.642150580883
144277,0.906294047832
144281,0.605077147484
144283,0.939654827118
144285,0.449224889278
144286,0.980577707291
144288,0.991873204708
144290,0.73114335537
144291,0.794215083122
144296,0.895363688469
144298,0.706175982952
144299,0.299635857344
144300,0.916640818119
144301,0.739416718483
144303,0.617973864079
144304,0.454611420631
144305,0.903211176395
144307,0.970901548862
144309,0.648878693581
144310,0.77523958683
144311,0.953597426414
144314,0.712195932865
144315,0.576268732548
144316,0.811719715595
144319,0.748919665813
144320,0.68922150135
144322,0.951865613461
144324,0.89326518774
144327,0.838343560696
144330,0.874733626842
144331,0.919117391109
144332,0.989872694016
144334,0.913479089737
144335,0.699693799019
144336,0.456663399935
144338,0.878158569336
144339,0.882794320583
144340,0.970800101757
144341,0.835868656635
144342,0.986523449421
144343,0.788117468357
144346,0.706973254681
144349,0.749062359333
144350,0.788076221943
144353,0.725268065929
144354,0.466923743486
144357,0.981823861599
144361,0.304479628801
144363,0.941794753075
144365,0.845155417919
144366,0.743194580078
144368,0.813654124737
144375,0.970629036427
144376,0.748835325241
144378,0.908883154392
144380,0.899176478386
144385,0.272014915943
144386,0.733672320843
144387,0.791858017445
144388,0.112859129906
144390,0.905979275703
144391,0.975206136703
144393,0.985139429569
144394,0.585823297501
144395,0.92755651474
144396,0.93026214838
144397,0.544930458069
144400,0.866605818272
144403,0.966506302357
144404,0.766352832317
144406,0.801403820515
144408,0.940401375294
144411,0.917106389999
144412,0.781381607056
144413,0.132221356034
144415,0.603860080242
144418,0.819733560085
144419,0.70284974575
144421,0.862577021122
144422,0.893352627754
144425,0.812558472157
144426,0.933575153351
144431,0.861272513866
144432,0.575438201427
144433,0.911725759506
144435,0.583062052727
144438,0.988925278187
144439,0.632832050323
144440,0.393317312002
144441,0.982161402702
144443,0.499447822571
144446,0.600234210491
144447,0.596374809742
144449,0.700741350651
144451,0.873629689217
144453,0.968981802464
144454,0.49802094698
144455,0.768350422382
144457,0.930927991867
144458,0.819979965687
144461,0.420451581478
144465,0.774019420147
144466,0.585695385933
144467,0.978824734688
144469,0.562436759472
144470,0.725680172443
144472,0.707140564919
144474,0.616235911846
144477,0.70217269659
144478,0.728691995144
144480,0.837519586086
144481,0.867028832436
144482,0.855260133743
144483,0.820537805557
144486,0.925683319569
144487,0.722902834415
144490,0.700870871544
144494,0.546337723732
144496,0.976833760738
144498,0.814560353756
144499,0.716364264488
144501,0.623017132282
144506,0.871703147888
144507,0.846708357334
144509,0.96038043499
144510,0.749553203583
144512,0.859064996243
144513,0.911675691605
144514,0.86718839407
144515,0.699321269989
144516,0.475639313459
144517,0.855363786221
144519,0.913278758526
144520,0.219082847238
144523,0.89458501339
144524,0.956527113914
144525,0.951577186584
144527,0.954772770405
144529,0.890014111996
144532,0.88869613409
144533,0.311335474253
144534,0.979617893696
144535,0.881364524364
144536,0.559543132782
144537,0.581816911697
144538,0.302168637514
144540,0.718935608864
144543,0.696107625961
144544,0.909825146198
144547,0.76096868515
144549,0.584288418293
144551,0.896490335464
144552,0.822072982788
144555,0.789099693298
144556,0.899664223194
144564,0.76656794548
144568,0.907247066498
144569,0.633786439896
144570,0.987735807896
144572,0.670125603676
144577,0.700139582157
144578,0.98069614172
144581,0.983750283718
144582,0.905226588249
144584,0.855073332787
144587,0.218476682901
144589,0.927745699883
144590,0.966246604919
144591,0.760131835938
144592,0.843909561634
144596,0.290470570326
144597,0.181191310287
144598,0.781402111053
144599,0.894799530506
144602,0.971237242222
144604,0.902709901333
144605,0.681172966957
144607,0.353183060884
144608,0.653200209141
144610,0.941191256046
144611,0.780904829502
144613,0.859379589558
144615,0.242416337132
144616,0.681597530842
144617,0.628505885601
144618,0.693116009235
144619,0.992593348026
144620,0.727114021778
144621,0.967489182949
144624,0.571072518826
144628,0.579401373863
144629,0.983810544014
144630,0.864004731178
144634,0.567243337631
144636,0.918334364891
144639,0.983855783939
144641,0.78000074625
144643,0.815605342388
144645,0.845710635185
144648,0.815379261971
144651,0.801077365875
144652,0.971507430077
144653,0.734240114689
144655,0.970167219639
144656,0.872642874718
144657,0.917800545692
144660,0.60758715868
144664,0.476608335972
144665,0.958182394505
144666,0.974498391151
144671,0.934668540955
144682,0.806312203407
144687,0.848809361458
144689,0.949640214443
144690,0.823704242706
144694,0.944011092186
144698,0.863743424416
144699,0.57026475668
144700,0.977770388126
144702,0.968047380447
144704,0.88743698597
144705,0.653499543667
144706,0.493178993464
144708,0.788576602936
144709,0.954529225826
144715,0.909289181232
144718,0.960717558861
144723,0.778170526028
144724,0.969098865986
144725,0.668188691139
144726,0.773996412754
144727,0.614257454872
144728,0.458057761192
144729,0.813088715076
144730,0.756925463676
144731,0.803334534168
144733,0.759346723557
144735,0.904248952866
144736,0.978892445564
144738,0.87453097105
144739,0.981489956379
144744,0.724469125271
144745,0.727907896042
144749,0.95445483923
144752,0.872198224068
144754,0.290126651525
144755,0.067223444581
144756,0.626658499241
144758,0.635584652424
144759,0.986465215683
144761,0.498936891556
144762,0.966318368912
144763,0.932231009007
144765,0.665859878063
144766,0.971153557301
144767,0.950519979
144770,0.945530354977
144771,0.929689526558
144773,0.807114720345
144774,0.406241953373
144776,0.655148327351
144778,0.573355257511
144780,0.651513934135
144783,0.623650193214
144785,0.759870231152
144787,0.85233259201
144788,0.731954216957
144789,0.977502405643
144790,0.951336801052
144791,0.704784452915
144792,0.974092483521
144793,0.824960231781
144794,0.66959053278
144795,0.112364061177
144796,0.643910884857
144798,0.380844444036
144800,0.753528237343
144801,0.432507157326
144802,0.952365636826
144806,0.70252597332
144807,0.417869657278
144809,0.879859805107
144811,0.689694523811
144812,0.867311835289
144814,0.971467494965
144815,0.869659543037
144820,0.643696904182
144821,0.875882148743
144828,0.963881194592
144829,0.993858873844
144830,0.66874486208
144833,0.951699197292
144835,0.675696671009
144836,0.67253100872
144838,0.629306435585
144841,0.650075078011
144842,0.786381185055
144844,0.111554741859
144848,0.58065611124
144849,0.544427931309
144851,0.851610422134
144852,0.904778838158
144854,0.720961391926
144857,0.559481620789
144859,0.796517550945
144861,0.951671361923
144862,0.863908827305
144863,0.907350242138
144869,0.555933117867
144871,0.974387228489
144873,0.964634120464
144874,0.824933350086
144876,0.583637535572
144879,0.924571216106
144881,0.876355409622
144887,0.782827138901
144888,0.738755166531
144890,0.817580163479
144891,0.970282137394
144893,0.622624874115
144894,0.412671744823
144895,0.980844199657
144897,0.987504303455
144898,0.465685456991
144899,0.896320283413
144901,0.747731029987
144902,0.978914737701
144903,0.866008162498
144905,0.654986441135
144906,0.877176821232
144909,0.575909256935
144910,0.871492445469
144912,0.817443788052
144915,0.780731737614
144918,0.844010174274
144919,0.363910734653
144920,0.912134885788
144921,0.876853704453
144923,0.863741219044
144926,0.865654110909
144927,0.683442056179
144929,0.955601990223
144930,0.903345882893
144933,0.671442866325
144937,0.989039182663
144939,0.360011637211
144940,0.818365395069
144946,0.710674762726
144949,0.834357380867
144952,0.957795619965
144957,0.658888757229
144960,0.756685554981
144961,0.817119061947
144962,0.762813329697
144963,0.988929331303
144965,0.814105689526
144966,0.794053792953
144970,0.800965309143
144973,0.909333586693
144974,0.525565266609
144975,0.978254079819
144977,0.331798970699
144978,0.837146401405
144979,0.974874079227
144982,0.489272028208
144983,0.45089840889
144984,0.807190179825
144986,0.888499975204
144987,0.253240704536
144989,0.97676384449
144990,0.935316622257
144992,0.699183046818
144994,0.880656599998
144998,0.0466754734516
145000,0.749829471111
145002,0.828950941563
145004,0.738808035851
145006,0.912329137325
145010,0.676989912987
145013,0.396479785442
145015,0.363184392452
145017,0.48512595892
145018,0.144511476159
145019,0.574248075485
145021,0.447654396296
145022,0.959425270557
145025,0.725324988365
145031,0.919262230396
145033,0.817739725113
145035,0.739601194859
145037,0.883639395237
145039,0.519959568977
145041,0.806859076023
145043,0.956145107746
145044,0.835058867931
145049,0.82266408205
145050,0.366923630238
145051,0.983713984489
145053,0.0661613941193
145054,0.962945461273
145056,0.855428159237
145057,0.637272000313
145058,0.753449201584
145061,0.51983076334
145062,0.622787535191
145067,0.902144551277
145068,0.95888119936
145070,0.172120168805
145072,0.706233680248
145075,0.686469614506
145078,0.375127226114
145079,0.788508117199
145083,0.761587202549
145084,0.980151414871
145085,0.957491099834
145086,0.746373057365
145087,0.653795361519
145088,0.309567153454
145091,0.83701646328
145092,0.962841689587
145095,0.633405327797
145096,0.984196722507
145097,0.716494321823
145100,0.964074850082
145106,0.725896537304
145112,0.985929191113
145113,0.830175817013
145114,0.745231568813
145115,0.726176738739
145116,0.90275323391
145117,0.911719501019
145119,0.981937885284
145120,0.935574293137
145122,0.960418343544
145124,0.761159002781
145125,0.893752753735
145126,0.877281069756
145127,0.932842135429
145133,0.544217705727
145134,0.727805972099
145136,0.569062113762
145137,0.722363352776
145141,0.960687279701
145142,0.838476598263
145146,0.909394264221
145147,0.777282059193
145148,0.928633868694
145149,0.963504910469
145150,0.504521965981
145151,0.97339373827
145155,0.956678211689
145156,0.385627239943
145158,0.739588439465
145160,0.418699085712
145162,0.737877726555
145163,0.4274777174
145169,0.449937790632
145171,0.892109274864
145172,0.985460102558
145176,0.112646475434
145177,0.914579868317
145178,0.963737607002
145179,0.953478753567
145180,0.688525736332
145182,0.734245300293
145183,0.909332454205
145185,0.831737577915
145187,0.888672709465
145188,0.70438760519
145190,0.875777602196
145192,0.737612068653
145193,0.68825596571
145194,0.917938649654
145197,0.660652637482
145199,0.400944441557
145202,0.970420837402
145209,0.721014678478
145210,0.649761378765
145212,0.851380765438
145213,0.931474804878
145215,0.904138684273
145216,0.83739566803
145217,0.975840747356
145218,0.959047019482
145219,0.97129380703
145222,0.991304755211
145224,0.410316824913
145225,0.917313575745
145227,0.640206098557
145231,0.627594172955
145238,0.943810641766
145239,0.938433468342
145241,0.812081515789
145242,0.75586771965
145244,0.71632039547
145249,0.665076434612
145251,0.80849635601
145254,0.874040484428
145256,0.949735701084
145259,0.854325532913
145264,0.765261590481
145266,0.774342358112
145269,0.852541446686
145271,0.974971413612
145272,0.911546885967
145275,0.774162948132
145277,0.826031565666
145278,0.896117687225
145279,0.953349173069
145282,0.89826977253
145285,0.534733772278
145287,0.82599657774
145291,0.874226927757
145295,0.991081833839
145296,0.351383596659
145300,0.0607858039439
145301,0.572442770004
145302,0.979707121849
145306,0.758324325085
145309,0.956533670425
145311,0.992674648762
145313,0.843267858028
145314,0.929232776165
145315,0.268252968788
145319,0.426022142172
145321,0.874090135098
145322,0.833809733391
145323,0.92411261797
145324,0.802060127258
145327,0.435101538897
145328,0.609984397888
145331,0.733339965343
145333,0.92372405529
145334,0.799238145351
145335,0.846913516521
145336,0.782408595085
145337,0.66896468401
145338,0.820775449276
145339,0.541227400303
145340,0.439615607262
145341,0.210387974977
145343,0.751497149467
145344,0.740140497684
145348,0.519035279751
145351,0.80868190527
145352,0.862992823124
145353,0.884425640106
145354,0.822500348091
145355,0.731317698956
145356,0.981446623802
145357,0.956249296665
145358,0.959459841251
145359,0.570193886757
145360,0.948405325413
145361,0.913237690926
145362,0.74551653862
145364,0.827035665512
145366,0.819557130337
145367,0.725255310535
145368,0.689629077911
145371,0.668351471424
145374,0.920443177223
145378,0.876880228519
145380,0.517528235912
145383,0.72723865509
145384,0.981718540192
145387,0.679046988487
145390,0.724590659142
145391,0.833903431892
145392,0.485016405582
145393,0.980155169964
145395,0.746637105942
145396,0.638220727444
145397,0.719642460346
145400,0.931702435017
145404,0.483235388994
145405,0.429093599319
145409,0.850460588932
145411,0.629382908344
145415,0.690159261227
145417,0.823819935322
145421,0.86477792263
145422,0.812635242939
145426,0.810902714729
145427,0.660636007786
145430,0.682215869427
145431,0.467715591192
145432,0.890061974525
145433,0.974471569061
145438,0.949501335621
145439,0.701394319534
145440,0.609599471092
145443,0.623966872692
145445,0.768652677536
145446,0.92145472765
145447,0.724402606487
145450,0.939335584641
145453,0.328968048096
145456,0.167046695948
145457,0.764226853848
145459,0.897564291954
145462,0.961226344109
145463,0.726873278618
145465,0.7906691432
145466,0.977425634861
145468,0.584234654903
145470,0.972220122814
145476,0.805811703205
145477,0.692275285721
145478,0.80187022686
145479,0.395696222782
145480,0.83236682415
145482,0.701949238777
145483,0.387435078621
145485,0.749162316322
145487,0.73176419735
145489,0.814508795738
145491,0.730955839157
145492,0.685814678669
145493,0.10186329484
145494,0.904223203659
145495,0.611969470978
145499,0.901308238506
145504,0.404524475336
145505,0.823762476444
145507,0.756558001041
145510,0.699217617512
145513,0.795175671577
145516,0.820100426674
145520,0.933092594147
145521,0.968081951141
145523,0.488748192787
145526,0.768991947174
145527,0.336870849133
145528,0.564194917679
145530,0.806571424007
145531,0.865219116211
145534,0.963742017746
145535,0.75449770689
145540,0.908059895039
145541,0.801900744438
145542,0.780836820602
145543,0.858238816261
145545,0.692894876003
145547,0.950260698795
145549,0.946479260921
145550,0.662430822849
145551,0.955159902573
145552,0.278594344854
145553,0.976748347282
145562,0.350553840399
145563,0.677929222584
145565,0.934578895569
145567,0.843237042427
145573,0.214151918888
145574,0.549122035503
145575,0.820434033871
145580,0.839887082577
145583,0.387145847082
145585,0.872511565685
145586,0.948481857777
145589,0.735280811787
145590,0.75567817688
145591,0.901803731918
145593,0.715219914913
145595,0.983546257019
145601,0.817941367626
145605,0.101387165487
145607,0.811019420624
145608,0.308507859707
145609,0.553388476372
145613,0.4023912251
145614,0.841510653496
145616,0.768929302692
145619,0.644059479237
145621,0.763218522072
145623,0.830472171307
145628,0.991559028625
145630,0.890994787216
145631,0.715222418308
145632,0.609500706196
145633,0.741144180298
145636,0.744448125362
145637,0.854421496391
145639,0.849406063557
145640,0.799584925175
145646,0.704640209675
145653,0.526497483253
145654,0.82227653265
145655,0.441966682673
145656,0.678822100163
145657,0.467090070248
145659,0.842896699905
145660,0.957679629326
145662,0.762970149517
145665,0.908722579479
145667,0.793095111847
145669,0.546356379986
145672,0.980580329895
145673,0.394292145967
145674,0.910822927952
145675,0.753764986992
145676,0.664446592331
145677,0.593497633934
145679,0.847518980503
145681,0.84590190649
145685,0.260542750359
145686,0.681581676006
145687,0.955618917942
145688,0.968045711517
145690,0.690210461617
145693,0.906165897846
145697,0.607940733433
145699,0.573608458042
145700,0.943649828434
145701,0.628439068794
145702,0.746784389019
145706,0.741125524044
145707,0.956743001938
145708,0.953469574451
145710,0.899107158184
145713,0.875520884991
145714,0.386232256889
145716,0.655620455742
145718,0.765050411224
145719,0.639746129513
145723,0.917406201363
145725,0.844874858856
145727,0.87920331955
145730,0.841657459736
145731,0.870253026485
145733,0.431072890759
145734,0.738344609737
145735,0.837363600731
145736,0.668680727482
145738,0.627462625504
145739,0.819028913975
145741,0.0930381044745
145742,0.617260694504
145743,0.786103785038
145744,0.851828634739
145746,0.88660556078
145748,0.886746704578
145749,0.924529671669
145751,0.605890452862
145755,0.735022485256
145756,0.810958564281
145758,0.847361683846
145759,0.91886228323
145760,0.620533049107
145763,0.861217856407
145765,0.349598675966
145766,0.881056547165
145767,0.954969227314
145768,0.762571334839
145772,0.893423676491
145774,0.83142209053
145776,0.953525364399
145778,0.618774950504
145780,0.593027353287
145782,0.844430506229
145786,0.752952873707
145787,0.706305861473
145789,0.785444378853
145792,0.931198120117
145794,0.978454113007
145796,0.584608435631
145797,0.687943458557
145799,0.816180944443
145801,0.739248991013
145803,0.580834805965
145804,0.97213947773
145806,0.572915077209
145809,0.605584621429
145812,0.950625658035
145813,0.539283812046
145814,0.8885820508
145815,0.973354458809
145817,0.757351756096
145818,0.78738284111
145820,0.824157714844
145821,0.945500075817
145828,0.632539153099
145829,0.797108709812
145834,0.449443131685
145837,0.767468094826
145838,0.864841759205
145841,0.940426290035
145843,0.253359436989
145844,0.934736311436
145847,0.944769799709
145849,0.938048779964
145850,0.737984001637
145852,0.983155250549
145857,0.35381641984
145860,0.71130502224
145862,0.919586539268
145864,0.964747428894
145865,0.724021434784
145866,0.513456583023
145869,0.704677641392
145875,0.98003000021
145876,0.755845785141
145877,0.758302748203
145878,0.536678850651
145882,0.508014678955
145885,0.722999572754
145889,0.729212224483
145896,0.978684127331
145898,0.976525068283
145901,0.50690472126
145902,0.844347715378
145904,0.753426790237
145907,0.0697658583522
145908,0.88021749258
145910,0.875745236874
145912,0.68418186903
145913,0.597564101219
145914,0.930709123611
145919,0.797265291214
145925,0.361967682838
145926,0.873285531998
145927,0.896463513374
145930,0.904431939125
145935,0.927074432373
145936,0.752712249756
145937,0.479054361582
145940,0.554094851017
145943,0.971501767635
145945,0.820448160172
145946,0.97008651495
145952,0.683798909187
145953,0.923552930355
145954,0.957598209381
145955,0.860134005547
145968,0.866071939468
145969,0.721508145332
145970,0.867970347404
145972,0.757368147373
145975,0.988082706928
145977,0.610560834408
145978,0.392402976751
145981,0.886576712132
145984,0.863811373711
145985,0.674227058887
145988,0.853296339512
145990,0.957335472107
145991,0.852101624012
145992,0.970990896225
145993,0.645292341709
145994,0.517169833183
145996,0.977695286274
145998,0.939002633095
145999,0.618564963341
146000,0.864272415638
146006,0.59178686142
146008,0.820037424564
146016,0.634795188904
146019,0.92215692997
146024,0.733257055283
146027,0.730691254139
146029,0.96396625042
146030,0.982068479061
146031,0.764829456806
146034,0.105350591242
146035,0.927068173885
146036,0.618922412395
146037,0.975233912468
146038,0.977670133114
146039,0.754995524883
146040,0.879633307457
146041,0.284484654665
146042,0.59224653244
146043,0.795960962772
146044,0.98622584343
146047,0.879813849926
146048,0.807979106903
146050,0.835874319077
146051,0.670679032803
146053,0.563575804234
146056,0.823848962784
146057,0.646530330181
146062,0.945912122726
146064,0.786168217659
146065,0.863314151764
146067,0.84577280283
146070,0.865287363529
146072,0.703117012978
146073,0.751646220684
146080,0.723702132702
146081,0.721622049809
146084,0.90344363451
146085,0.957299113274
146086,0.798862397671
146087,0.99062526226
146088,0.437506735325
146089,0.725046634674
146090,0.864780962467
146091,0.96158105135
146094,0.682713747025
146095,0.947243750095
146097,0.955817580223
146098,0.719704031944
146102,0.846525430679
146105,0.72826385498
146107,0.559682428837
146108,0.901474237442
146110,0.623056769371
146111,0.952598392963
146114,0.938624024391
146118,0.94331407547
146119,0.732463598251
146121,0.977988243103
146123,0.7811819911
146126,0.871706366539
146128,0.736920773983
146130,0.917813777924
146135,0.793043553829
146138,0.503497183323
146139,0.986747264862
146140,0.459789842367
146141,0.771106302738
146145,0.825175821781
146147,0.624982357025
146150,0.891643881798
146151,0.969706296921
146152,0.835603475571
146153,0.950067520142
146154,0.825278282166
146155,0.837232887745
146156,0.663313984871
146158,0.831028580666
146160,0.820860147476
146162,0.890212655067
146163,0.776865363121
146165,0.517748534679
146166,0.404858738184
146168,0.801071703434
146175,0.965833961964
146178,0.960308611393
146184,0.97147756815
146186,0.849434137344
146187,0.686563909054
146188,0.891691446304
146189,0.0607126243412
146190,0.931890368462
146193,0.965413808823
146197,0.817087233067
146198,0.923521518707
146199,0.377024501562
146200,0.378308981657
146201,0.514697313309
146204,0.624084055424
146205,0.800765514374
146206,0.425571322441
146211,0.838032305241
146214,0.943490087986
146216,0.598680734634
146224,0.612200200558
146228,0.847011327744
146229,0.715950489044
146231,0.896760106087
146232,0.3878493011
146233,0.906177163124
146234,0.347546756268
146236,0.834546387196
146238,0.337865054607
146248,0.837970137596
146249,0.800521910191
146252,0.424468368292
146253,0.989867091179
146255,0.982223510742
146258,0.85947149992
146259,0.798281610012
146261,0.448786228895
146262,0.980160295963
146264,0.838570177555
146265,0.922425568104
146267,0.79319101572
146268,0.907608926296
146269,0.763452589512
146271,0.0764247924089
146274,0.440538734198
146276,0.900463402271
146277,0.895638942719
146278,0.977352559566
146280,0.886619269848
146282,0.906412184238
146285,0.87874007225
146286,0.794234752655
146291,0.862401545048
146292,0.837771594524
146293,0.701942920685
146294,0.698502182961
146297,0.684182107449
146301,0.527551472187
146302,0.962042570114
146303,0.757967889309
146304,0.763245999813
146306,0.50449514389
146307,0.815872788429
146309,0.754720032215
146311,0.840629160404
146312,0.87575751543
146313,0.929526746273
146314,0.959371566772
146315,0.770482420921
146318,0.727087318897
146319,0.437612950802
146324,0.774376869202
146325,0.720389604568
146326,0.939438402653
146328,0.729254901409
146329,0.782803297043
146330,0.825677037239
146331,0.60147446394
146336,0.639500021935
146337,0.862022817135
146338,0.426330298185
146342,0.93572729826
146344,0.575752496719
146345,0.497715950012
146346,0.947680473328
146347,0.371683835983
146348,0.798195779324
146349,0.9682289958
146351,0.918443977833
146353,0.914854288101
146355,0.913967728615
146359,0.83686965704
146360,0.839263498783
146361,0.890533566475
146362,0.699604392052
146363,0.955298185349
146364,0.772096812725
146365,0.784651994705
146366,0.853283941746
146367,0.910715699196
146368,0.663195431232
146373,0.751472651958
146374,0.963716447353
146376,0.869264900684
146377,0.433432966471
146378,0.7336384058
146381,0.813002467155
146382,0.930810153484
146384,0.705169141293
146388,0.594145655632
146389,0.50337678194
146390,0.879689753056
146391,0.938632965088
146392,0.90867382288
146393,0.586224257946
146395,0.412906736135
146396,0.94239783287
146399,0.982144594193
146403,0.955037176609
146404,0.734054028988
146405,0.673647582531
146410,0.7665989995
146413,0.583864033222
146420,0.834056973457
146422,0.72316133976
146423,0.389342725277
146425,0.970710813999
146427,0.959162592888
146430,0.668216824532
146431,0.987661719322
146433,0.696906387806
146436,0.522666335106
146437,0.807930469513
146438,0.75910359621
146439,0.868757903576
146443,0.954967677593
146444,0.318824440241
146445,0.622655510902
146446,0.811270236969
146450,0.986374258995
146451,0.741061687469
146452,0.565206706524
146461,0.653142809868
146462,0.774204492569
146464,0.820281207561
146467,0.947992861271
146470,0.930450201035
146471,0.983205616474
146472,0.898761749268
146474,0.94293063879
146475,0.805233240128
146477,0.932734787464
146479,0.310377299786
146482,0.932268798351
146483,0.817567169666
146485,0.877310156822
146491,0.871242165565
146492,0.708071231842
146493,0.881047010422
146495,0.139963209629
146499,0.864468693733
146502,0.709503650665
146506,0.981294155121
146507,0.575466692448
146508,0.663722574711
146510,0.388165950775
146511,0.880261957645
146512,0.943126022816
146514,0.545270383358
146515,0.862191855907
146516,0.777830421925
146517,0.914416968822
146518,0.730816960335
146523,0.785220444202
146526,0.97808355093
146527,0.780255496502
146528,0.491398870945
146530,0.946807444096
146531,0.823041677475
146533,0.984796047211
146538,0.973150074482
146540,0.494948208332
146547,0.950083017349
146553,0.634750664234
146555,0.888735771179
146556,0.680285871029
146558,0.85587054491
146559,0.935579717159
146568,0.736273527145
146569,0.853472411633
146571,0.641251087189
146575,0.953568279743
146578,0.786138296127
146579,0.817861378193
146580,0.506788551807
146583,0.815739154816
146584,0.979439556599
146585,0.568257749081
146588,0.25855076313
146592,0.763282001019
146597,0.456773668528
146598,0.960538327694
146600,0.780416667461
146603,0.469635784626
146605,0.866070866585
146607,0.687900602818
146611,0.982855618
146612,0.573898255825
146620,0.442681998014
146621,0.852483987808
146625,0.821627676487
146628,0.78392547369
146629,0.955213844776
146642,0.891149163246
146643,0.899673104286
146645,0.801435232162
146646,0.919921040535
146647,0.77291148901
146649,0.979930281639
146651,0.90702021122
146652,0.933954894543
146654,0.811305999756
146659,0.78734511137
146663,0.867275595665
146664,0.961781919003
146667,0.730111837387
146668,0.977044165134
146669,0.718078613281
146671,0.908369779587
146672,0.891356408596
146673,0.955374777317
146675,0.845615744591
146676,0.957109034061
146677,0.779528975487
146679,0.753789365292
146688,0.967136323452
146689,0.715784788132
146693,0.748780310154
146694,0.879648327827
146695,0.875428318977
146698,0.765191197395
146699,0.878807902336
146702,0.982045054436
146703,0.937461614609
146704,0.929554879665
146707,0.938885211945
146709,0.820635557175
146714,0.794454872608
146716,0.777391374111
146719,0.702876567841
146720,0.987663686275
146722,0.964941382408
146723,0.914032876492
146725,0.944686770439
146730,0.709761619568
146737,0.385525733232
146741,0.972529530525
146742,0.615217149258
146743,0.9391964674
146745,0.857178688049
146746,0.980285406113
146747,0.22462105751
146750,0.866755783558
146751,0.908679485321
146755,0.923975169659
146758,0.545949935913
146761,0.478991121054
146762,0.79158693552
146763,0.467627137899
146764,0.336487412453
146767,0.519668936729
146768,0.475899487734
146770,0.839573085308
146773,0.83072668314
146774,0.945785462856
146775,0.984017074108
146777,0.856621980667
146778,0.945860922337
146781,0.941899955273
146782,0.682226717472
146783,0.982810020447
146787,0.815414786339
146788,0.681965410709
146790,0.71208947897
146791,0.782738685608
146792,0.927200913429
146793,0.169247210026
146795,0.882083892822
146797,0.878602921963
146798,0.93693292141
146800,0.402929157019
146801,0.817456901073
146802,0.636255800724
146807,0.382447302341
146809,0.491475731134
146811,0.753979086876
146812,0.825939118862
146813,0.991511523724
146814,0.853297472
146815,0.714226722717
146816,0.674803078175
146819,0.763312220573
146820,0.943864524364
146821,0.924721479416
146823,0.508374810219
146824,0.664119005203
146826,0.916647136211
146827,0.579113841057
146828,0.265646576881
146829,0.975090503693
146831,0.167894586921
146832,0.83551722765
146836,0.748566806316
146837,0.97807431221
146840,0.334055960178
146843,0.83091378212
146846,0.981273949146
146847,0.910692989826
146848,0.377471089363
146850,0.476048260927
146851,0.663176000118
146852,0.94510859251
146854,0.684727668762
146856,0.730576574802
146858,0.851229965687
146859,0.822649002075
146860,0.731178939342
146863,0.650101363659
146864,0.928068995476
146865,0.641368329525
146867,0.0599051006138
146868,0.92694246769
146872,0.769846975803
146876,0.6503226161
146879,0.972665786743
146882,0.946668684483
146883,0.780472576618
146884,0.746673226357
146885,0.580771863461
146886,0.877605497837
146887,0.845696151257
146891,0.759876132011
146892,0.555109143257
146893,0.710071206093
146896,0.657598495483
146897,0.975658237934
146898,0.828420639038
146899,0.948984146118
146901,0.957775652409
146904,0.861510574818
146905,0.966088473797
146907,0.491845965385
146908,0.983010649681
146909,0.636774539948
146910,0.951521217823
146912,0.742674052715
146914,0.759667634964
146917,0.516644537449
146918,0.396752268076
146921,0.977860331535
146922,0.502046883106
146924,0.555612921715
146925,0.877312362194
146929,0.818750321865
146930,0.963502705097
146931,0.877986967564
146933,0.397709935904
146936,0.992372512817
146937,0.566958963871
146938,0.954755187035
146941,0.872855126858
146942,0.7826821208
146944,0.761239886284
146946,0.917312681675
146949,0.768200695515
146951,0.864664912224
146952,0.871176123619
146953,0.893509924412
146954,0.983569324017
146955,0.828480601311
146958,0.78354036808
146959,0.981918215752
146961,0.955197691917
146962,0.825258135796
146968,0.742209374905
146969,0.987354457378
146970,0.985656261444
146972,0.802378714085
146973,0.674655020237
146975,0.970291435719
146976,0.538883566856
146977,0.66987913847
146978,0.705818891525
146980,0.703448116779
146982,0.872860729694
146983,0.919898927212
146985,0.589339077473
146987,0.871678829193
146989,0.856091976166
146990,0.815990149975
146991,0.884648919106
146993,0.917229354382
146999,0.619985580444
147000,0.783396780491
147001,0.328733563423
147005,0.82971072197
147007,0.907461464405
147010,0.744854152203
147014,0.755235254765
147015,0.846316754818
147017,0.670797467232
147018,0.842845082283
147019,0.877611994743
147021,0.375262796879
147023,0.671352446079
147033,0.969366848469
147034,0.597539186478
147037,0.701093196869
147039,0.755550086498
147040,0.76118016243
147041,0.61890822649
147043,0.935868740082
147045,0.771625936031
147049,0.934150636196
147050,0.543430447578
147051,0.704899311066
147052,0.859760701656
147054,0.539355754852
147056,0.93364918232
147058,0.948920369148
147059,0.619071900845
147061,0.859744250774
147063,0.964553058147
147064,0.982160925865
147066,0.712248504162
147069,0.707975149155
147070,0.797747910023
147071,0.689689040184
147072,0.80232912302
147073,0.546114385128
147074,0.871999502182
147075,0.925322771072
147076,0.883960485458
147078,0.769299387932
147081,0.65821647644
147085,0.510407447815
147086,0.902853906155
147087,0.627444505692
147088,0.977407336235
147089,0.779220163822
147091,0.831578850746
147095,0.881035983562
147097,0.454956799746
147098,0.800597071648
147099,0.917870223522
147100,0.722239553928
147102,0.923212409019
147104,0.946961164474
147105,0.909151494503
147106,0.846119165421
147108,0.787438690662
147111,0.940098285675
147113,0.633382499218
147116,0.898103117943
147119,0.561272084713
147120,0.867453813553
147121,0.682190418243
147122,0.844071924686
147124,0.947355568409
147125,0.692726969719
147127,0.849185526371
147128,0.849660396576
147130,0.904268920422
147131,0.854577660561
147134,0.830989062786
147137,0.89352619648
147138,0.59605294466
147141,0.661995232105
147142,0.745594263077
147143,0.720105409622
147144,0.175854116678
147145,0.912900090218
147146,0.95889621973
147147,0.71688503027
147150,0.627648234367
147154,0.622924566269
147157,0.898452341557
147158,0.485697746277
147159,0.427786886692
147162,0.633543550968
147163,0.822580039501
147164,0.982826948166
147165,0.388792544603
147166,0.473995417356
147167,0.623471438885
147168,0.835687100887
147169,0.45145714283
147172,0.888336420059
147173,0.697509646416
147174,0.965801417828
147177,0.849345982075
147178,0.716185927391
147180,0.811105787754
147183,0.774816393852
147188,0.570259153843
147190,0.499520748854
147191,0.987325549126
147192,0.802784860134
147194,0.895494937897
147196,0.803314507008
147199,0.931664943695
147200,0.941714823246
147202,0.988217532635
147204,0.982388675213
147206,0.845808446407
147208,0.560063779354
147210,0.906068444252
147213,0.883681595325
147214,0.924796104431
147215,0.931843698025
147216,0.90710324049
147217,0.84969741106
147218,0.748087048531
147219,0.534046888351
147223,0.95403367281
147227,0.98518037796
147228,0.829550921917
147229,0.942074179649
147232,0.933843612671
147234,0.890552103519
147235,0.88137704134
147236,0.742018818855
147237,0.931159794331
147239,0.893755614758
147240,0.873785912991
147242,0.801540970802
147244,0.889005303383
147247,0.74051451683
147248,0.773685932159
147253,0.96378839016
147254,0.914982616901
147256,0.935118556023
147257,0.52395516634
147259,0.673086047173
147260,0.944838702679
147261,0.600760936737
147265,0.968166053295
147266,0.89285326004
147268,0.74552744627
147269,0.727454125881
147271,0.868394374847
147272,0.463342279196
147274,0.554397940636
147276,0.655846178532
147277,0.975125312805
147278,0.935112893581
147279,0.861524581909
147280,0.197438493371
147281,0.857554733753
147283,0.791866958141
147285,0.93748497963
147286,0.948540329933
147287,0.258406311274
147288,0.93181091547
147290,0.774796068668
147292,0.947095096111
147294,0.971131086349
147295,0.963694274426
147296,0.628115534782
147297,0.9732234478
147299,0.924977719784
147301,0.739353835583
147307,0.696124613285
147308,0.899608850479
147310,0.83521258831
147313,0.87898015976
147314,0.892993986607
147317,0.612520039082
147319,0.897219181061
147320,0.662178814411
147324,0.445724308491
147325,0.974758148193
147327,0.736696183681
147330,0.75677973032
147332,0.960239470005
147333,0.795713245869
147334,0.821622729301
147335,0.809047102928
147336,0.980920672417
147337,0.653484404087
147338,0.974239885807
147339,0.932789862156
147342,0.868106424809
147343,0.632478058338
147351,0.841832578182
147353,0.901638925076
147357,0.826662063599
147358,0.579014897346
147362,0.820475280285
147363,0.978852570057
147364,0.63445186615
147366,0.758737921715
147367,0.846424281597
147369,0.597627401352
147370,0.966968476772
147371,0.854602515697
147374,0.910885810852
147375,0.575249671936
147377,0.918569087982
147378,0.945808768272
147380,0.581071972847
147381,0.960892081261
147385,0.96150046587
147386,0.812616765499
147387,0.901260733604
147389,0.988950550556
147390,0.554885149002
147391,0.470447301865
147392,0.879630506039
147393,0.451097160578
147395,0.87123799324
147396,0.914258241653
147398,0.620961606503
147399,0.424519360065
147400,0.181925445795
147403,0.307954192162
147407,0.971552968025
147409,0.745749473572
147411,0.743906378746
147415,0.104120396078
147417,0.681803941727
147418,0.738430798054
147419,0.781279861927
147420,0.783650994301
147422,0.956432342529
147423,0.839153647423
147425,0.818226695061
147428,0.971166968346
147431,0.799548447132
147434,0.948067903519
147435,0.638756096363
147437,0.919094145298
147438,0.659022212029
147443,0.931236803532
147444,0.965684533119
147445,0.314948290586
147446,0.855348348618
147447,0.720107376575
147448,0.387646466494
147449,0.466712266207
147450,0.842640638351
147451,0.855616509914
147454,0.928041219711
147455,0.798108577728
147459,0.984164774418
147464,0.865667819977
147465,0.965611636639
147466,0.330691218376
147468,0.986579835415
147469,0.48217895627
147470,0.965353250504
147471,0.786873996258
147472,0.976910829544
147473,0.608776986599
147475,0.581775665283
147476,0.573507606983
147480,0.828125238419
147482,0.937466084957
147484,0.945100486279
147486,0.744821965694
147487,0.884807884693
147488,0.869419515133
147490,0.629415690899
147491,0.96924161911
147494,0.964432835579
147497,0.641052722931
147498,0.758383512497
147500,0.824532270432
147508,0.960606992245
147510,0.979089438915
147512,0.394643187523
147513,0.663707852364
147515,0.951473295689
147516,0.694586634636
147519,0.879142522812
147520,0.847834646702
147523,0.555731654167
147524,0.772247672081
147525,0.973913490772
147526,0.926044344902
147527,0.956450581551
147528,0.935132205486
147532,0.838780105114
147536,0.987611234188
147538,0.370261609554
147540,0.789616525173
147541,0.859142482281
147542,0.666498601437
147546,0.678884744644
147548,0.828790187836
147550,0.703259706497
147551,0.574226021767
147552,0.973181128502
147553,0.806047976017
147555,0.882681727409
147557,0.903310000896
147560,0.303074449301
147562,0.739231705666
147566,0.724866688251
147567,0.68473815918
147569,0.937316954136
147570,0.555922687054
147571,0.719787657261
147572,0.8151653409
147573,0.70018184185
147575,0.914903759956
147586,0.728781938553
147588,0.726296901703
147592,0.667120337486
147596,0.751306414604
147597,0.746756315231
147598,0.802252650261
147599,0.684913814068
147601,0.506549239159
147602,0.645061075687
147604,0.900596797466
147606,0.483227878809
147608,0.716792166233
147610,0.909769415855
147613,0.925979316235
147615,0.88814419508
147621,0.965490818024
147622,0.886999666691
147623,0.670148789883
147631,0.622724235058
147632,0.866686880589
147633,0.697912335396
147634,0.78550183773
147635,0.852456986904
147636,0.93304246664
147637,0.749024868011
147638,0.899413764477
147640,0.954046666622
147641,0.94787889719
147642,0.428252220154
147643,0.853607296944
147645,0.519723653793
147647,0.913051247597
147648,0.910405933857
147649,0.747416198254
147652,0.890441954136
147654,0.912488520145
147656,0.986260712147
147657,0.815387129784
147658,0.897582530975
147667,0.934420645237
147668,0.43395164609
147670,0.981629729271
147674,0.808960795403
147675,0.832732856274
147676,0.463405638933
147677,0.896793305874
147678,0.799973368645
147681,0.957345962524
147684,0.775908112526
147685,0.75759691
147687,0.644669651985
147689,0.954672813416
147691,0.779227733612
147692,0.890639543533
147694,0.99291986227
147697,0.832652390003
147698,0.756491720676
147699,0.907997846603
147700,0.672888934612
147701,0.926421225071
147703,0.96861499548
147707,0.851294875145
147708,0.938384115696
147712,0.868493437767
147713,0.457407683134
147714,0.936314880848
147716,0.82861328125
147718,0.961967766285
147721,0.78116518259
147723,0.937302052975
147727,0.898953795433
147730,0.726425290108
147733,0.809378325939
147736,0.576366662979
147738,0.605904638767
147739,0.967352390289
147741,0.605484902859
147743,0.846037626266
147750,0.53748947382
147752,0.678724527359
147753,0.804523587227
147756,0.988870382309
147757,0.774364471436
147758,0.669573664665
147765,0.67761605978
147768,0.168131917715
147770,0.581568717957
147774,0.885012984276
147775,0.904375851154
147777,0.682927370071
147780,0.783939421177
147782,0.49344137311
147785,0.771088778973
147786,0.565633952618
147787,0.414614498615
147788,0.944594979286
147789,0.562306046486
147790,0.896632254124
147793,0.945619344711
147797,0.944630742073
147799,0.841543138027
147802,0.662018656731
147803,0.793619394302
147805,0.723021864891
147808,0.847212433815
147810,0.736014783382
147812,0.88981205225
147813,0.852021694183
147816,0.789932250977
147817,0.789209127426
147819,0.828757584095
147820,0.793385922909
147824,0.831146776676
147826,0.961546182632
147829,0.904457271099
147830,0.795520663261
147832,0.489464789629
147837,0.441543996334
147838,0.652895510197
147839,0.94369918108
147843,0.846989274025
147844,0.786164522171
147845,0.728960096836
147846,0.600727260113
147849,0.572943747044
147851,0.430525481701
147853,0.987534761429
147855,0.760868489742
147858,0.5099427104
147859,0.883243918419
147860,0.769817531109
147862,0.90322971344
147864,0.781642258167
147867,0.952569186687
147868,0.941456377506
147872,0.787386417389
147873,0.677224099636
147875,0.639656543732
147876,0.878834307194
147877,0.678870677948
147878,0.928186476231
147879,0.742616534233
147881,0.863892674446
147882,0.562883734703
147883,0.950913071632
147886,0.648733437061
147887,0.394101977348
147888,0.903174102306
147891,0.552572548389
147892,0.757425010204
147894,0.850384354591
147895,0.855481266975
147896,0.990414857864
147897,0.298985362053
147899,0.78386425972
147900,0.859856784344
147902,0.738423526287
147903,0.753302395344
147907,0.877363264561
147909,0.917867541313
147910,0.822298645973
147912,0.989261746407
147915,0.768669605255
147916,0.546007990837
147917,0.894710958004
147920,0.886005699635
147921,0.789395809174
147922,0.945409357548
147923,0.980513513088
147925,0.893584549427
147926,0.955766201019
147930,0.874257028103
147934,0.974136531353
147935,0.502583682537
147936,0.660465300083
147939,0.986507177353
147940,0.545579254627
147941,0.865839064121
147944,0.904009401798
147945,0.798121154308
147946,0.973364710808
147947,0.598147332668
147950,0.980433225632
147952,0.934867143631
147954,0.910933196545
147960,0.8877851367
147961,0.985091626644
147962,0.10993283987
147963,0.975693285465
147964,0.792017877102
147965,0.508473694324
147967,0.770099818707
147968,0.568784713745
147970,0.937190055847
147971,0.633795320988
147972,0.562837719917
147973,0.846150815487
147979,0.98862528801
147980,0.686298012733
147982,0.710035026073
147983,0.311891764402
147985,0.754405617714
147986,0.769200444221
147987,0.929716587067
147989,0.629987001419
147990,0.773198962212
147992,0.924421846867
147996,0.808027684689
147997,0.727532327175
147999,0.885712504387
148000,0.633979439735
148001,0.892568528652
148003,0.790318787098
148006,0.488150477409
148010,0.709925532341
148011,0.91066044569
148013,0.585002183914
148016,0.746799945831
148017,0.910230994225
148021,0.826624512672
148022,0.425472706556
148025,0.896860778332
148027,0.955502748489
148032,0.94068557024
148037,0.83574795723
148038,0.821409285069
148040,0.542412638664
148042,0.837118983269
148044,0.474172145128
148045,0.759016096592
148046,0.766818463802
148047,0.964607298374
148048,0.790461182594
148049,0.714139401913
148051,0.7001324296
148052,0.933155417442
148055,0.749143362045
148056,0.75513869524
148057,0.973534286022
148058,0.483887940645
148060,0.994763374329
148061,0.392931938171
148062,0.990237057209
148063,0.569629669189
148067,0.73153334856
148068,0.757975280285
148071,0.853126108646
148072,0.949204146862
148073,0.836352586746
148075,0.869917392731
148079,0.982802450657
148088,0.935283243656
148089,0.682148873806
148091,0.980177640915
148094,0.521302998066
148095,0.97802823782
148098,0.935946822166
148099,0.676348984241
148104,0.810611724854
148105,0.974738776684
148108,0.853240311146
148109,0.610137939453
148112,0.85504090786
148113,0.945522785187
148118,0.733426630497
148121,0.670686304569
148123,0.866553783417
148124,0.89827466011
148125,0.846219420433
148127,0.763308405876
148131,0.927066266537
148132,0.839203953743
148136,0.933030128479
148137,0.760823667049
148138,0.926509857178
148140,0.657598078251
148144,0.622616946697
148146,0.85562556982
148147,0.857653796673
148148,0.871775269508
148149,0.38757109642
148150,0.743558943272
148153,0.720406353474
148155,0.945896029472
148157,0.793721854687
148158,0.977009773254
148159,0.314167171717
148161,0.708893656731
148163,0.779836416245
148165,0.94637209177
148166,0.895230591297
148167,0.986058056355
148168,0.539410412312
148170,0.796697556973
148171,0.972426950932
148172,0.673663675785
148175,0.938724756241
148176,0.85784304142
148178,0.97961628437
148179,0.989014565945
148181,0.69302046299
148182,0.857927381992
148183,0.345462828875
148184,0.939094185829
148187,0.419297605753
148188,0.868417561054
148189,0.849312603474
148192,0.798547744751
148194,0.943374335766
148195,0.0669468790293
148196,0.471251249313
148197,0.823513388634
148199,0.974425852299
148201,0.896758079529
148203,0.668668150902
148204,0.684273421764
148209,0.921422183514
148210,0.72334009409
148212,0.89587366581
148213,0.745187759399
148214,0.891240239143
148216,0.932505846024
148218,0.944801926613
148219,0.893628716469
148220,0.671346008778
148221,0.785775065422
148224,0.991733908653
148228,0.920028865337
148229,0.950501382351
148234,0.0334514304996
148235,0.916416108608
148238,0.731437146664
148239,0.483229666948
148241,0.785643219948
148242,0.807432711124
148243,0.669617116451
148244,0.824555695057
148245,0.273397296667
148246,0.978979945183
148248,0.735104739666
148249,0.550318062305
148251,0.818358242512
148254,0.941426932812
148258,0.691660761833
148261,0.861620664597
148262,0.733697712421
148263,0.691750824451
148269,0.800692796707
148270,0.818693339825
148271,0.803008854389
148273,0.782515883446
148277,0.808906018734
148278,0.65118676424
148280,0.794731795788
148281,0.966574788094
148284,0.709770679474
148287,0.470139652491
148289,0.341105997562
148293,0.880765616894
148296,0.871556341648
148298,0.432753145695
148299,0.912190496922
148300,0.907205462456
148304,0.834998369217
148306,0.700929641724
148307,0.469549775124
148310,0.886298298836
148312,0.663796782494
148315,0.822411417961
148316,0.955033898354
148321,0.909726023674
148323,0.98722165823
148324,0.307318747044
148325,0.864974081516
148326,0.871344327927
148327,0.733061671257
148330,0.920957148075
148332,0.625483214855
148334,0.675615668297
148337,0.58578068018
148338,0.780470073223
148339,0.496312111616
148344,0.971111774445
148345,0.59545904398
148346,0.838983118534
148347,0.917253613472
148348,0.856111943722
148349,0.851986527443
148350,0.900462627411
148353,0.886023938656
148356,0.769895195961
148358,0.701047360897
148359,0.88597536087
148361,0.703534960747
148362,0.814486384392
148363,0.699815630913
148364,0.947482049465
148366,0.815009713173
148368,0.590316712856
148369,0.871192157269
148371,0.942481994629
148373,0.916782319546
148374,0.916260421276
148376,0.873926699162
148378,0.871306061745
148379,0.927244246006
148380,0.824045360088
148381,0.61692148447
148385,0.943615853786
148387,0.992681205273
148390,0.984593987465
148391,0.952077150345
148392,0.714938342571
148393,0.81897521019
148396,0.928410768509
148398,0.692427039146
148400,0.863163173199
148403,0.67519313097
148407,0.752777278423
148408,0.924939990044
148411,0.710291385651
148416,0.835879862309
148417,0.844274699688
148422,0.879291296005
148424,0.943632423878
148425,0.83027523756
148426,0.818230509758
148427,0.820460498333
148429,0.983013868332
148432,0.440353035927
148436,0.411813735962
148437,0.955334603786
148438,0.772407770157
148439,0.728447794914
148442,0.694668352604
148446,0.801586091518
148449,0.767763495445
148450,0.945117652416
148451,0.97788143158
148452,0.520379066467
148453,0.981560766697
148454,0.698851048946
148455,0.741723716259
148457,0.574252903461
148458,0.787252783775
148459,0.847856044769
148460,0.673097372055
148463,0.685678124428
148465,0.977125763893
148466,0.954712688923
148467,0.781405925751
148469,0.914057552814
148470,0.697034537792
148471,0.60863161087
148472,0.787415385246
148475,0.985027551651
148476,0.251641601324
148478,0.588730454445
148479,0.785887718201
148480,0.69709032774
148481,0.715940713882
148482,0.50676381588
148483,0.748542070389
148487,0.957555234432
148488,0.910797894001
148489,0.932246446609
148490,0.416427493095
148494,0.928846240044
148495,0.971361160278
148497,0.916929543018
148498,0.818455398083
148499,0.867172598839
148500,0.92895513773
148501,0.793416500092
148503,0.522726297379
148504,0.923331737518
148507,0.874307155609
148510,0.307831168175
148513,0.515570819378
148517,0.905758321285
148518,0.768688440323
148519,0.985129714012
148520,0.535084724426
148521,0.872662246227
148522,0.943651497364
148525,0.827854394913
148528,0.843345880508
148532,0.892284274101
148535,0.865117967129
148536,0.924275696278
148538,0.530362129211
148539,0.934083819389
148541,0.536209762096
148543,0.904958307743
148544,0.902492165565
148545,0.529277861118
148547,0.612052083015
148551,0.769645810127
148552,0.776424467564
148556,0.668147087097
148557,0.812519967556
148558,0.727207779884
148564,0.920138955116
148569,0.461751073599
148570,0.57969969511
148571,0.92464786768
148572,0.869381666183
148573,0.887006342411
148576,0.862407207489
148577,0.878083944321
148578,0.445128560066
148580,0.7081605196
148582,0.961030423641
148584,0.91614484787
148586,0.795107007027
148588,0.990027487278
148593,0.985769093037
148595,0.9704246521
148596,0.424207150936
148597,0.978328704834
148598,0.944127500057
148603,0.407454907894
148606,0.891571879387
148607,0.79827940464
148608,0.93113732338
148611,0.969921648502
148617,0.867538332939
148618,0.634183347225
148619,0.908484697342
148622,0.393144756556
148626,0.71786481142
148628,0.944408893585
148629,0.856472551823
148634,0.963043212891
148635,0.757886648178
148639,0.975175082684
148641,0.919836580753
148642,0.980783760548
148643,0.636544823647
148645,0.876854002476
148646,0.505136609077
148654,0.988407433033
148657,0.449131548405
148659,0.884656727314
148661,0.934795796871
148662,0.763375639915
148664,0.720046341419
148672,0.430648267269
148679,0.772035181522
148680,0.958673715591
148682,0.711687743664
148684,0.932785153389
148685,0.860141396523
148686,0.943057537079
148690,0.741599023342
148691,0.604498386383
148694,0.775333225727
148696,0.839672505856
148697,0.951092243195
148699,0.731820821762
148700,0.80570846796
148702,0.895774006844
148703,0.925093770027
148704,0.790359973907
148705,0.562933683395
148706,0.908309519291
148707,0.938730955124
148708,0.936050653458
148709,0.89809435606
148711,0.824453413486
148714,0.916474938393
148717,0.587806344032
148719,0.852722048759
148720,0.755780339241
148721,0.735153675079
148722,0.439321368933
148724,0.416191726923
148725,0.540711641312
148728,0.970462024212
148730,0.618443369865
148732,0.146371871233
148733,0.563661813736
148734,0.989348769188
148735,0.59824180603
148738,0.830106973648
148739,0.909165859222
148740,0.887167811394
148741,0.984190940857
148742,0.532015383244
148745,0.888511717319
148746,0.750725924969
148748,0.549427688122
148750,0.975250244141
148752,0.640062630177
148753,0.793984174728
148758,0.681591033936
148759,0.802581310272
148764,0.430765777826
148765,0.401997834444
148767,0.700392484665
148773,0.749436855316
148775,0.571345686913
148776,0.929859638214
148779,0.127593681216
148781,0.818167328835
148782,0.9506046772
148783,0.880486130714
148787,0.924216926098
148788,0.762821674347
148792,0.654021799564
148793,0.288905799389
148794,0.904996871948
148795,0.913036644459
148797,0.859070539474
148801,0.943815946579
148803,0.623010456562
148805,0.725426852703
148807,0.846456587315
148808,0.700733542442
148818,0.340691238642
148819,0.815412580967
148820,0.791323244572
148823,0.973861157894
148826,0.865595936775
148828,0.232743695378
148830,0.984186351299
148831,0.505802452564
148832,0.987540185452
148833,0.88541662693
148835,0.967555999756
148836,0.0827375054359
148839,0.908363223076
148842,0.885014653206
148844,0.979451775551
148848,0.845659196377
148853,0.858149588108
148856,0.801724851131
148859,0.888678491116
148862,0.905068457127
148863,0.825214385986
148865,0.599208772182
148868,0.643742203712
148869,0.754244983196
148874,0.975697398186
148876,0.834595859051
148879,0.864314496517
148881,0.906101226807
148882,0.901093661785
148883,0.533652186394
148884,0.954116880894
148887,0.85100376606
148889,0.356197714806
148890,0.911789536476
148892,0.975234031677
148894,0.804516077042
148896,0.582026779652
148898,0.899041950703
148899,0.784823358059
148900,0.773943781853
148904,0.908256411552
148907,0.918039619923
148910,0.670167028904
148913,0.930308878422
148915,0.728591620922
148917,0.630916714668
148919,0.986391663551
148920,0.854959845543
148922,0.741922497749
148924,0.509041368961
148925,0.763677954674
148927,0.893526792526
148930,0.731499612331
148933,0.719640851021
148934,0.646599769592
148936,0.739054441452
148938,0.784590899944
148939,0.780732452869
148941,0.942982554436
148942,0.75416135788
148944,0.989485323429
148945,0.61213684082
148946,0.987109184265
148947,0.975608289242
148948,0.982104480267
148949,0.783697009087
148950,0.848381698132
148954,0.914442062378
148955,0.937248885632
148959,0.376230865717
148961,0.794533610344
148962,0.913669884205
148963,0.891321837902
148964,0.937517046928
148965,0.750443279743
148967,0.850539565086
148969,0.614870786667
148971,0.96797311306
148973,0.64611440897
148984,0.783068060875
148985,0.882514715195
148986,0.558529138565
148989,0.889274299145
148991,0.867975950241
148994,0.863600969315
148995,0.828957557678
148996,0.756803870201
148997,0.747904598713
148999,0.851185023785
149000,0.577010452747
149001,0.86175006628
149002,0.705296576023
149003,0.982810497284
149009,0.934323549271
149010,0.315934479237
149011,0.742975950241
149012,0.827875852585
149013,0.841672182083
149016,0.702761471272
149020,0.902616560459
149021,0.680691480637
149022,0.919030070305
149024,0.883061289787
149027,0.608446598053
149031,0.787173032761
149033,0.83109998703
149034,0.9398483634
149035,0.759192049503
149037,0.930541336536
149039,0.850935578346
149040,0.857838094234
149043,0.748405575752
149045,0.862626671791
149047,0.704862117767
149051,0.870946586132
149053,0.827803909779
149054,0.677638113499
149058,0.876290857792
149059,0.946842849255
149060,0.482599496841
149062,0.473721802235
149065,0.665049314499
149066,0.963367819786
149069,0.926683545113
149071,0.697842359543
149074,0.664077699184
149076,0.186895340681
149077,0.716263532639
149078,0.778541445732
149079,0.922699868679
149080,0.93777358532
149082,0.427971065044
149083,0.979102432728
149084,0.779548227787
149085,0.980337202549
149088,0.932337105274
149090,0.904772698879
149092,0.862664103508
149097,0.962899625301
149098,0.716804206371
149100,0.813241124153
149102,0.86185747385
149107,0.834478259087
149108,0.630288600922
149112,0.657580435276
149113,0.745564162731
149114,0.940094590187
149115,0.901182413101
149119,0.588890314102
149120,0.792197346687
149122,0.745634078979
149123,0.865939497948
149126,0.944630503654
149128,0.885493755341
149129,0.854762613773
149130,0.710194706917
149133,0.724105715752
149136,0.959135532379
149137,0.985177159309
149138,0.6027790308
149139,0.708772718906
149140,0.612917900085
149142,0.978994369507
149143,0.449197471142
149145,0.506001114845
149148,0.594079971313
149151,0.754002630711
149155,0.688694298267
149156,0.320835381746
149158,0.824375450611
149159,0.893530666828
149160,0.563308417797
149161,0.900520801544
149162,0.886811316013
149163,0.951476633549
149164,0.854001581669
149165,0.84344625473
149168,0.889693558216
149173,0.848056972027
149176,0.521212041378
149177,0.429004579782
149179,0.373953193426
149182,0.966268718243
149184,0.937095701694
149185,0.770920455456
149187,0.970016121864
149188,0.528110980988
149189,0.858430802822
149190,0.686773002148
149192,0.979493439198
149193,0.922529697418
149194,0.820061206818
149195,0.995888054371
149196,0.800368368626
149197,0.967573881149
149200,0.963655233383
149201,0.942584395409
149205,0.848734200001
149207,0.972798168659
149212,0.901897072792
149213,0.791759371758
149217,0.924355149269
149221,0.277225583792
149222,0.785900175571
149224,0.976478695869
149225,0.902844667435
149226,0.816329240799
149228,0.542840063572
149229,0.285377949476
149230,0.808400928974
149232,0.888245165348
149234,0.992923855782
149236,0.884192466736
149238,0.523002445698
149240,0.71925330162
149243,0.927537679672
149244,0.543076395988
149253,0.458363175392
149254,0.777588546276
149255,0.864061653614
149256,0.979217529297
149264,0.65711158514
149265,0.695733785629
149266,0.723668694496
149269,0.875909388065
149271,0.941312193871
149273,0.832588255405
149275,0.94138020277
149276,0.714411735535
149278,0.979328751564
149279,0.915356278419
149281,0.872929334641
149282,0.730976045132
149283,0.826719522476
149285,0.687184274197
149287,0.761676311493
149289,0.95893907547
149290,0.864250838757
149291,0.713364899158
149293,0.897862195969
149295,0.642285645008
149296,0.715924143791
149297,0.982904136181
149299,0.645743966103
149301,0.871449410915
149302,0.346409887075
149303,0.935829460621
149304,0.979333221912
149305,0.855660319328
149306,0.877504050732
149307,0.734337925911
149310,0.857509672642
149311,0.821078062057
149313,0.550204277039
149314,0.98638677597
149319,0.980546534061
149321,0.717646121979
149323,0.916979551315
149327,0.760400354862
149328,0.792453408241
149330,0.977084577084
149334,0.845700740814
149337,0.9263651371
149338,0.904132187366
149339,0.719300866127
149346,0.946653366089
149347,0.919075727463
149348,0.945487082005
149349,0.947743356228
149350,0.154102340341
149351,0.700667798519
149353,0.51113909483
149354,0.761176645756
149356,0.819421648979
149357,0.760248839855
149358,0.819834113121
149360,0.87088572979
149364,0.655365347862
149366,0.835021555424
149367,0.860785782337
149368,0.915626585484
149370,0.982617795467
149371,0.984929382801
149375,0.83728826046
149376,0.900648415089
149378,0.912603259087
149381,0.771181166172
149383,0.415250569582
149385,0.196918830276
149386,0.800814986229
149388,0.797050714493
149390,0.926768064499
149391,0.932233691216
149392,0.780399084091
149395,0.935460984707
149396,0.591128528118
149397,0.97955095768
149398,0.754733502865
149399,0.715430796146
149402,0.715508699417
149403,0.959991157055
149404,0.626224815845
149405,0.933561265469
149406,0.808133065701
149408,0.778896391392
149410,0.946923017502
149415,0.871599018574
149417,0.799922466278
149419,0.943394601345
149420,0.723501086235
149421,0.836233437061
149424,0.88876003027
149427,0.894421160221
149432,0.90530025959
149433,0.920184493065
149434,0.851497709751
149435,0.884394586086
149437,0.725707471371
149438,0.914963841438
149441,0.461979448795
149442,0.943826258183
149444,0.533445894718
149445,0.431366026402
149446,0.950983345509
149449,0.924445509911
149450,0.49105489254
149452,0.331495165825
149458,0.98356115818
149460,0.833948493004
149461,0.935081958771
149463,0.783566057682
149466,0.886980116367
149467,0.673161685467
149470,0.628517329693
149471,0.383967757225
149472,0.819552659988
149473,0.79534894228
149474,0.412809848785
149477,0.795346438885
149478,0.8813585639
149480,0.861521422863
149481,0.447387903929
149487,0.854086756706
149488,0.829180777073
149489,0.78055614233
149494,0.5400390625
149495,0.799781680107
149497,0.354667425156
149499,0.944991052151
149506,0.779917418957
149507,0.693308711052
149508,0.758926510811
149509,0.157363146544
149515,0.727387905121
149516,0.491420507431
149521,0.965254604816
149522,0.902478277683
149524,0.543733894825
149525,0.535670280457
149526,0.856499135494
149531,0.939398646355
149534,0.504277408123
149535,0.850280821323
149536,0.697689473629
149538,0.942563295364
149542,0.430243551731
149543,0.750938892365
149546,0.539849281311
149549,0.950070977211
149550,0.819761514664
149551,0.607112884521
149554,0.820814847946
149555,0.948829591274
149557,0.901632726192
149558,0.484577327967
149563,0.778481006622
149565,0.624184966087
149566,0.826095342636
149570,0.944163024426
149572,0.713142037392
149575,0.970876395702
149576,0.510040163994
149579,0.980523169041
149581,0.0726961866021
149582,0.685883164406
149586,0.77249109745
149587,0.897705793381
149591,0.690728843212
149592,0.654266476631
149594,0.908637106419
149595,0.931615948677
149597,0.826547563076
149599,0.882273793221
149600,0.949867546558
149601,0.811750531197
149603,0.687363862991
149604,0.84939545393
149605,0.766177535057
149607,0.814440429211
149610,0.728671431541
149611,0.811055779457
149614,0.986650824547
149615,0.689657092094
149616,0.742234528065
149617,0.966676950455
149618,0.864290118217
149620,0.984424293041
149621,0.955469965935
149623,0.921103537083
149626,0.741239368916
149627,0.611233174801
149628,0.215909287333
149631,0.778634250164
149632,0.924067616463
149633,0.666898846626
149638,0.948586046696
149640,0.864457190037
149642,0.862744748592
149644,0.421054244041
149645,0.958312988281
149647,0.605199337006
149648,0.232060998678
149649,0.912598013878
149650,0.765178203583
149651,0.847361862659
149652,0.957301795483
149656,0.882789373398
149666,0.661070227623
149667,0.848263204098
149670,0.984357297421
149674,0.966913282871
149676,0.693386614323
149677,0.988445878029
149678,0.85031658411
149680,0.588125348091
149681,0.888890743256
149682,0.686674594879
149683,0.573844790459
149684,0.967962384224
149685,0.983863592148
149687,0.657319962978
149688,0.959726989269
149689,0.88056397438
149690,0.915256440639
149691,0.982555985451
149694,0.843176424503
149696,0.803689181805
149697,0.921485424042
149698,0.944972515106
149699,0.754143953323
149702,0.920606732368
149703,0.93901437521
149705,0.949595630169
149707,0.381755203009
149709,0.959691941738
149715,0.723707258701
149717,0.912617444992
149718,0.549237251282
149719,0.874889731407
149726,0.729442715645
149727,0.74091809988
149728,0.889241039753
149730,0.778097629547
149733,0.949551641941
149735,0.679993093014
149737,0.382380217314
149739,0.866855382919
149740,0.794427216053
149743,0.949050366879
149744,0.660229802132
149747,0.916887164116
149749,0.936546623707
149752,0.871095359325
149756,0.939715921879
149758,0.631846547127
149759,0.963519155979
149760,0.940913915634
149763,0.979071497917
149765,0.841825008392
149766,0.845961987972
149768,0.608730971813
149770,0.915082216263
149774,0.971796214581
149776,0.827632725239
149780,0.992442786694
149784,0.767487049103
149785,0.9176466465
149787,0.772158384323
149789,0.543656826019
149792,0.473273068666
149794,0.854004979134
149795,0.877069294453
149799,0.849895179272
149800,0.975789427757
149802,0.574772000313
149804,0.985345959663
149808,0.699598670006
149812,0.959645211697
149815,0.752492070198
149816,0.894450187683
149818,0.733164787292
149819,0.817910373211
149820,0.988757193089
149822,0.96086204052
149824,0.57982981205
149825,0.957587718964
149826,0.864218592644
149827,0.528299689293
149828,0.9385612607
149829,0.916046082973
149830,0.962186038494
149831,0.900667011738
149833,0.483876913786
149835,0.796891272068
149836,0.943469166756
149838,0.911551058292
149839,0.954852581024
149841,0.737348794937
149842,0.587092518806
149844,0.808628439903
149845,0.915648758411
149847,0.751731514931
149849,0.613930523396
149850,0.49351760745
149851,0.87023627758
149852,0.954239606857
149857,0.105863310397
149858,0.967394113541
149860,0.585862159729
149864,0.974215447903
149869,0.920637607574
149872,0.943653643131
149873,0.178298428655
149874,0.793940603733
149876,0.879880309105
149878,0.979035139084
149880,0.628756344318
149881,0.939099431038
149885,0.329777806997
149888,0.665030777454
149891,0.750472009182
149896,0.836477994919
149899,0.844692647457
149900,0.662121236324
149902,0.603065371513
149903,0.712822020054
149904,0.765270888805
149905,0.870679676533
149906,0.659130871296
149908,0.952643573284
149910,0.549459636211
149911,0.89144718647
149913,0.942659676075
149914,0.745034575462
149918,0.969955086708
149922,0.644657790661
149924,0.855791270733
149927,0.798225700855
149928,0.775891661644
149937,0.609915912151
149942,0.959857106209
149943,0.946434736252
149950,0.897530853748
149951,0.787990808487
149954,0.628039002419
149955,0.77067142725
149956,0.789152085781
149958,0.872635006905
149960,0.864815354347
149962,0.659918487072
149964,0.739339888096
149965,0.891474485397
149969,0.946196258068
149972,0.678583264351
149973,0.648672997952
149976,0.976154267788
149977,0.946303725243
149978,0.85491758585
149981,0.859408140182
149982,0.73834592104
149986,0.965590834618
149989,0.858301401138
149992,0.957238018513
149993,0.424265146255
149996,0.848317563534
149997,0.236752256751
149998,0.964174807072
149999,0.569476544857
150000,0.522723674774
150003,0.739366292953
150009,0.872788786888
150010,0.929103314877
150021,0.92552614212
150023,0.838509976864
150026,0.868794977665
150028,0.809791088104
150029,0.954113185406
150032,0.944487690926
150036,0.88066804409
150037,0.515666425228
150039,0.701836526394
150040,0.777692496777
150041,0.65758317709
150042,0.908375680447
150044,0.803446114063
150045,0.87262147665
150047,0.912497699261
150048,0.74009758234
150050,0.397767156363
150053,0.497061043978
150055,0.953501284122
150057,0.486271321774
150063,0.742347598076
150064,0.922160506248
150066,0.835362553596
150068,0.639100074768
150071,0.797518849373
150073,0.986335635185
150074,0.759858071804
150075,0.878181099892
150076,0.804948866367
150078,0.696769237518
150079,0.71113461256
150080,0.585159003735
150081,0.590590417385
150085,0.435076504946
150088,0.906958401203
150089,0.393451571465
150092,0.699683368206
150093,0.826862514019
150096,0.858654677868
150105,0.87107527256
150108,0.71955537796
150109,0.8002794981
150110,0.604007720947
150111,0.724542021751
150112,0.971460580826
150115,0.968046724796
150117,0.662153363228
150118,0.24848626554
150122,0.775149345398
150123,0.890202224255
150125,0.732263863087
150129,0.624525487423
150131,0.835312128067
150132,0.908194959164
150135,0.971088945866
150136,0.968786299229
150138,0.792588889599
150140,0.554157078266
150142,0.592533409595
150143,0.745484113693
150144,0.96815097332
150147,0.968474090099
150148,0.961855351925
150152,0.620066106319
150154,0.884148001671
150156,0.621601343155
150165,0.90713506937
150166,0.755143523216
150167,0.978509128094
150170,0.879730701447
150177,0.619756281376
150178,0.917970359325
150180,0.597519159317
150182,0.862430691719
150184,0.815677523613
150185,0.729060411453
150190,0.908197104931
150191,0.915483891964
150192,0.520498812199
150193,0.504433631897
150195,0.927114605904
150198,0.762988865376
150199,0.574666678905
150200,0.973516643047
150203,0.969506084919
150204,0.783629059792
150206,0.924774467945
150207,0.789977908134
150210,0.885132610798
150211,0.981882810593
150212,0.944878876209
150214,0.848467171192
150220,0.978574991226
150224,0.543122947216
150225,0.903105199337
150227,0.964572608471
150228,0.897835969925
150229,0.56581735611
150233,0.800922513008
150235,0.967150866985
150236,0.837575554848
150238,0.956489264965
150239,0.881354153156
150242,0.46900036931
150243,0.817225158215
150244,0.439601421356
150250,0.551272034645
150252,0.978081941605
150254,0.847809255123
150255,0.976688444614
150256,0.949156999588
150257,0.952662944794
150259,0.941214680672
150260,0.50853317976
150261,0.935387134552
150262,0.493183642626
150264,0.366595089436
150267,0.880965471268
150268,0.730757653713
150269,0.669205188751
150272,0.876948356628
150273,0.863513708115
150275,0.980000138283
150276,0.656457424164
150277,0.965292274952
150278,0.911158084869
150279,0.158671140671
150281,0.899597406387
150289,0.983711063862
150290,0.774483919144
150291,0.811435520649
150292,0.463371664286
150295,0.63555085659
150296,0.846857070923
150299,0.951159894466
150300,0.968003034592
150301,0.5879971385
150303,0.327699899673
150305,0.986871004105
150307,0.985131323338
150311,0.899712860584
150312,0.849874317646
150314,0.906282484531
150319,0.988997340202
150321,0.970734298229
150322,0.510986208916
150324,0.445063441992
150326,0.806898117065
150327,0.2221236974
150329,0.693196117878
150330,0.949621081352
150334,0.962751746178
150336,0.493934959173
150342,0.986022114754
150343,0.91266977787
150344,0.754068255424
150345,0.872906982899
150346,0.967940866947
150348,0.934628248215
150350,0.571392059326
150351,0.382207363844
150353,0.518567383289
150355,0.870041072369
150356,0.605527698994
150358,0.992490708828
150359,0.940177440643
150360,0.738384366035
150363,0.205735325813
150364,0.901107430458
150365,0.729861676693
150366,0.595440864563
150368,0.807143390179
150370,0.935275137424
150371,0.954299986362
150372,0.368784368038
150373,0.765179634094
150376,0.907428622246
150377,0.641530871391
150378,0.469334989786
150382,0.473934739828
150385,0.809876561165
150386,0.77666759491
150387,0.638843595982
150389,0.953554213047
150392,0.830477297306
150395,0.973049581051
150399,0.91193240881
150406,0.943486809731
150410,0.977588891983
150411,0.955702722073
150412,0.666709899902
150413,0.915738999844
150418,0.860139966011
150419,0.744453132153
150421,0.360346227884
150423,0.833360433578
150424,0.734622180462
150430,0.674325168133
150431,0.92391616106
150433,0.822792947292
150434,0.765712797642
150435,0.857678592205
150436,0.268471777439
150437,0.715718567371
150439,0.152975484729
150441,0.874864697456
150442,0.842237234116
150445,0.726124823093
150448,0.948426246643
150449,0.427585929632
150450,0.968832015991
150451,0.732513844967
150452,0.794743657112
150453,0.585056364536
150456,0.886455833912
150459,0.861301660538
150461,0.924763798714
150462,0.936363577843
150465,0.988452017307
150467,0.606267035007
150469,0.781643688679
150471,0.967986643314
150477,0.758041441441
150481,0.360713392496
150484,0.94913393259
150485,0.985468089581
150488,0.991773545742
150493,0.961822152138
150494,0.983892798424
150496,0.94726139307
150498,0.979897201061
150499,0.973906159401
150500,0.658050060272
150501,0.93012547493
150502,0.800991237164
150503,0.834651648998
150504,0.913117349148
150505,0.956661820412
150508,0.833492994308
150509,0.955101311207
150510,0.77609038353
150511,0.685871660709
150513,0.763594031334
150515,0.982823848724
150518,0.6565554142
150519,0.718330740929
150520,0.702672243118
150522,0.531625747681
150523,0.974896371365
150524,0.942031502724
150525,0.754916131496
150526,0.832891523838
150529,0.843041300774
150530,0.693310201168
150531,0.877883851528
150537,0.788878560066
150539,0.716615915298
150540,0.975800573826
150542,0.728670239449
150543,0.67676961422
150545,0.784951388836
150547,0.735090315342
150548,0.959769129753
150549,0.940459191799
150550,0.922155380249
150553,0.879377424717
150557,0.852028131485
150558,0.639735579491
150560,0.773713886738
150562,0.322022438049
150564,0.690036177635
150567,0.989295065403
150569,0.860181808472
150571,0.979537785053
150573,0.605450630188
150574,0.737131953239
150575,0.494130194187
150577,0.887952804565
150579,0.92206466198
150581,0.972102642059
150582,0.935862600803
150584,0.861346423626
150585,0.41904848814
150588,0.806447803974
150592,0.481000602245
150593,0.931125342846
150594,0.967205703259
150596,0.933677732944
150599,0.520752370358
150601,0.726436018944
150603,0.301821857691
150604,0.972746312618
150606,0.945963859558
150607,0.961287617683
150609,0.748515725136
150610,0.982179880142
150611,0.839695632458
150612,0.753595352173
150614,0.895326375961
150617,0.876693069935
150618,0.664694905281
150619,0.934639155865
150622,0.970350444317
150623,0.865089952946
150624,0.750377237797
150627,0.866128087044
150628,0.571236491203
150631,0.979319155216
150635,0.695379555225
150637,0.932900607586
150641,0.768168389797
150642,0.929002046585
150643,0.943257927895
150645,0.93986415863
150647,0.96421867609
150652,0.731996715069
150656,0.895695149899
150658,0.29928791523
150659,0.709590494633
150660,0.927873551846
150663,0.86904913187
150664,0.583935976028
150666,0.813065350056
150667,0.829489171505
150668,0.939120650291
150669,0.583553373814
150670,0.950509905815
150671,0.992868721485
150673,0.899635672569
150674,0.218704074621
150675,0.993853330612
150679,0.929989218712
150680,0.942763090134
150681,0.988986968994
150682,0.418713569641
150683,0.979279816151
150684,0.712837100029
150686,0.552909910679
150688,0.786922395229
150690,0.637379109859
150692,0.897787511349
150694,0.487070560455
150695,0.918743133545
150698,0.924785256386
150699,0.839792907238
150700,0.785276055336
150701,0.89922785759
150702,0.988391041756
150703,0.779709994793
150706,0.897217154503
150708,0.909257531166
150710,0.900847017765
150711,0.973586380482
150712,0.897191226482
150713,0.799381911755
150714,0.967770636082
150716,0.878670573235
150719,0.868939936161
150720,0.542096078396
150721,0.817449808121
150722,0.819448173046
150723,0.820091664791
150726,0.773183226585
150727,0.905313014984
150728,0.613801896572
150729,0.899225533009
150733,0.709966242313
150737,0.296910226345
150738,0.922323822975
150739,0.934946775436
150745,0.682540953159
150747,0.935111224651
150749,0.944052636623
150751,0.951462388039
150754,0.797621846199
150755,0.808952748775
150757,0.834438920021
150758,0.862633168697
150759,0.80059927702
150760,0.861122250557
150761,0.972563385963
150762,0.882188796997
150763,0.950607478619
150766,0.604914367199
150767,0.548581540585
150770,0.727924525738
150771,0.810132443905
150773,0.845614552498
150774,0.928930878639
150776,0.827089309692
150778,0.644511044025
150782,0.937395513058
150783,0.949121773243
150784,0.975762546062
150788,0.966256737709
150790,0.712915062904
150792,0.644194304943
150793,0.85325139761
150794,0.95563596487
150795,0.588625669479
150800,0.742226719856
150803,0.904826760292
150806,0.706818461418
150807,0.978938341141
150808,0.912957251072
150809,0.66863322258
150812,0.791239917278
150814,0.5233938694
150815,0.343161404133
150818,0.804227054119
150819,0.967166900635
150822,0.752659738064
150826,0.993415236473
150827,0.0729910433292
150828,0.960670888424
150829,0.905487000942
150832,0.669945657253
150834,0.650849580765
150837,0.778124153614
150838,0.948054254055
150841,0.969122827053
150845,0.706974744797
150846,0.783347666264
150848,0.823968648911
150849,0.977384090424
150851,0.833303689957
150856,0.6510668993
150858,0.876079618931
150863,0.59556466341
150864,0.77172511816
150865,0.916442394257
150866,0.909505069256
150870,0.965585708618
150871,0.847827911377
150872,0.920898199081
150874,0.85997402668
150875,0.941888928413
150878,0.850022614002
150880,0.88653922081
150882,0.969318032265
150886,0.689909636974
150887,0.759978652
150888,0.401756256819
150893,0.818182229996
150895,0.687123179436
150896,0.587712347507
150898,0.604343116283
150899,0.673861205578
150903,0.921922206879
150904,0.525885999203
150909,0.995227098465
150911,0.881452202797
150912,0.717882156372
150913,0.873068213463
150914,0.970280110836
150917,0.844981074333
150918,0.788691282272
150919,0.799042224884
150920,0.171451464295
150921,0.908356428146
150922,0.991799712181
150926,0.917685210705
150927,0.771575510502
150932,0.933608233929
150933,0.791002810001
150938,0.946591317654
150939,0.57710391283
150940,0.929178237915
150943,0.984072744846
150944,0.947631239891
150946,0.772108972073
150948,0.821285128593
150950,0.335803419352
150951,0.659646332264
150952,0.839258134365
150953,0.709217011929
150955,0.986612975597
150956,0.867887496948
150957,0.871559560299
150958,0.980399489403
150962,0.978978335857
150965,0.467548072338
150967,0.866713702679
150968,0.614936649799
150969,0.862802028656
150970,0.958904325962
150971,0.891277372837
150972,0.728216648102
150974,0.589541554451
150978,0.867681205273
150981,0.601100802422
150983,0.939434587955
150984,0.908258974552
150985,0.752363979816
150986,0.985400497913
150987,0.873749256134
150988,0.739347159863
150989,0.981135129929
150991,0.685052812099
150993,0.915790379047
150995,0.432212889194
150996,0.478366702795
150998,0.590320825577
151003,0.92828387022
151005,0.796738743782
151006,0.576758265495
151010,0.74073767662
151012,0.86214029789
151020,0.923508286476
151021,0.511428117752
151023,0.303100198507
151024,0.865173578262
151026,0.956586360931
151030,0.728099226952
151031,0.988498032093
151033,0.586439847946
151037,0.923345327377
151040,0.874788105488
151045,0.780836164951
151050,0.362317472696
151051,0.986517310143
151053,0.747843444347
151054,0.582025647163
151057,0.923871159554
151058,0.966757297516
151059,0.857327401638
151061,0.900997042656
151062,0.18090082705
151067,0.938837707043
151069,0.457712620497
151070,0.765551865101
151071,0.321299016476
151074,0.794293761253
151075,0.79383045435
151076,0.974775612354
151077,0.965455830097
151079,0.636518061161
151083,0.803245663643
151084,0.843321442604
151086,0.938487827778
151087,0.62822163105
151088,0.214430093765
151092,0.763171553612
151095,0.985249698162
151098,0.664138972759
151100,0.972776770592
151102,0.88994127512
151103,0.947268486023
151104,0.785458862782
151105,0.971143901348
151106,0.83110255003
151107,0.8319247365
151109,0.430032521486
151110,0.870619893074
151111,0.925600409508
151112,0.701264560223
151115,0.824128210545
151117,0.989163994789
151119,0.814893901348
151121,0.983464717865
151122,0.832521617413
151123,0.781180202961
151124,0.552593708038
151127,0.523007035255
151128,0.756549417973
151131,0.502513885498
151133,0.847166061401
151134,0.767173945904
151136,0.987810373306
151137,0.925758421421
151140,0.949502766132
151143,0.859156489372
151145,0.8212646842
151147,0.880622088909
151149,0.948775827885
151151,0.892091572285
151152,0.406886488199
151153,0.430495560169
151155,0.833576321602
151157,0.327970564365
151159,0.954684793949
151160,0.703048706055
151167,0.869520425797
151168,0.836353003979
151169,0.876621901989
151170,0.84280192852
151173,0.504850208759
151174,0.874851644039
151176,0.628662884235
151178,0.442958444357
151181,0.892563939095
151182,0.693408787251
151184,0.96151059866
151187,0.453152656555
151190,0.0960989668965
151191,0.962414741516
151192,0.396936058998
151193,0.470861792564
151194,0.853878557682
151197,0.631514489651
151198,0.661164164543
151199,0.84947603941
151201,0.40803489089
151203,0.619474112988
151205,0.530412077904
151209,0.337861299515
151210,0.990868091583
151211,0.967005670071
151212,0.873111009598
151214,0.877452671528
151216,0.957840502262
151217,0.813697874546
151219,0.953708231449
151220,0.675918161869
151221,0.864000082016
151222,0.816167771816
151225,0.979302227497
151227,0.623336732388
151231,0.72739982605
151232,0.924418091774
151233,0.850913643837
151241,0.98534989357
151242,0.667788684368
151243,0.613505065441
151245,0.45768892765
151246,0.723719358444
151247,0.719566106796
151248,0.867013931274
151250,0.653781950474
151251,0.916105210781
151253,0.614140987396
151254,0.794870734215
151256,0.0689051449299
151257,0.81537681818
151260,0.61934030056
151262,0.857638716698
151264,0.625126004219
151265,0.957815647125
151266,0.930531740189
151268,0.81534922123
151271,0.856668174267
151273,0.944470882416
151274,0.87570643425
151276,0.890900790691
151279,0.782462596893
151280,0.780801475048
151282,0.799524605274
151283,0.711168110371
151284,0.938615322113
151286,0.749041259289
151287,0.640989661217
151289,0.409226894379
151292,0.793094098568
151295,0.24686910212
151297,0.86140948534
151298,0.88926243782
151300,0.63417994976
151303,0.723918735981
151306,0.8460034132
151307,0.36862808466
151311,0.924940168858
151313,0.709702134132
151319,0.799852728844
151322,0.957288384438
151324,0.893145084381
151326,0.798054873943
151327,0.823710620403
151329,0.366332828999
151331,0.929515600204
151333,0.810403645039
151335,0.546172618866
151336,0.986018776894
151337,0.878827035427
151339,0.803323864937
151340,0.775591671467
151344,0.748180747032
151345,0.659582436085
151346,0.988930165768
151348,0.912614762783
151350,0.700600087643
151351,0.981586396694
151352,0.878634870052
151353,0.836962342262
151359,0.921650052071
151362,0.932622909546
151363,0.900182127953
151364,0.874588608742
151366,0.82501488924
151370,0.606562435627
151371,0.897292196751
151374,0.977124154568
151377,0.981944680214
151382,0.336930900812
151383,0.791632354259
151385,0.535909593105
151390,0.740765154362
151391,0.90563839674
151392,0.500077545643
151397,0.950100123882
151400,0.697857201099
151402,0.464225053787
151403,0.966898798943
151408,0.92303109169
151411,0.856665492058
151414,0.506405055523
151416,0.934179186821
151417,0.95133793354
151419,0.89892578125
151421,0.784876227379
151422,0.927068293095
151424,0.556437373161
151425,0.604721903801
151427,0.719032406807
151428,0.532607853413
151429,0.609335541725
151431,0.708746671677
151434,0.922498762608
151435,0.86031126976
151441,0.787737309933
151444,0.983289599419
151445,0.638995110989
151446,0.921154260635
151454,0.800739765167
151455,0.938347160816
151456,0.61144900322
151460,0.867303848267
151463,0.975867509842
151464,0.980486273766
151470,0.958986520767
151473,0.977818965912
151475,0.755897879601
151477,0.381738603115
151478,0.734829723835
151479,0.791480123997
151480,0.961077332497
151481,0.645427107811
151482,0.733846247196
151483,0.936479628086
151485,0.788464784622
151486,0.834165096283
151489,0.707406461239
151493,0.787553548813
151494,0.72145396471
151496,0.944794654846
151498,0.814464271069
151499,0.782273948193
151500,0.489532530308
151501,0.905336797237
151502,0.905482172966
151503,0.731668949127
151504,0.825402677059
151505,0.885771334171
151506,0.885444283485
151508,0.657040119171
151509,0.948991537094
151511,0.675483167171
151512,0.786378383636
151513,0.628100156784
151517,0.873736143112
151521,0.963233828545
151522,0.848816812038
151524,0.991424441338
151526,0.89757591486
151527,0.470340996981
151530,0.972946643829
151531,0.97545003891
151533,0.936500132084
151534,0.747408807278
151535,0.599061071873
151537,0.832816898823
151540,0.336593031883
151541,0.700838267803
151542,0.942309856415
151543,0.971009790897
151545,0.730383574963
151546,0.314592242241
151547,0.0456747598946
151549,0.663224518299
151550,0.833553731441
151551,0.934916138649
151553,0.99098443985
151554,0.885762095451
151555,0.709326088428
151557,0.754773676395
151559,0.931304931641
151560,0.740212142467
151561,0.501719653606
151567,0.952098011971
151569,0.742179811001
151570,0.62928301096
151572,0.934863448143
151573,0.863579571247
151574,0.0444540418684
151577,0.516687572002
151578,0.612378001213
151579,0.940369546413
151581,0.961886703968
151582,0.953002691269
151583,0.800039470196
151584,0.976962685585
151586,0.980381548405
151587,0.828754961491
151590,0.718398451805
151592,0.65384298563
151593,0.633176267147
151596,0.931677818298
151597,0.729471027851
151599,0.818633615971
151600,0.790848553181
151601,0.591694295406
151604,0.934730887413
151605,0.8864133358
151607,0.76844060421
151608,0.709180951118
151611,0.485047310591
151613,0.685238838196
151616,0.980637073517
151619,0.888294577599
151620,0.83023583889
151621,0.539438068867
151623,0.97093641758
151627,0.779768109322
151628,0.69815993309
151631,0.789187550545
151632,0.902783155441
151640,0.892737627029
151646,0.570742487907
151648,0.833469748497
151662,0.273755788803
151663,0.910111010075
151666,0.299398630857
151667,0.947945415974
151668,0.606590151787
151669,0.486383646727
151670,0.72339195013
151676,0.563017606735
151680,0.943908154964
151682,0.800227403641
151683,0.807068407536
151685,0.280200064182
151686,0.248160973191
151692,0.986981451511
151693,0.619157016277
151694,0.822429955006
151695,0.716894030571
151696,0.811974942684
151697,0.678308308125
151699,0.902999579906
151701,0.981879711151
151702,0.394870340824
151703,0.849980950356
151705,0.781111240387
151707,0.993276238441
151708,0.880778253078
151709,0.62796664238
151710,0.71065813303
151717,0.756213247776
151723,0.681099832058
151724,0.577562689781
151725,0.749890744686
151726,0.597903251648
151727,0.736132442951
151728,0.876375973225
151733,0.398171544075
151735,0.60509121418
151738,0.552546262741
151740,0.981078863144
151741,0.870525658131
151742,0.711075007915
151743,0.748713433743
151746,0.968344569206
151750,0.828145742416
151751,0.835034430027
151753,0.766318738461
151756,0.859385609627
151758,0.635742843151
151759,0.787600576878
151762,0.604746460915
151763,0.863615036011
151764,0.881650865078
151765,0.985490322113
151766,0.972458302975
151767,0.986967980862
151770,0.524395823479
151772,0.641125619411
151773,0.957558631897
151775,0.915544390678
151776,0.440608561039
151777,0.746497094631
151781,0.889751195908
151787,0.848637938499
151788,0.34392079711
151790,0.880990624428
151794,0.928080499172
151795,0.920917272568
151796,0.542984187603
151797,0.808466434479
151800,0.950662970543
151801,0.828595519066
151804,0.951820671558
151806,0.49098020792
151809,0.947160124779
151812,0.952208042145
151814,0.749802291393
151818,0.967087388039
151819,0.931939780712
151820,0.85842269659
151823,0.834686338902
151824,0.746130943298
151828,0.803141117096
151833,0.936301708221
151834,0.382488131523
151835,0.85073107481
151837,0.265811294317
151839,0.770991206169
151841,0.845838725567
151842,0.927364349365
151844,0.660094738007
151845,0.554559826851
151849,0.672058582306
151851,0.842162132263
151852,0.951693177223
151853,0.677237987518
151854,0.808926701546
151855,0.906989872456
151856,0.956158638
151859,0.937053084373
151862,0.911213040352
151864,0.98009711504
151865,0.745114684105
151866,0.822159588337
151873,0.92626953125
151876,0.66475379467
151877,0.966024637222
151878,0.620994567871
151879,0.636858761311
151880,0.594209611416
151881,0.848833858967
151882,0.850270867348
151884,0.562060177326
151889,0.769868552685
151890,0.815178334713
151891,0.805047273636
151892,0.566406965256
151896,0.880881011486
151899,0.567750871181
151900,0.856170833111
151901,0.622357845306
151902,0.645524799824
151903,0.542112410069
151905,0.726686418056
151906,0.937516272068
151908,0.769740462303
151909,0.975858688354
151910,0.503327667713
151912,0.98817807436
151913,0.906283020973
151914,0.980756223202
151916,0.789892375469
151917,0.967156410217
151918,0.973824262619
151921,0.952503740788
151924,0.814688682556
151926,0.854016363621
151929,0.900472402573
151930,0.906808197498
151932,0.653650701046
151934,0.899118959904
151935,0.682169675827
151937,0.955583810806
151938,0.35556653142
151939,0.170858100057
151940,0.583646774292
151942,0.542253375053
151943,0.928573012352
151944,0.971759736538
151946,0.860485076904
151948,0.596375584602
151953,0.528198540211
151955,0.979372918606
151956,0.949653148651
151958,0.159479320049
151959,0.405985474586
151965,0.676372051239
151968,0.956157207489
151972,0.833126485348
151974,0.977587759495
151981,0.982278585434
151982,0.875045478344
151986,0.886907994747
151987,0.539191126823
151990,0.973184466362
151991,0.771000981331
151996,0.849686801434
151997,0.687716841698
152000,0.947337031364
152001,0.839685857296
152002,0.839960038662
152007,0.642236590385
152010,0.910764098167
152012,0.87508970499
152015,0.755241692066
152018,0.940540492535
152019,0.811357498169
152022,0.687059104443
152023,0.62623000145
152024,0.755514144897
152026,0.981970787048
152027,0.661698043346
152029,0.947713792324
152033,0.760486423969
152034,0.957164406776
152035,0.911937654018
152037,0.68130582571
152038,0.813877344131
152039,0.692016422749
152041,0.437178939581
152044,0.715319335461
152045,0.649484872818
152048,0.910661220551
152050,0.716923654079
152051,0.678680181503
152053,0.977803766727
152055,0.884684801102
152056,0.261422127485
152057,0.936534702778
152058,0.860572814941
152059,0.362127810717
152062,0.703941226006
152064,0.367326885462
152066,0.725677728653
152067,0.812427341938
152069,0.986772716045
152070,0.808734178543
152071,0.720673263073
152073,0.578171908855
152075,0.772945761681
152077,0.922352492809
152078,0.547835171223
152079,0.548041582108
152082,0.871796965599
152083,0.954811453819
152084,0.390678286552
152085,0.936710298061
152086,0.880543828011
152087,0.159228265285
152090,0.588039755821
152091,0.977149665356
152094,0.558566987514
152095,0.805332303047
152097,0.960376679897
152098,0.613543450832
152100,0.688769996166
152103,0.96441090107
152104,0.547654867172
152106,0.74838155508
152107,0.949296414852
152111,0.38455760479
152112,0.946142554283
152115,0.826098382473
152116,0.762606561184
152119,0.949446976185
152120,0.616341292858
152122,0.172717049718
152123,0.972213923931
152125,0.697832345963
152127,0.469996213913
152130,0.773618102074
152132,0.790006935596
152133,0.818971157074
152134,0.778655588627
152135,0.795837640762
152136,0.72766572237
152138,0.765103161335
152140,0.700701832771
152143,0.756430089474
152146,0.771041274071
152153,0.636742532253
152157,0.900136113167
152159,0.87297552824
152161,0.678054213524
152162,0.658050477505
152163,0.63301551342
152168,0.750149607658
152169,0.804345071316
152170,0.692398130894
152173,0.680669605732
152174,0.72260415554
152175,0.758642196655
152176,0.853050112724
152177,0.209191545844
152179,0.810975968838
152182,0.898891866207
152183,0.870026886463
152184,0.989611029625
152186,0.421189129353
152187,0.800725400448
152189,0.954021692276
152190,0.82627850771
152192,0.698639571667
152193,0.778294205666
152195,0.922992169857
152200,0.914721786976
152205,0.963173925877
152208,0.862100064754
152211,0.893457591534
152213,0.816667318344
152215,0.931302309036
152217,0.672221183777
152219,0.92418974638
152222,0.937730848789
152223,0.913396835327
152224,0.696150898933
152226,0.752621293068
152227,0.904540479183
152229,0.891285002232
152231,0.882875680923
152238,0.945559442043
152239,0.653122007847
152240,0.919685840607
152243,0.905031561852
152244,0.729466497898
152245,0.867576181889
152247,0.956390023232
152254,0.98381882906
152256,0.965427160263
152257,0.725075304508
152258,0.871661603451
152261,0.877892911434
152262,0.162476077676
152263,0.54664427042
152264,0.96517431736
152266,0.776835918427
152267,0.875220358372
152269,0.966870129108
152272,0.39547893405
152273,0.912352442741
152274,0.929673671722
152275,0.639121949673
152277,0.605717241764
152279,0.935121238232
152281,0.980734884739
152282,0.457071125507
152283,0.911030471325
152288,0.806404173374
152289,0.79124969244
152290,0.710416197777
152293,0.972651660442
152295,0.665491044521
152296,0.976549386978
152299,0.352450758219
152301,0.610701441765
152302,0.971036791801
152305,0.987094938755
152308,0.331561118364
152309,0.664414167404
152311,0.874676644802
152316,0.583028316498
152318,0.641302764416
152320,0.751273572445
152322,0.668507158756
152323,0.897243738174
152324,0.876827597618
152325,0.601654350758
152327,0.965149343014
152329,0.909139752388
152331,0.563071131706
152332,0.610283076763
152333,0.737232804298
152339,0.974109947681
152343,0.979088366032
152345,0.928663372993
152347,0.835762441158
152348,0.755549609661
152351,0.931694149971
152353,0.849597096443
152354,0.929379761219
152359,0.707081377506
152360,0.536560893059
152361,0.860014021397
152362,0.667302012444
152363,0.521667420864
152364,0.293932557106
152366,0.51444876194
152368,0.659895002842
152370,0.815720438957
152373,0.762810587883
152374,0.644299864769
152376,0.681239366531
152377,0.800047695637
152379,0.428796261549
152383,0.928466022015
152384,0.852435588837
152389,0.823448956013
152391,0.101935692132
152393,0.897978663445
152394,0.752247095108
152395,0.563465952873
152396,0.97012591362
152398,0.564666390419
152399,0.819218158722
152400,0.665649473667
152401,0.830991744995
152402,0.807069242001
152406,0.637871444225
152407,0.872016429901
152408,0.912516772747
152409,0.747006356716
152411,0.822114109993
152413,0.942878067493
152414,0.719489991665
152415,0.335333734751
152417,0.857011437416
152418,0.960740983486
152421,0.61006206274
152422,0.833761036396
152423,0.760055422783
152424,0.78840136528
152426,0.971315383911
152427,0.52517747879
152428,0.0712117180228
152432,0.926508486271
152433,0.914688885212
152434,0.961037158966
152435,0.956681907177
152438,0.934721231461
152440,0.513602614403
152443,0.240922525525
152446,0.952667832375
152447,0.81356805563
152448,0.942567229271
152450,0.989733159542
152451,0.87412583828
152452,0.88532859087
152453,0.868069410324
152455,0.949887573719
152457,0.905068874359
152458,0.939417779446
152460,0.59140509367
152461,0.921276569366
152462,0.721647441387
152465,0.458119213581
152469,0.7520840168
152471,0.677141308784
152472,0.369173288345
152473,0.934926867485
152474,0.719389975071
152477,0.867615759373
152479,0.926020205021
152481,0.450053572655
152482,0.943563103676
152484,0.464298188686
152485,0.90036046505
152486,0.824942111969
152487,0.961589515209
152489,0.654652237892
152490,0.587189137936
152491,0.848389148712
152493,0.839914321899
152495,0.916069030762
152499,0.634751558304
152500,0.734543681145
152501,0.849237978458
152502,0.526151955128
152503,0.649824380875
152504,0.75265866518
152509,0.318548083305
152515,0.855238735676
152517,0.548317015171
152518,0.963987231255
152520,0.97771024704
152521,0.910137474537
152522,0.927913606167
152523,0.913681864738
152526,0.94206148386
152528,0.695587217808
152529,0.541524469852
152530,0.947116374969
152531,0.629485249519
152535,0.857341110706
152536,0.913275897503
152537,0.839265465736
152538,0.499462157488
152541,0.850015461445
152543,0.905630409718
152545,0.955132722855
152546,0.792438209057
152547,0.559500575066
152549,0.929553925991
152550,0.599640905857
152551,0.812788426876
152552,0.683691978455
152553,0.703069388866
152555,0.602306365967
152556,0.858880460262
152558,0.913064360619
152560,0.851695418358
152561,0.865183115005
152563,0.847705602646
152564,0.94822704792
152566,0.797863781452
152567,0.815347254276
152568,0.973135173321
152570,0.979143917561
152571,0.936233401299
152573,0.767872512341
152574,0.66741424799
152577,0.566694140434
152579,0.937563419342
152584,0.489237338305
152585,0.500260651112
152586,0.204508289695
152589,0.952306389809
152590,0.834206402302
152591,0.397980988026
152592,0.352448552847
152601,0.737501740456
152602,0.787286162376
152605,0.961850821972
152606,0.63031822443
152608,0.631349980831
152611,0.915694355965
152612,0.843282878399
152614,0.635641813278
152615,0.933737397194
152616,0.977728128433
152617,0.945562064648
152618,0.930184960365
152619,0.815941751003
152622,0.778403818607
152625,0.988068521023
152629,0.509085893631
152635,0.900906682014
152637,0.937319278717
152640,0.831747949123
152641,0.775434732437
152643,0.892022132874
152645,0.870426654816
152646,0.741502404213
152647,0.868737220764
152648,0.941847622395
152649,0.84582233429
152655,0.868256866932
152656,0.855838418007
152657,0.896629869938
152660,0.789901316166
152663,0.133051604033
152666,0.929550409317
152668,0.942882418633
152670,0.832554936409
152672,0.922979474068
152676,0.892757773399
152677,0.710270047188
152680,0.790749907494
152681,0.770721256733
152683,0.495076388121
152684,0.926247537136
152686,0.747370362282
152689,0.876745223999
152692,0.778588414192
152693,0.692028880119
152695,0.273008197546
152696,0.990843057632
152697,0.962801575661
152700,0.758519887924
152702,0.662912547588
152705,0.692987859249
152706,0.965781271458
152711,0.755540132523
152712,0.836315393448
152714,0.797791898251
152715,0.626647055149
152716,0.955157995224
152719,0.958435595036
152720,0.674419760704
152721,0.97147578001
152722,0.716894626617
152724,0.759169995785
152727,0.916244506836
152728,0.782607197762
152729,0.954705774784
152732,0.862542569637
152737,0.706739664078
152738,0.946832239628
152740,0.883969962597
152742,0.965073049068
152743,0.351706951857
152744,0.881604254246
152746,0.601024627686
152749,0.984069287777
152750,0.580493509769
152752,0.828823268414
152753,0.915641069412
152754,0.870008647442
152755,0.7477414608
152756,0.890566170216
152761,0.88740926981
152764,0.928543746471
152767,0.587636113167
152769,0.979509413242
152770,0.550974011421
152771,0.887639522552
152776,0.322902709246
152777,0.840084731579
152778,0.800185143948
152780,0.984468877316
152781,0.796292066574
152783,0.982152163982
152786,0.746959447861
152787,0.824149549007
152788,0.807184517384
152789,0.673051178455
152791,0.65718626976
152793,0.928348779678
152795,0.870829284191
152797,0.81408405304
152799,0.83064866066
152800,0.739198386669
152801,0.63188034296
152802,0.870120406151
152803,0.978182435036
152804,0.733937144279
152805,0.980126559734
152807,0.769810020924
152808,0.976645350456
152810,0.97400200367
152812,0.547223746777
152813,0.725429415703
152814,0.909429311752
152815,0.885859370232
152817,0.717184662819
152829,0.706547737122
152831,0.70629709959
152832,0.920088291168
152834,0.841511070728
152836,0.912451446056
152837,0.491706550121
152839,0.858726203442
152843,0.790721356869
152844,0.609601259232
152845,0.86343562603
152847,0.981149554253
152852,0.988911151886
152853,0.858520686626
152854,0.973281800747
152857,0.819604575634
152859,0.809099197388
152860,0.582942187786
152861,0.568245410919
152863,0.571354866028
152864,0.624853789806
152865,0.91553914547
152866,0.98592966795
152869,0.61454474926
152870,0.711917161942
152872,0.734221220016
152874,0.710470020771
152878,0.673883318901
152880,0.791196286678
152881,0.905708789825
152885,0.84280371666
152886,0.840840160847
152887,0.868811845779
152889,0.879497349262
152890,0.954067587852
152892,0.795326173306
152893,0.368927270174
152895,0.780460357666
152897,0.824949264526
152898,0.778191745281
152900,0.900247037411
152901,0.577933192253
152902,0.796871721745
152903,0.447241157293
152909,0.591604888439
152910,0.818032801151
152912,0.702537238598
152915,0.656903088093
152920,0.478710889816
152921,0.746531963348
152922,0.711489021778
152927,0.979440391064
152928,0.0478779710829
152929,0.95232206583
152931,0.807390749454
152932,0.694606363773
152933,0.923198997974
152934,0.91199606657
152936,0.642379939556
152938,0.827989280224
152941,0.811487078667
152943,0.453915297985
152947,0.770707249641
152948,0.749838650227
152952,0.88009595871
152958,0.758314549923
152961,0.532788097858
152962,0.756566464901
152963,0.773635983467
152965,0.368003278971
152967,0.646317124367
152970,0.860518157482
152972,0.744693160057
152974,0.823771178722
152975,0.723630845547
152976,0.235587731004
152977,0.921847760677
152979,0.270421952009
152980,0.987238287926
152981,0.994140207767
152982,0.808138310909
152983,0.905928313732
152984,0.553484022617
152992,0.902400314808
152994,0.922634124756
152996,0.693845689297
152997,0.775875091553
152998,0.889877855778
153004,0.983852088451
153006,0.759992003441
153007,0.756694614887
153009,0.562552213669
153010,0.964463472366
153011,0.71624571085
153012,0.524126112461
153013,0.684216797352
153014,0.685903251171
153016,0.928193092346
153017,0.879370212555
153019,0.76533728838
153020,0.882200837135
153021,0.447704941034
153022,0.898195683956
153023,0.774854540825
153024,0.934009969234
153028,0.904356181622
153029,0.788443982601
153031,0.974891364574
153032,0.597572863102
153035,0.918313384056
153036,0.489655286074
153037,0.792668521404
153038,0.886477410793
153039,0.508308112621
153042,0.860055685043
153043,0.898333251476
153044,0.893563985825
153047,0.915168762207
153049,0.235425084829
153050,0.464105576277
153051,0.717175066471
153056,0.874369263649
153059,0.770855903625
153062,0.637988328934
153065,0.778547644615
153066,0.69628572464
153067,0.827389061451
153068,0.823176026344
153071,0.994067072868
153073,0.848503470421
153079,0.879357516766
153081,0.966108262539
153083,0.903846561909
153091,0.862899720669
153093,0.81673926115
153094,0.883071899414
153095,0.596483588219
153101,0.86912727356
153102,0.737943291664
153103,0.597840428352
153105,0.905203342438
153108,0.735871732235
153109,0.461433291435
153110,0.931712150574
153113,0.974139690399
153115,0.674447655678
153117,0.947927772999
153118,0.534072458744
153121,0.686764895916
153122,0.975790560246
153123,0.878984630108
153124,0.853506922722
153128,0.908327817917
153129,0.868184149265
153131,0.942313432693
153132,0.697719037533
153133,0.845693826675
153134,0.908666849136
153135,0.481224089861
153138,0.682646453381
153141,0.937166392803
153143,0.678456485271
153146,0.726993620396
153149,0.914941549301
153151,0.604126513004
153153,0.906961381435
153157,0.777060985565
153158,0.811724603176
153161,0.537783324718
153162,0.682737648487
153163,0.917883694172
153166,0.85131829977
153170,0.883193671703
153174,0.599211394787
153175,0.980013072491
153176,0.847842156887
153177,0.638390779495
153178,0.844666957855
153180,0.96090221405
153181,0.798143029213
153182,0.71920722723
153185,0.937538385391
153187,0.891621589661
153189,0.674324929714
153190,0.809910476208
153192,0.983195483685
153193,0.953531205654
153200,0.88244086504
153201,0.222000911832
153202,0.796524047852
153205,0.531605958939
153206,0.894110500813
153208,0.646479070187
153209,0.799673140049
153210,0.823743700981
153211,0.469137579203
153215,0.90515100956
153220,0.650348901749
153222,0.834239006042
153224,0.746619284153
153226,0.974123477936
153228,0.783331036568
153229,0.975903153419
153230,0.988989710808
153233,0.697803318501
153235,0.96372705698
153237,0.715597033501
153238,0.73187237978
153239,0.88760137558
153240,0.890061676502
153241,0.933941483498
153242,0.935883998871
153246,0.974265933037
153247,0.795223712921
153248,0.860666573048
153249,0.933920025826
153250,0.874571681023
153251,0.686713397503
153252,0.886277794838
153260,0.888882875443
153261,0.813175916672
153262,0.806177258492
153264,0.58876991272
153267,0.561951994896
153268,0.0527588948607
153270,0.921301960945
153271,0.767787158489
153273,0.608979105949
153275,0.245946347713
153278,0.864878773689
153280,0.410826027393
153281,0.894680738449
153284,0.267962813377
153291,0.886624693871
153292,0.972987294197
153293,0.96129065752
153294,0.836490511894
153296,0.528952538967
153297,0.762019991875
153298,0.858730077744
153300,0.569201350212
153302,0.969086647034
153303,0.0731098353863
153305,0.982196331024
153307,0.833789885044
153311,0.966720819473
153313,0.672511219978
153314,0.852139413357
153315,0.824370861053
153317,0.96958732605
153318,0.979064822197
153321,0.953969180584
153322,0.841141104698
153323,0.870150744915
153324,0.980475366116
153325,0.681986093521
153326,0.663675129414
153327,0.940281331539
153328,0.518233776093
153330,0.796010375023
153333,0.963337361813
153335,0.663627266884
153336,0.511938929558
153338,0.834159314632
153341,0.717134296894
153342,0.936829447746
153344,0.976927042007
153347,0.97794675827
153350,0.974469542503
153351,0.655998468399
153352,0.692172408104
153353,0.619933962822
153354,0.962359845638
153356,0.796544909477
153359,0.861587524414
153360,0.893602252007
153361,0.868602633476
153364,0.929199635983
153368,0.937804639339
153369,0.968468725681
153370,0.994476139545
153374,0.693923354149
153376,0.910355865955
153377,0.707789599895
153379,0.841991245747
153380,0.875948190689
153385,0.669521331787
153387,0.860338449478
153388,0.819783270359
153389,0.991534292698
153391,0.470091193914
153392,0.695445358753
153393,0.887756645679
153395,0.981022894382
153397,0.977789103985
153399,0.690219521523
153400,0.957984983921
153401,0.587342381477
153404,0.788428962231
153405,0.890490949154
153407,0.441078543663
153408,0.913181066513
153409,0.889544487
153410,0.632718861103
153414,0.686078488827
153415,0.851072132587
153417,0.888857066631
153418,0.963480770588
153420,0.884537518024
153423,0.847269713879
153424,0.435831040144
153426,0.940871715546
153428,0.759529531002
153430,0.553972482681
153432,0.69966095686
153435,0.991617739201
153436,0.903088748455
153437,0.561151862144
153438,0.953865945339
153443,0.955310463905
153446,0.726628065109
153449,0.558250665665
153451,0.58032900095
153452,0.780258953571
153453,0.93402081728
153454,0.547354400158
153455,0.897720396519
153456,0.805542588234
153457,0.580260276794
153458,0.649373888969
153460,0.255548685789
153462,0.9220662117
153463,0.500911176205
153467,0.897634983063
153468,0.626473128796
153472,0.917969584465
153474,0.864431381226
153476,0.879773616791
153477,0.780703246593
153479,0.928031861782
153480,0.734630942345
153481,0.880333185196
153486,0.646562635899
153487,0.914824724197
153488,0.520141839981
153491,0.681481003761
153495,0.694607198238
153496,0.751056849957
153497,0.471893966198
153500,0.979281306267
153501,0.493585973978
153502,0.659188330173
153506,0.97128456831
153507,0.852485895157
153512,0.928797781467
153514,0.807650148869
153515,0.608825922012
153516,0.931609511375
153518,0.736079216003
153520,0.836602032185
153521,0.985436737537
153523,0.649139821529
153524,0.942474484444
153525,0.702176392078
153528,0.848957180977
153529,0.797444880009
153530,0.862921655178
153531,0.746985375881
153532,0.916507303715
153533,0.953003883362
153534,0.783461153507
153537,0.921829819679
153538,0.900036633015
153540,0.874908268452
153544,0.831605315208
153545,0.814608573914
153547,0.880843639374
153550,0.83468323946
153552,0.826905071735
153554,0.570823431015
153555,0.745983123779
153556,0.88459199667
153557,0.746951282024
153559,0.837419092655
153560,0.681479394436
153562,0.100763998926
153564,0.907351613045
153565,0.563893556595
153567,0.925312042236
153569,0.836071491241
153573,0.765903770924
153583,0.801663696766
153585,0.588902771473
153586,0.695804536343
153587,0.871200799942
153589,0.952943503857
153590,0.702039420605
153592,0.897747576237
153594,0.882397770882
153599,0.623429238796
153600,0.873971402645
153602,0.94622862339
153605,0.73711001873
153607,0.933637499809
153608,0.0510905943811
153609,0.912598371506
153612,0.694559633732
153615,0.817942082882
153622,0.745002686977
153623,0.569661021233
153624,0.657845437527
153625,0.879917323589
153626,0.604556441307
153628,0.964770495892
153629,0.623800218105
153630,0.972146809101
153631,0.772671878338
153632,0.835579991341
153634,0.916678488255
153635,0.757502913475
153636,0.59874278307
153638,0.929223001003
153639,0.904494225979
153640,0.757787108421
153641,0.973080635071
153649,0.988680839539
153652,0.803925275803
153653,0.916664361954
153655,0.673755764961
153657,0.551826894283
153658,0.807297825813
153660,0.942677497864
153664,0.396266400814
153665,0.761419296265
153666,0.818625688553
153667,0.826899766922
153668,0.837765753269
153670,0.762687444687
153675,0.955861032009
153679,0.911081671715
153680,0.751577138901
153682,0.741913378239
153683,0.92851883173
153684,0.989832520485
153685,0.969351530075
153687,0.793372392654
153688,0.650197565556
153689,0.899157226086
153690,0.789071500301
153692,0.895665824413
153694,0.591710627079
153695,0.963708817959
153696,0.797885537148
153697,0.953894674778
153701,0.721861600876
153703,0.823376536369
153708,0.987031161785
153709,0.429708868265
153710,0.886408567429
153713,0.863718867302
153714,0.876756310463
153716,0.93763667345
153717,0.757002353668
153719,0.921142578125
153722,0.74225205183
153727,0.976154029369
153728,0.789310097694
153729,0.172927170992
153730,0.492464512587
153734,0.921411156654
153735,0.948895990849
153738,0.912892460823
153740,0.783224761486
153741,0.820085048676
153742,0.619341313839
153744,0.860014140606
153745,0.919798076153
153747,0.857660293579
153753,0.890050530434
153755,0.67666298151
153758,0.757093906403
153760,0.962351560593
153762,0.87726765871
153765,0.954506933689
153770,0.960503041744
153775,0.866219043732
153779,0.936438858509
153781,0.798179149628
153785,0.54404759407
153787,0.861087024212
153790,0.685523688793
153792,0.885773301125
153795,0.900215268135
153796,0.95338588953
153798,0.845457732677
153799,0.97816747427
153800,0.905238568783
153802,0.880208969116
153804,0.565220713615
153807,0.416956394911
153808,0.992803990841
153809,0.964782238007
153813,0.966673254967
153815,0.15135024488
153816,0.500906407833
153817,0.94767832756
153822,0.656648755074
153826,0.571169376373
153828,0.756208300591
153829,0.852528393269
153831,0.765045762062
153834,0.826006472111
153835,0.467626094818
153839,0.708902060986
153840,0.676962971687
153843,0.942312896252
153847,0.785419106483
153848,0.866199016571
153849,0.885424852371
153850,0.981096804142
153853,0.736516058445
153854,0.951664984226
153856,0.801884531975
153857,0.777369976044
153858,0.901469647884
153859,0.619562506676
153861,0.792627632618
153862,0.898855090141
153865,0.972567975521
153866,0.835005521774
153867,0.861608088017
153868,0.950232386589
153869,0.916575372219
153871,0.784358680248
153873,0.818890571594
153874,0.669465184212
153878,0.794648230076
153882,0.971143245697
153883,0.906835258007
153884,0.561296164989
153885,0.894531607628
153886,0.92612940073
153887,0.765396773815
153890,0.923265576363
153893,0.685221731663
153897,0.467214375734
153900,0.934559941292
153901,0.668238639832
153903,0.901877999306
153906,0.673971414566
153907,0.871518075466
153908,0.947782218456
153910,0.879253745079
153911,0.990443170071
153912,0.921200752258
153915,0.961460232735
153917,0.954545378685
153918,0.517608344555
153920,0.653307139874
153922,0.966782927513
153923,0.804202854633
153925,0.911104738712
153929,0.623282253742
153930,0.718475222588
153931,0.927636146545
153932,0.992038369179
153936,0.925734221935
153938,0.848925411701
153939,0.873758554459
153941,0.738973975182
153943,0.735025346279
153946,0.404058992863
153949,0.964673399925
153951,0.602164506912
153952,0.598977506161
153953,0.984723687172
153955,0.863504946232
153957,0.980341672897
153958,0.69078618288
153960,0.802712023258
153961,0.903531908989
153962,0.823471784592
153964,0.420273721218
153966,0.983493685722
153969,0.709300816059
153971,0.926712214947
153972,0.527004063129
153973,0.986475050449
153975,0.258002072573
153981,0.585223019123
153982,0.629514276981
153984,0.847278833389
153989,0.927592873573
153992,0.758582472801
153993,0.753137052059
154000,0.67760181427
154003,0.967104792595
154006,0.787849724293
154007,0.75568574667
154012,0.657790958881
154013,0.979520976543
154017,0.889882683754
154019,0.823688924313
154022,0.96130490303
154023,0.89786452055
154029,0.872984528542
154030,0.814908862114
154034,0.957791268826
154036,0.81551617384
154037,0.825920343399
154042,0.644625425339
154044,0.804007649422
154045,0.881021022797
154047,0.90405023098
154048,0.94668585062
154051,0.802207410336
154052,0.843550503254
154053,0.690917432308
154054,0.28603386879
154056,0.169638976455
154057,0.858597040176
154058,0.450494676828
154060,0.769621193409
154061,0.459533512592
154062,0.899809777737
154064,0.961753249168
154066,0.981779634953
154068,0.732025027275
154069,0.98426926136
154070,0.968423366547
154071,0.857846856117
154072,0.988749265671
154073,0.545148491859
154074,0.79732221365
154075,0.886069774628
154076,0.991522431374
154077,0.865784108639
154079,0.968274235725
154081,0.378582686186
154082,0.822759091854
154084,0.833343207836
154085,0.625707149506
154090,0.907842218876
154092,0.926399409771
154094,0.784980654716
154095,0.771318972111
154096,0.814812719822
154097,0.553083956242
154098,0.84509241581
154101,0.882096409798
154105,0.910396397114
154106,0.701882660389
154108,0.301713436842
154110,0.928302168846
154111,0.669686853886
154114,0.77644777298
154117,0.698325932026
154118,0.892322778702
154120,0.714708268642
154122,0.615118861198
154124,0.737860679626
154126,0.702036678791
154127,0.755178630352
154128,0.830631375313
154134,0.60131496191
154136,0.915902078152
154137,0.362807631493
154139,0.893400788307
154140,0.904017388821
154141,0.975754380226
154143,0.860544085503
154144,0.958761394024
154145,0.616348862648
154147,0.941889047623
154150,0.97944766283
154152,0.887792646885
154153,0.763810157776
154156,0.987497329712
154157,0.867033958435
154158,0.505412459373
154160,0.432771265507
154162,0.33200520277
154164,0.976020038128
154165,0.741472125053
154166,0.791822195053
154168,0.868642032146
154170,0.866882324219
154171,0.802432775497
154173,0.775382995605
154175,0.961640357971
154183,0.904625058174
154185,0.976453900337
154187,0.630994677544
154189,0.886000752449
154190,0.855005979538
154191,0.854190587997
154195,0.932167947292
154197,0.849008381367
154201,0.774951934814
154203,0.882903456688
154204,0.901223480701
154205,0.44475492835
154206,0.939563632011
154207,0.754305541515
154208,0.982974052429
154209,0.968637824059
154214,0.890892088413
154215,0.889314353466
154216,0.801852703094
154217,0.905162036419
154220,0.768808603287
154221,0.633052527905
154223,0.805133640766
154225,0.829342126846
154226,0.983585953712
154227,0.599525034428
154229,0.818244814873
154230,0.551564216614
154233,0.596863389015
154237,0.864773929119
154240,0.733660459518
154241,0.657606959343
154242,0.958741545677
154243,0.937750935555
154244,0.596937954426
154247,0.936736226082
154248,0.487388879061
154249,0.773778676987
154252,0.728499650955
154256,0.88239723444
154259,0.883281826973
154261,0.927775263786
154263,0.899160981178
154264,0.729391217232
154265,0.482004404068
154266,0.816851139069
154267,0.760772228241
154268,0.866651296616
154269,0.598845481873
154271,0.493252664804
154272,0.808206319809
154275,0.969259917736
154281,0.955354750156
154282,0.981526017189
154285,0.970488786697
154286,0.974541783333
154288,0.1399294734
154289,0.675455033779
154291,0.942183554173
154293,0.804488301277
154294,0.894207715988
154295,0.82226639986
154297,0.780326426029
154299,0.726679503918
154303,0.640017211437
154304,0.940912246704
154305,0.871749401093
154308,0.52013194561
154309,0.727769613266
154311,0.532294094563
154312,0.732133030891
154315,0.65766698122
154316,0.816993415356
154317,0.974622249603
154318,0.969234466553
154319,0.647422075272
154320,0.569080293179
154324,0.63812738657
154325,0.29672396183
154326,0.934621334076
154331,0.940013706684
154332,0.445595443249
154334,0.976988971233
154336,0.943141818047
154340,0.614935696125
154343,0.0842093527317
154344,0.214397519827
154345,0.57195687294
154351,0.899302363396
154352,0.929487168789
154357,0.82066988945
154361,0.441371142864
154365,0.678235530853
154366,0.079069621861
154367,0.834323644638
154368,0.944235682487
154369,0.874941706657
154371,0.83390712738
154373,0.888436436653
154375,0.941605269909
154381,0.923735976219
154382,0.489357203245
154385,0.785544097424
154390,0.814133048058
154391,0.665598869324
154392,0.688660442829
154394,0.802194237709
154395,0.971200108528
154396,0.988633990288
154398,0.956579506397
154399,0.929944574833
154405,0.877230584621
154408,0.774980247021
154409,0.570868372917
154410,0.324308305979
154413,0.825666964054
154416,0.457682490349
154419,0.810443878174
154420,0.716097652912
154422,0.956698477268
154424,0.571193158627
154426,0.796430408955
154427,0.69159579277
154435,0.791534900665
154436,0.942107200623
154437,0.933721899986
154439,0.39750033617
154441,0.850546717644
154443,0.992042124271
154445,0.953926801682
154446,0.744031846523
154447,0.94247341156
154448,0.766788482666
154450,0.83938908577
154452,0.474425047636
154453,0.812079548836
154455,0.680845677853
154456,0.546493828297
154459,0.9902972579
154462,0.744087696075
154463,0.889792025089
154472,0.610134005547
154473,0.980337619781
154474,0.860152482986
154475,0.789379060268
154477,0.747339367867
154478,0.975691914558
154480,0.81776124239
154482,0.523623108864
154483,0.680725395679
154484,0.695502817631
154485,0.913016974926
154486,0.415890187025
154488,0.606931626797
154489,0.839651405811
154490,0.880103051662
154491,0.694264769554
154493,0.629610836506
154495,0.874813199043
154496,0.837989389896
154497,0.983218073845
154499,0.912726998329
154500,0.703249812126
154501,0.993190705776
154504,0.926558017731
154505,0.839746594429
154506,0.912450671196
154507,0.390147566795
154508,0.993213415146
154509,0.86914306879
154513,0.988153994083
154514,0.969613134861
154515,0.47978797555
154517,0.850571751595
154519,0.642263531685
154520,0.472916066647
154521,0.644778490067
154522,0.85556024313
154523,0.974811851978
154526,0.981792867184
154527,0.946829378605
154528,0.98021620512
154530,0.601585566998
154531,0.858851671219
154533,0.8260242939
154535,0.92743575573
154537,0.757849276066
154539,0.774237751961
154543,0.749979376793
154545,0.992381989956
154546,0.771495521069
154547,0.565151512623
154549,0.913228452206
154550,0.681249141693
154552,0.990264296532
154553,0.567988634109
154555,0.558807611465
154556,0.926711559296
154560,0.652728378773
154562,0.935717999935
154565,0.991393744946
154566,0.839390099049
154567,0.631151854992
154572,0.7949026227
154575,0.971633017063
154576,0.733994305134
154578,0.774529874325
154581,0.591045558453
154584,0.904448091984
154585,0.931797325611
154587,0.737350702286
154588,0.904152333736
154590,0.817337214947
154591,0.820730209351
154593,0.178926423192
154595,0.881294906139
154596,0.774798452854
154599,0.757096111774
154602,0.956968188286
154604,0.793235659599
154605,0.929504811764
154608,0.644673585892
154609,0.609779179096
154610,0.79694122076
154611,0.902440905571
154620,0.862989723682
154621,0.891389667988
154623,0.795124053955
154626,0.775522172451
154627,0.898507475853
154630,0.759901821613
154631,0.956261277199
154632,0.609632074833
154634,0.517487108707
154638,0.881847262383
154639,0.920928120613
154642,0.892594516277
154648,0.966968238354
154651,0.661427140236
154652,0.899264276028
154653,0.867588818073
154655,0.790630877018
154656,0.91607350111
154659,0.915720820427
154661,0.882147073746
154665,0.986180603504
154666,0.880256175995
154667,0.858927071095
154668,0.586221516132
154670,0.854610085487
154671,0.707613527775
154674,0.683600187302
154676,0.796390414238
154677,0.645677983761
154681,0.894650757313
154682,0.820870757103
154686,0.425242841244
154688,0.467610925436
154689,0.864946186543
154690,0.823369443417
154691,0.557393014431
154693,0.913590967655
154694,0.957282602787
154695,0.312627762556
154698,0.727672696114
154699,0.785555958748
154700,0.916945517063
154705,0.694747507572
154709,0.877704739571
154710,0.939235150814
154712,0.5964615345
154715,0.890586972237
154716,0.809898912907
154717,0.695169210434
154719,0.851550579071
154720,0.906876027584
154721,0.905868053436
154722,0.853671133518
154723,0.860003829002
154724,0.923493862152
154725,0.972882330418
154726,0.833249926567
154727,0.88403403759
154730,0.687013626099
154731,0.991871893406
154733,0.835049629211
154734,0.770078897476
154743,0.719370901585
154744,0.787739336491
154750,0.160027787089
154751,0.512353122234
154752,0.490886956453
154753,0.952550053596
154755,0.770594894886
154757,0.923610150814
154758,0.973282158375
154759,0.663390874863
154760,0.985957920551
154763,0.925710380077
154764,0.545128166676
154766,0.624773323536
154767,0.897704839706
154772,0.157439216971
154776,0.781413078308
154777,0.973964571953
154779,0.8594378829
154780,0.751691162586
154781,0.834669351578
154782,0.799547076225
154785,0.964759707451
154786,0.863474905491
154789,0.324386686087
154791,0.0436028055847
154792,0.831323444843
154795,0.890795409679
154797,0.892581343651
154798,0.782972216606
154803,0.914309203625
154806,0.711322903633
154808,0.400641053915
154809,0.570800364017
154810,0.9382122159
154811,0.894284069538
154812,0.675591886044
154815,0.535723268986
154817,0.649836719036
154819,0.812772452831
154823,0.69066208601
154825,0.392752677202
154827,0.747213721275
154829,0.948451220989
154832,0.727154254913
154833,0.97492390871
154834,0.857500016689
154835,0.950481891632
154836,0.936996161938
154839,0.889767825603
154840,0.742270290852
154841,0.814368963242
154844,0.591463625431
154846,0.0270301289856
154848,0.961014032364
154849,0.992313206196
154850,0.942075312138
154854,0.888136208057
154857,0.977290272713
154858,0.937631368637
154859,0.742442190647
154860,0.626731038094
154862,0.681678295135
154865,0.680949747562
154866,0.217991963029
154867,0.688150405884
154868,0.829054355621
154869,0.631245732307
154871,0.25066524744
154874,0.940806388855
154875,0.990584373474
154876,0.976238429546
154877,0.740456998348
154878,0.441984504461
154879,0.937290251255
154883,0.69396007061
154886,0.890623509884
154888,0.925552368164
154889,0.723270177841
154892,0.93405854702
154893,0.864004075527
154894,0.468288123608
154895,0.898854076862
154898,0.845914959908
154900,0.944621145725
154901,0.910718977451
154903,0.947799563408
154904,0.744552910328
154905,0.976403295994
154906,0.730442047119
154907,0.927119851112
154908,0.866598188877
154915,0.521862924099
154918,0.932612001896
154919,0.585598707199
154921,0.967370033264
154923,0.768474519253
154924,0.952188134193
154927,0.586030483246
154929,0.494577139616
154935,0.490741282701
154937,0.799686849117
154939,0.323866844177
154940,0.271662980318
154941,0.481195062399
154944,0.733259797096
154945,0.746886730194
154947,0.920284867287
154948,0.87606960535
154949,0.69474363327
154951,0.854009926319
154952,0.663204312325
154953,0.0770954713225
154954,0.883145809174
154955,0.701299548149
154957,0.851694643497
154960,0.842124700546
154963,0.850025057793
154965,0.681417047977
154966,0.88166975975
154967,0.794625282288
154969,0.890043079853
154974,0.878541529179
154977,0.690409183502
154978,0.457985252142
154988,0.706530809402
154990,0.812409877777
154991,0.89608168602
154992,0.828551292419
154994,0.837705910206
154995,0.491495668888
154996,0.683472812176
154997,0.941789746284
154998,0.798420608044
154999,0.695282459259
155000,0.934233129025
155008,0.567391753197
155009,0.85221940279
155010,0.590784549713
155012,0.765725016594
155013,0.843102097511
155024,0.881928265095
155028,0.916664361954
155030,0.403287380934
155031,0.865074753761
155039,0.918829143047
155041,0.739059746265
155044,0.702737808228
155046,0.662432909012
155047,0.893899619579
155048,0.888350665569
155049,0.883539795876
155050,0.960085749626
155054,0.751942098141
155056,0.930843830109
155057,0.70687520504
155063,0.961418509483
155064,0.555933713913
155065,0.624531328678
155069,0.995129704475
155070,0.94721865654
155072,0.694296658039
155073,0.867250084877
155074,0.84703296423
155076,0.820020079613
155077,0.755472064018
155080,0.90406525135
155083,0.758850693703
155085,0.95206707716
155090,0.105835832655
155094,0.898252427578
155098,0.796406984329
155099,0.920495510101
155100,0.922437846661
155102,0.898982703686
155103,0.895555377007
155104,0.899030506611
155105,0.977057695389
155106,0.935922801495
155107,0.819511294365
155109,0.986911177635
155111,0.983664929867
155117,0.941720426083
155118,0.153345942497
155119,0.827626287937
155120,0.795653045177
155122,0.839924573898
155124,0.96371114254
155126,0.81488263607
155128,0.824146270752
155129,0.402161419392
155130,0.991204798222
155132,0.511695683002
155133,0.468974351883
155134,0.756692051888
155135,0.935887634754
155137,0.809793531895
155138,0.267732530832
155139,0.639510571957
155141,0.812418699265
155143,0.240869894624
155145,0.95209056139
155151,0.659811019897
155154,0.955305993557
155155,0.871956527233
155156,0.644319593906
155159,0.892418801785
155168,0.70316439867
155169,0.876611828804
155170,0.794747114182
155173,0.619584321976
155174,0.57292675972
155176,0.960917294025
155181,0.966966450214
155182,0.794406592846
155186,0.835116863251
155189,0.653818786144
155190,0.699726223946
155191,0.6566401124
155192,0.803311228752
155193,0.873411178589
155194,0.779074311256
155196,0.304641246796
155199,0.326727449894
155207,0.498842835426
155208,0.895678222179
155209,0.786999285221
155210,0.871543943882
155217,0.615121781826
155218,0.901831865311
155219,0.464344710112
155220,0.851792037487
155221,0.815068304539
155222,0.881297767162
155224,0.980316996574
155228,0.528077304363
155230,0.591287374496
155233,0.398317664862
155234,0.519762456417
155235,0.894034802914
155237,0.961611330509
155238,0.685955524445
155244,0.659639239311
155247,0.425806164742
155248,0.910957455635
155250,0.3422780931
155252,0.840887844563
155254,0.518770873547
155255,0.613607764244
155256,0.994938135147
155258,0.89929920435
155261,0.966836929321
155262,0.962205767632
155263,0.901982724667
155265,0.967590272427
155266,0.721429347992
155267,0.808656454086
155269,0.140420943499
155272,0.721845328808
155273,0.711737573147
155276,0.762957334518
155278,0.464074969292
155279,0.980918288231
155280,0.482276409864
155283,0.0449245721102
155287,0.776770591736
155290,0.958032786846
155291,0.894480109215
155294,0.931199669838
155298,0.969544529915
155299,0.721375048161
155300,0.936559200287
155301,0.824610233307
155302,0.90348303318
155305,0.874071836472
155306,0.808201670647
155307,0.888572871685
155310,0.780299603939
155311,0.737240791321
155314,0.870046019554
155316,0.668822646141
155317,0.926893234253
155318,0.954891502857
155321,0.490036070347
155322,0.811321794987
155323,0.71659642458
155324,0.861352860928
155328,0.797182440758
155329,0.871315181255
155332,0.88104146719
155333,0.965007424355
155334,0.788481652737
155336,0.546090602875
155339,0.944768071175
155340,0.952045083046
155341,0.720562040806
155344,0.64032459259
155345,0.899061799049
155346,0.92373496294
155351,0.85382348299
155355,0.933756947517
155357,0.931243419647
155359,0.795553088188
155362,0.802131056786
155364,0.717295050621
155365,0.799830138683
155366,0.668781101704
155372,0.62255936861
155374,0.92272990942
155377,0.985988974571
155378,0.905679285526
155379,0.721598744392
155381,0.907063245773
155382,0.78874206543
155384,0.61716479063
155385,0.912687242031
155387,0.94752240181
155389,0.819230258465
155391,0.810228645802
155393,0.904044389725
155394,0.915299475193
155395,0.931438326836
155400,0.816282570362
155401,0.964245915413
155402,0.958205163479
155403,0.934383571148
155406,0.924899876118
155407,0.644383847713
155410,0.988180041313
155412,0.906989574432
155413,0.953694045544
155414,0.792528688908
155415,0.970121085644
155416,0.833776295185
155420,0.572507023811
155422,0.790584921837
155427,0.610191583633
155430,0.855000495911
155431,0.837988257408
155433,0.492421388626
155436,0.702660441399
155438,0.792604506016
155440,0.78827726841
155441,0.332720965147
155442,0.616295218468
155443,0.867904424667
155446,0.801497578621
155447,0.595950722694
155450,0.673551380634
155460,0.860250234604
155462,0.630299687386
155464,0.796942353249
155465,0.75213766098
155467,0.951855480671
155468,0.985854804516
155470,0.857611894608
155474,0.703852534294
155475,0.932047247887
155476,0.976712107658
155478,0.88409537077
155479,0.516420483589
155480,0.812092423439
155481,0.436085730791
155483,0.396076589823
155485,0.794520497322
155486,0.980555832386
155488,0.829520881176
155489,0.900262475014
155491,0.477757304907
155492,0.803524196148
155493,0.947641193867
155496,0.743563592434
155500,0.96396535635
155502,0.788411140442
155505,0.961338579655
155512,0.434798538685
155514,0.939191758633
155518,0.985978007317
155519,0.935392975807
155520,0.784568548203
155521,0.702139258385
155524,0.654876112938
155525,0.631938934326
155528,0.957470536232
155529,0.876787126064
155530,0.53378880024
155532,0.08285523206
155533,0.809357404709
155534,0.390688061714
155537,0.853965818882
155538,0.780255079269
155539,0.760170936584
155541,0.870438814163
155545,0.503097593784
155547,0.870242357254
155548,0.782114923
155549,0.981803417206
155551,0.652887046337
155555,0.109291613102
155557,0.897194206715
155559,0.927906394005
155561,0.832878172398
155562,0.885072112083
155565,0.179130092263
155566,0.9222240448
155567,0.781331956387
155568,0.551099300385
155570,0.481437534094
155572,0.89202105999
155574,0.745431780815
155575,0.951730847359
155576,0.910629630089
155577,0.981945157051
155579,0.451778560877
155583,0.527014732361
155584,0.96397203207
155585,0.95520812273
155588,0.879776775837
155590,0.978007733822
155591,0.986609756947
155598,0.916746556759
155601,0.992911279202
155605,0.653116345406
155606,0.441266655922
155612,0.934438824654
155613,0.711567401886
155614,0.985639810562
155615,0.597069919109
155616,0.80269753933
155617,0.969427227974
155618,0.446550667286
155620,0.861260831356
155621,0.623044848442
155622,0.364694535732
155627,0.852219521999
155628,0.879308998585
155629,0.860518693924
155630,0.815852642059
155635,0.685270607471
155636,0.869811952114
155637,0.519151687622
155638,0.92534583807
155641,0.637642920017
155646,0.973941206932
155648,0.618902087212
155650,0.915076196194
155651,0.582383453846
155652,0.6949634552
155653,0.934638559818
155654,0.95485073328
155660,0.911242306232
155661,0.949833571911
155664,0.767468810081
155665,0.788939118385
155668,0.564458549023
155670,0.809040784836
155671,0.958052694798
155673,0.834945499897
155674,0.686522066593
155675,0.673859536648
155676,0.876828253269
155677,0.905829131603
155678,0.938966274261
155679,0.895597994328
155680,0.953182578087
155681,0.854778647423
155683,0.754180014133
155684,0.814396798611
155685,0.990481197834
155686,0.932016313076
155687,0.93415594101
155688,0.847806453705
155694,0.870009958744
155696,0.781257092953
155697,0.732119619846
155699,0.575480461121
155702,0.846886515617
155703,0.873710393906
155704,0.821076631546
155707,0.793231129646
155708,0.969771385193
155711,0.931776821613
155712,0.865693867207
155713,0.946693539619
155715,0.393562912941
155719,0.623828649521
155720,0.964191496372
155723,0.0784028992057
155725,0.694196283817
155726,0.816550970078
155728,0.844347774982
155729,0.793034374714
155730,0.779220938683
155732,0.986429572105
155733,0.983145356178
155734,0.881235659122
155735,0.79090076685
155736,0.954447448254
155739,0.883314371109
155744,0.831154644489
155745,0.589436650276
155746,0.695943295956
155750,0.725080966949
155751,0.965506017208
155752,0.718195974827
155755,0.816155612469
155757,0.0909593477845
155758,0.483807116747
155760,0.603308975697
155761,0.921449899673
155763,0.684623718262
155767,0.74173617363
155768,0.449571847916
155771,0.957944512367
155775,0.949952423573
155776,0.73382627964
155777,0.987658023834
155778,0.569877326488
155779,0.929481506348
155790,0.625722944736
155793,0.623645842075
155795,0.952539980412
155796,0.943915486336
155797,0.899750113487
155799,0.868300795555
155804,0.776082396507
155805,0.697193682194
155806,0.699786543846
155807,0.531810581684
155809,0.472623825073
155814,0.82546287775
155816,0.911815702915
155817,0.835641562939
155819,0.472402274609
155820,0.767976820469
155821,0.983066439629
155822,0.923009872437
155825,0.755612790585
155827,0.908889770508
155828,0.675573825836
155831,0.767584502697
155833,0.640859365463
155835,0.74505841732
155837,0.954834282398
155839,0.719680070877
155841,0.876962661743
155843,0.756970465183
155845,0.0476399511099
155848,0.602220535278
155849,0.250273317099
155854,0.897434353828
155855,0.446268081665
155856,0.864808857441
155857,0.963739216328
155859,0.928110122681
155860,0.964865386486
155861,0.669627547264
155862,0.94590818882
155863,0.954656422138
155865,0.839628875256
155868,0.793970227242
155869,0.522389233112
155873,0.845472216606
155874,0.980411410332
155875,0.761942327023
155878,0.304027765989
155881,0.0611368529499
155883,0.716906070709
155884,0.922722220421
155891,0.596909701824
155892,0.711484313011
155895,0.916695475578
155896,0.920762956142
155897,0.823951482773
155898,0.974833607674
155899,0.80133575201
155900,0.964792013168
155901,0.85857385397
155902,0.843161940575
155904,0.92805403471
155905,0.660694360733
155906,0.977302312851
155907,0.831023812294
155908,0.547403156757
155912,0.484877288342
155914,0.537381649017
155915,0.665813922882
155916,0.967539846897
155918,0.565902411938
155919,0.874757707119
155922,0.933339357376
155928,0.960068821907
155929,0.813565194607
155931,0.963188171387
155932,0.895184397697
155933,0.669266760349
155936,0.956966876984
155937,0.984337151051
155939,0.0282516498119
155943,0.542798876762
155945,0.279849976301
155947,0.616732060909
155949,0.467514097691
155951,0.729415595531
155952,0.923712074757
155954,0.863527178764
155956,0.757108926773
155957,0.388940632343
155959,0.849212169647
155960,0.771708548069
155963,0.929270982742
155964,0.948385715485
155965,0.516687452793
155966,0.85652166605
155969,0.909862339497
155970,0.661656439304
155972,0.877476632595
155976,0.672661960125
155977,0.969018697739
155978,0.95865136385
155983,0.650040030479
155987,0.963079154491
155988,0.365352421999
155989,0.722414314747
155991,0.832214951515
155994,0.918058693409
155997,0.738877773285
155998,0.895230293274
156000,0.455087989569
156003,0.918765187263
156005,0.760212421417
156006,0.889599204063
156007,0.737718820572
156008,0.985938370228
156010,0.951483428478
156013,0.671171486378
156015,0.801947295666
156017,0.904982328415
156018,0.852856278419
156019,0.953467607498
156022,0.874081492424
156023,0.221905887127
156024,0.774355828762
156025,0.956168532372
156026,0.967049360275
156028,0.968119442463
156031,0.674355864525
156033,0.432578086853
156034,0.677151620388
156035,0.855710506439
156037,0.949212312698
156038,0.761576890945
156040,0.838750422001
156041,0.449380397797
156042,0.553629755974
156043,0.85235363245
156046,0.756654441357
156047,0.988156318665
156048,0.783347904682
156053,0.907811462879
156054,0.957350790501
156055,0.907261788845
156057,0.786518335342
156059,0.426339656115
156060,0.919840335846
156062,0.054336939007
156063,0.890977740288
156065,0.991625487804
156068,0.950082600117
156069,0.991429507732
156072,0.918638288975
156076,0.362828075886
156078,0.96615678072
156079,0.835729300976
156086,0.157721012831
156087,0.872472167015
156091,0.763858377934
156092,0.25461179018
156093,0.891388714314
156094,0.770041823387
156095,0.763295888901
156098,0.780017256737
156099,0.864252388477
156102,0.729582726955
156105,0.405013144016
156106,0.822528243065
156107,0.744887650013
156108,0.880918979645
156109,0.605520904064
156110,0.808542966843
156111,0.476823985577
156114,0.833725869656
156115,0.402615666389
156116,0.608291089535
156118,0.554537415504
156122,0.430139154196
156126,0.754598557949
156129,0.983317315578
156131,0.690161168575
156132,0.885598182678
156133,0.950998961926
156134,0.693982839584
156136,0.710178136826
156137,0.935991644859
156139,0.709410786629
156142,0.832081973553
156143,0.881325542927
156144,0.798228561878
156145,0.648302793503
156146,0.939846694469
156150,0.939907729626
156157,0.643473505974
156158,0.745913207531
156161,0.636641740799
156163,0.748784005642
156164,0.885801017284
156165,0.662378549576
156166,0.971264123917
156167,0.988644361496
156172,0.785802602768
156173,0.555500686169
156175,0.911036849022
156176,0.527481615543
156178,0.913656949997
156179,0.955640554428
156180,0.649659752846
156183,0.964103758335
156184,0.29044675827
156188,0.765353143215
156193,0.947788119316
156199,0.948388040066
156200,0.694403409958
156201,0.619044959545
156203,0.698551177979
156204,0.681933939457
156208,0.982130348682
156209,0.765455067158
156212,0.888291358948
156213,0.507513999939
156214,0.954681098461
156215,0.788370847702
156216,0.767562031746
156217,0.987973928452
156218,0.958558499813
156220,0.972241997719
156221,0.655670404434
156224,0.809133172035
156225,0.900122523308
156226,0.76020526886
156230,0.643994092941
156235,0.562977671623
156236,0.828740298748
156240,0.902536571026
156241,0.852709114552
156243,0.739853858948
156249,0.847664237022
156250,0.969901680946
156252,0.982548832893
156253,0.988680481911
156257,0.58919107914
156258,0.697267889977
156259,0.888825595379
156261,0.593056976795
156262,0.771362006664
156263,0.723543167114
156265,0.396493494511
156266,0.752852022648
156267,0.969183087349
156270,0.574844300747
156272,0.761132359505
156273,0.944681346416
156275,0.991441369057
156277,0.710386991501
156278,0.934931576252
156279,0.625625669956
156280,0.611653745174
156281,0.544829726219
156283,0.843190431595
156284,0.848714053631
156285,0.920600354671
156289,0.566066384315
156291,0.935977458954
156293,0.299452066422
156296,0.224312543869
156298,0.741167187691
156299,0.875558316708
156300,0.359478831291
156301,0.719330966473
156304,0.779893040657
156305,0.978437244892
156308,0.795170247555
156309,0.914466321468
156310,0.876202881336
156311,0.983520567417
156312,0.918177962303
156315,0.464578717947
156316,0.731887638569
156318,0.812892198563
156319,0.960238277912
156320,0.917962372303
156321,0.660674750805
156322,0.977742791176
156323,0.686221301556
156324,0.885118722916
156325,0.503547847271
156331,0.814088284969
156332,0.975548028946
156333,0.90658634901
156334,0.669203102589
156335,0.763874173164
156337,0.948198735714
156338,0.654023230076
156340,0.982100903988
156341,0.892626285553
156342,0.494192659855
156344,0.807454526424
156346,0.683000445366
156348,0.986789643764
156350,0.810046732426
156351,0.717885494232
156352,0.820865154266
156353,0.802864015102
156357,0.567946791649
156359,0.377102047205
156360,0.60973495245
156363,0.641563355923
156364,0.820945978165
156365,0.787019073963
156367,0.747340857983
156374,0.745750486851
156375,0.476001143456
156380,0.765986382961
156386,0.682100594044
156387,0.148293569684
156389,0.942230641842
156390,0.782502293587
156393,0.777990162373
156394,0.638169288635
156395,0.749683201313
156396,0.888642370701
156397,0.965735256672
156400,0.965567708015
156407,0.83148676157
156414,0.79778522253
156415,0.226341232657
156416,0.942367315292
156417,0.593057572842
156419,0.809431314468
156420,0.870505154133
156421,0.94298684597
156422,0.927197992802
156424,0.937840878963
156429,0.800165891647
156430,0.901681482792
156431,0.611028075218
156432,0.865836381912
156436,0.944775938988
156438,0.947441577911
156440,0.653633594513
156441,0.877086162567
156445,0.743149340153
156448,0.539652585983
156449,0.476265221834
156450,0.681142091751
156454,0.859329879284
156457,0.986445844173
156458,0.903615415096
156460,0.97586786747
156461,0.923862934113
156462,0.938193440437
156463,0.964494943619
156466,0.545828461647
156468,0.628848195076
156469,0.744537711143
156470,0.951177537441
156471,0.933100402355
156472,0.581622302532
156473,0.956282436848
156474,0.740446984768
156482,0.857724308968
156483,0.707696855068
156489,0.786623179913
156491,0.975275397301
156492,0.77159756422
156493,0.650431215763
156494,0.96929115057
156495,0.986380040646
156496,0.853351652622
156497,0.828370153904
156498,0.978805422783
156499,0.566007137299
156502,0.728693068027
156504,0.732737183571
156505,0.670423924923
156509,0.890561640263
156510,0.930989563465
156512,0.985054254532
156514,0.683236598969
156515,0.926087498665
156517,0.799135506153
156523,0.986574232578
156524,0.894462645054
156526,0.901812255383
156527,0.87609577179
156529,0.708940207958
156532,0.937789618969
156533,0.938128590584
156535,0.68688583374
156536,0.98042345047
156537,0.773903787136
156539,0.990110337734
156540,0.960950195789
156541,0.983741998672
156542,0.826056778431
156544,0.937743604183
156545,0.928582489491
156548,0.588905930519
156555,0.975503265858
156557,0.787753283978
156559,0.676468610764
156561,0.891018748283
156562,0.922853887081
156563,0.87759321928
156566,0.628328442574
156568,0.900659441948
156569,0.978671133518
156570,0.96734470129
156571,0.89357894659
156578,0.0452133715153
156580,0.94446259737
156582,0.861133038998
156583,0.986388981342
156586,0.98964381218
156587,0.75291711092
156588,0.982968986034
156589,0.982376933098
156590,0.757774829865
156591,0.83548694849
156596,0.410300970078
156597,0.83074837923
156599,0.935493528843
156600,0.70438849926
156603,0.910088121891
156604,0.913963735104
156606,0.730354189873
156612,0.799230754375
156614,0.780827760696
156620,0.973402440548
156624,0.70045799017
156626,0.79154074192
156627,0.906159460545
156628,0.831924855709
156632,0.878250896931
156633,0.804519414902
156634,0.444754868746
156635,0.745599031448
156637,0.908749520779
156638,0.661497712135
156639,0.965986788273
156641,0.699351072311
156642,0.563642442226
156644,0.54254168272
156646,0.943729102612
156647,0.573847413063
156649,0.445604771376
156650,0.505552530289
156651,0.769609212875
156657,0.612151920795
156658,0.361970484257
156659,0.989329874516
156660,0.776242792606
156663,0.893750607967
156664,0.53505218029
156665,0.788769960403
156666,0.610645234585
156667,0.976231634617
156668,0.883907079697
156670,0.549052298069
156671,0.858048677444
156672,0.827191054821
156674,0.548143029213
156675,0.536514520645
156676,0.939923524857
156677,0.976498425007
156678,0.313633620739
156679,0.66112357378
156682,0.764737665653
156685,0.757404923439
156691,0.655850768089
156692,0.960674285889
156695,0.809757769108
156696,0.929645597935
156698,0.910929918289
156699,0.82060366869
156701,0.912369608879
156703,0.95783829689
156705,0.801962792873
156710,0.837289631367
156711,0.859549283981
156713,0.882027208805
156714,0.823859632015
156718,0.827156364918
156719,0.549279689789
156720,0.68108612299
156721,0.936425805092
156723,0.599670231342
156727,0.886791348457
156728,0.902596473694
156730,0.69178378582
156731,0.844928324223
156733,0.844816327095
156734,0.954070329666
156739,0.594048023224
156742,0.921466588974
156743,0.944435596466
156744,0.989889979362
156747,0.755045473576
156748,0.742686152458
156753,0.51440602541
156755,0.860617399216
156756,0.957982718945
156757,0.614695012569
156762,0.98588758707
156763,0.798013567924
156765,0.709899127483
156766,0.915444493294
156767,0.856433868408
156771,0.887567877769
156772,0.849377214909
156775,0.641364753246
156779,0.885827302933
156780,0.805311203003
156781,0.983775794506
156782,0.831038713455
156784,0.694286465645
156785,0.885295152664
156788,0.646066009998
156789,0.95615708828
156790,0.697389364243
156791,0.932736515999
156792,0.834351480007
156793,0.82423222065
156794,0.814439535141
156795,0.646580755711
156800,0.669149577618
156801,0.760284543037
156802,0.930567085743
156803,0.81347990036
156804,0.613906919956
156810,0.425739377737
156811,0.85237878561
156812,0.535535573959
156817,0.607813715935
156820,0.796207487583
156821,0.990168094635
156822,0.915976703167
156824,0.877158343792
156825,0.953375160694
156826,0.497995525599
156828,0.581042706966
156831,0.759559333324
156835,0.91014289856
156838,0.814829051495
156839,0.745134532452
156840,0.928643763065
156841,0.656544864178
156844,0.315689384937
156847,0.842899978161
156849,0.767708003521
156851,0.626802742481
156853,0.807905435562
156855,0.189549788833
156856,0.602670252323
156858,0.755670487881
156859,0.695052623749
156861,0.97451877594
156862,0.812337040901
156863,0.982447445393
156865,0.88661044836
156867,0.752340555191
156869,0.792886257172
156871,0.84069108963
156872,0.783068060875
156873,0.941617012024
156876,0.633419156075
156878,0.84159296751
156884,0.8624548316
156886,0.410321295261
156887,0.985329329967
156897,0.889608800411
156898,0.978652477264
156903,0.729144215584
156907,0.641112565994
156908,0.868220388889
156909,0.233008921146
156910,0.937040448189
156911,0.951057076454
156912,0.194673016667
156915,0.926641225815
156917,0.831809222698
156920,0.645117461681
156922,0.93019002676
156924,0.991625487804
156925,0.941852331161
156926,0.903048276901
156933,0.874241888523
156934,0.779930710793
156935,0.983201920986
156936,0.869946420193
156940,0.607035934925
156941,0.922966182232
156943,0.946137785912
156945,0.96789932251
156949,0.747461497784
156950,0.893508851528
156952,0.303075730801
156953,0.45621740818
156955,0.704336345196
156956,0.894657194614
156959,0.655899763107
156960,0.96093070507
156963,0.900723934174
156964,0.975264191628
156966,0.931233882904
156971,0.845539212227
156972,0.575265526772
156973,0.520307004452
156974,0.720058739185
156977,0.942184388638
156978,0.863189697266
156980,0.812759280205
156981,0.866086423397
156983,0.77401894331
156984,0.916934072971
156986,0.953368663788
156987,0.971486270428
156988,0.948910057545
156992,0.585345685482
156997,0.834084808826
156998,0.801526665688
157001,0.976830840111
157002,0.622698605061
157004,0.938654065132
157010,0.78850466013
157012,0.89547264576
157013,0.906965374947
157014,0.96968382597
157018,0.716761469841
157019,0.514343440533
157021,0.939862370491
157022,0.945848047733
157023,0.503038764
157025,0.733736455441
157028,0.743505060673
157030,0.597163081169
157031,0.604357361794
157032,0.880080878735
157036,0.944563090801
157037,0.950252115726
157039,0.57420027256
157042,0.785406112671
157045,0.749846875668
157047,0.737356841564
157049,0.272382348776
157050,0.500718355179
157052,0.827820658684
157062,0.941523611546
157064,0.77504914999
157066,0.861668229103
157068,0.390871614218
157071,0.952557146549
157073,0.841409623623
157076,0.722295820713
157082,0.734723269939
157083,0.799418210983
157085,0.933604240417
157086,0.533163547516
157089,0.945332050323
157090,0.726980030537
157092,0.583139836788
157094,0.68534040451
157096,0.951126873493
157098,0.742433011532
157101,0.845934152603
157102,0.847976386547
157104,0.839604020119
157106,0.861504793167
157109,0.644853293896
157110,0.904502511024
157111,0.712794542313
157112,0.795070409775
157113,0.541835010052
157115,0.39458540082
157120,0.98008531332
157125,0.164506778121
157128,0.964359760284
157129,0.657152712345
157130,0.395401448011
157135,0.770614922047
157137,0.860337555408
157138,0.811559438705
157139,0.941741347313
157141,0.851612508297
157143,0.554271101952
157145,0.412006348372
157151,0.378819942474
157154,0.940867602825
157155,0.720410585403
157156,0.83011251688
157158,0.935059428215
157159,0.744687497616
157164,0.831182062626
157166,0.310948491096
157167,0.759055256844
157169,0.935368061066
157171,0.990976154804
157172,0.943551599979
157173,0.441463202238
157179,0.544579386711
157180,0.974740028381
157183,0.904599606991
157184,0.278865903616
157188,0.966194272041
157189,0.455666363239
157190,0.863437592983
157191,0.301673203707
157192,0.831212639809
157193,0.781652271748
157194,0.992802023888
157196,0.883368611336
157197,0.666644573212
157202,0.784438490868
157203,0.502913177013
157204,0.956265449524
157209,0.572512924671
157210,0.589998960495
157211,0.69706171751
157213,0.677594482899
157214,0.870392262936
157218,0.681634306908
157219,0.196539998055
157220,0.88969296217
157226,0.785408735275
157228,0.945622444153
157229,0.536499142647
157234,0.798455774784
157235,0.708446085453
157237,0.782485902309
157238,0.767057478428
157239,0.967548549175
157241,0.657147705555
157242,0.507654488087
157244,0.645145595074
157245,0.633953392506
157247,0.865911543369
157249,0.115064628422
157255,0.864645838737
157256,0.940075933933
157261,0.674041807652
157263,0.510451376438
157265,0.561790466309
157266,0.039687577635
157268,0.873234093189
157269,0.824777245522
157270,0.673050880432
157271,0.857324421406
157274,0.707337617874
157275,0.678813576698
157277,0.827586114407
157278,0.366545855999
157280,0.968186080456
157281,0.512844920158
157284,0.909216225147
157287,0.93412989378
157291,0.928026914597
157292,0.912814676762
157293,0.900497615337
157296,0.976897597313
157297,0.319560170174
157299,0.866383194923
157300,0.910313785076
157301,0.492717206478
157303,0.960926413536
157308,0.928488254547
157309,0.799383342266
157310,0.813902139664
157312,0.573893427849
157313,0.801765799522
157314,0.831231832504
157316,0.362107366323
157320,0.736373305321
157322,0.895529925823
157323,0.520690321922
157325,0.742707669735
157326,0.699138045311
157327,0.839673995972
157328,0.565374910831
157335,0.417339771986
157336,0.578818798065
157337,0.785248756409
157338,0.930094718933
157342,0.842962741852
157343,0.707791686058
157349,0.90985172987
157354,0.916090428829
157356,0.663455307484
157357,0.933080554008
157358,0.975769460201
157362,0.911177992821
157366,0.91606849432
157367,0.899188160896
157369,0.853805541992
157373,0.766998827457
157375,0.820629119873
157376,0.87710916996
157378,0.857717216015
157379,0.9713357687
157381,0.923815190792
157385,0.770976901054
157387,0.970125555992
157388,0.485876888037
157389,0.761288821697
157393,0.680976748466
157396,0.872795283794
157398,0.652116894722
157400,0.0850546881557
157403,0.740593850613
157407,0.899726510048
157408,0.708530187607
157409,0.925107777119
157410,0.553243160248
157412,0.827442586422
157415,0.867096066475
157416,0.821169614792
157418,0.982379794121
157421,0.511729001999
157422,0.907033622265
157423,0.866277694702
157424,0.549668312073
157425,0.570955395699
157426,0.754390597343
157428,0.800615251064
157429,0.517984747887
157431,0.707401752472
157434,0.8183811903
157436,0.91978263855
157438,0.860744357109
157439,0.219637736678
157440,0.899595856667
157441,0.97215783596
157443,0.596167623997
157445,0.463724732399
157446,0.986140489578
157447,0.862816631794
157448,0.713682711124
157449,0.595610260963
157450,0.963969349861
157453,0.571662247181
157458,0.906179010868
157459,0.748600006104
157461,0.736332118511
157464,0.956309258938
157465,0.821687936783
157466,0.929758012295
157470,0.546467900276
157472,0.950585722923
157473,0.974247157574
157474,0.902471780777
157478,0.796455919743
157480,0.91694778204
157484,0.955210626125
157486,0.850333511829
157488,0.928035318851
157489,0.842791855335
157490,0.982884407043
157491,0.96252989769
157494,0.792813777924
157496,0.901145458221
157497,0.832245469093
157498,0.897078871727
157501,0.929878413677
157503,0.964294373989
157504,0.972477555275
157505,0.734892547131
157506,0.849028944969
157510,0.953393816948
157512,0.815745651722
157515,0.673631191254
157516,0.955444514751
157518,0.45569190383
157522,0.799045264721
157524,0.948067486286
157525,0.726691663265
157526,0.925664961338
157529,0.530750989914
157533,0.857028067112
157534,0.958340585232
157536,0.903789758682
157537,0.678869128227
157538,0.650187432766
157539,0.913464128971
157540,0.964724242687
157541,0.756696581841
157544,0.611370325089
157547,0.882170796394
157552,0.937205195427
157553,0.972155213356
157555,0.956710398197
157556,0.851031243801
157558,0.893173336983
157565,0.316854983568
157566,0.982337713242
157567,0.820944011211
157568,0.440004110336
157570,0.693629860878
157571,0.614574372768
157572,0.986923873425
157573,0.545991361141
157574,0.205528751016
157576,0.979540765285
157578,0.618758916855
157579,0.766789376736
157580,0.867920339108
157582,0.788892090321
157585,0.711664199829
157588,0.786753952503
157590,0.66046243906
157592,0.536796867847
157593,0.885610580444
157594,0.828682899475
157598,0.759529531002
157599,0.915982484818
157600,0.506123900414
157601,0.98341190815
157603,0.635930716991
157604,0.944388687611
157606,0.748769044876
157611,0.811263263226
157612,0.935390472412
157613,0.713377177715
157614,0.0814518779516
157617,0.697085559368
157619,0.69457679987
157623,0.841512918472
157624,0.746830403805
157625,0.858801662922
157627,0.775198340416
157628,0.669005930424
157629,0.80813395977
157630,0.92169290781
157632,0.580267727375
157634,0.969636082649
157636,0.975660502911
157638,0.984936416149
157639,0.717258095741
157641,0.712990999222
157647,0.759582698345
157648,0.829530060291
157649,0.584063589573
157650,0.860824763775
157652,0.731661736965
157656,0.854158103466
157658,0.884667098522
157662,0.94468998909
157663,0.832509756088
157664,0.930446386337
157665,0.779037594795
157666,0.948768496513
157667,0.648934006691
157668,0.474824309349
157669,0.953409969807
157671,0.815780818462
157672,0.931826233864
157674,0.834818720818
157678,0.94269233942
157679,0.79708147049
157681,0.674845397472
157683,0.785060405731
157684,0.989739716053
157685,0.36567685008
157688,0.463379532099
157689,0.835312247276
157692,0.742179334164
157695,0.90531539917
157697,0.812025845051
157698,0.78849697113
157703,0.846715450287
157707,0.609064817429
157708,0.634325146675
157709,0.824765563011
157710,0.763321578503
157711,0.652839004993
157713,0.760746181011
157716,0.825034558773
157717,0.900102198124
157719,0.931789875031
157723,0.66432338953
157724,0.450967609882
157726,0.682697236538
157727,0.814385652542
157729,0.969084203243
157731,0.973342835903
157737,0.819606304169
157741,0.985681295395
157745,0.933311343193
157747,0.978091299534
157748,0.485152572393
157749,0.979318499565
157750,0.841947376728
157751,0.859840035439
157753,0.635334670544
157754,0.729268372059
157759,0.950595200062
157760,0.839226007462
157761,0.765836596489
157763,0.63044822216
157765,0.63909715414
157766,0.578595399857
157768,0.251924216747
157770,0.893702328205
157772,0.700798094273
157773,0.907776653767
157775,0.874749839306
157779,0.267963886261
157782,0.916045129299
157783,0.827302336693
157784,0.840541660786
157785,0.77049100399
157786,0.974916517735
157788,0.902780234814
157789,0.677243053913
157790,0.767716944218
157792,0.845521807671
157793,0.86949044466
157794,0.721738159657
157800,0.899426877499
157803,0.969148933887
157804,0.332498043776
157805,0.659003973007
157806,0.765904963017
157807,0.875094592571
157808,0.956144452095
157809,0.575847148895
157810,0.894554972649
157813,0.818511724472
157816,0.735566020012
157817,0.54212141037
157818,0.847693741322
157819,0.535269737244
157826,0.966897666454
157827,0.81022644043
157829,0.452316999435
157832,0.788991391659
157836,0.834001660347
157840,0.685528814793
157841,0.824495017529
157842,0.905393242836
157844,0.87712931633
157845,0.942612469196
157847,0.937712609768
157850,0.904795706272
157851,0.980077981949
157852,0.878223121166
157854,0.872643649578
157855,0.836000204086
157856,0.680313229561
157857,0.802702248096
157858,0.756878972054
157859,0.680155873299
157860,0.959155738354
157861,0.932787656784
157863,0.913015365601
157864,0.714957296848
157866,0.894750475883
157869,0.579926252365
157870,0.843395709991
157873,0.474400609732
157874,0.849488139153
157876,0.737911522388
157879,0.351664602757
157880,0.836717128754
157881,0.822271823883
157883,0.471579968929
157885,0.516399621964
157888,0.754730641842
157889,0.6426872015
157890,0.713429331779
157894,0.762033104897
157895,0.95359569788
157898,0.419173955917
157899,0.947107434273
157900,0.655634045601
157901,0.742940425873
157903,0.975044846535
157906,0.496508300304
157907,0.780798614025
157908,0.929256737232
157912,0.975059688091
157913,0.379902094603
157915,0.902343928814
157918,0.88037443161
157920,0.829925060272
157921,0.809048593044
157923,0.714794635773
157924,0.980172455311
157926,0.675720989704
157931,0.811754822731
157934,0.887771010399
157935,0.870976746082
157936,0.822443187237
157940,0.198737740517
157942,0.316185265779
157943,0.924073398113
157948,0.809589624405
157955,0.701267719269
157956,0.963928520679
157958,0.700092494488
157961,0.72565561533
157962,0.718982040882
157965,0.74210870266
157971,0.768108129501
157972,0.652513027191
157973,0.816986620426
157974,0.955407619476
157975,0.835467576981
157976,0.889937996864
157977,0.746131896973
157978,0.932054400444
157979,0.925630331039
157980,0.862603068352
157981,0.941956341267
157982,0.425071269274
157985,0.89766061306
157987,0.977315187454
157993,0.435437917709
157994,0.936881065369
157999,0.647241652012
158001,0.455100059509
158003,0.77995043993
158007,0.596433103085
158009,0.666082978249
158010,0.96409201622
158011,0.533604979515
158015,0.947745382786
158019,0.854879021645
158020,0.920736253262
158022,0.411653518677
158023,0.420669257641
158024,0.691597998142
158027,0.805540978909
158030,0.961564064026
158032,0.872256696224
158033,0.922071993351
158034,0.917628765106
158036,0.977345705032
158038,0.856590151787
158040,0.873621165752
158043,0.949101626873
158044,0.682635307312
158046,0.599989652634
158049,0.392331063747
158054,0.788408279419
158055,0.490579366684
158056,0.975742638111
158057,0.96409034729
158059,0.58410179615
158061,0.958355128765
158062,0.325164794922
158063,0.815948009491
158064,0.859127998352
158065,0.874826610088
158069,0.87622064352
158071,0.496510237455
158073,0.99092566967
158074,0.929718792439
158076,0.923675954342
158077,0.821634590626
158079,0.943885922432
158085,0.791607260704
158087,0.956294119358
158088,0.630148231983
158089,0.929574966431
158090,0.499501496553
158092,0.58333671093
158095,0.371455103159
158098,0.844600975513
158099,0.84011888504
158100,0.978386759758
158101,0.114533983171
158103,0.41365608573
158104,0.804631769657
158105,0.908729195595
158106,0.338415026665
158107,0.968464076519
158109,0.802382111549
158113,0.675171613693
158115,0.895221829414
158116,0.907009184361
158117,0.680268228054
158118,0.750710725784
158119,0.987773835659
158121,0.548728585243
158123,0.884362399578
158124,0.982745230198
158125,0.464781850576
158126,0.636475980282
158127,0.525409758091
158128,0.963362693787
158129,0.931413471699
158132,0.917528092861
158133,0.549514949322
158134,0.930892884731
158138,0.649242341518
158139,0.967091441154
158141,0.744629740715
158143,0.886724948883
158145,0.95671826601
158148,0.972931742668
158149,0.947361469269
158151,0.747988700867
158152,0.956033051014
158154,0.921070694923
158155,0.482691466808
158156,0.71494448185
158159,0.71736061573
158160,0.4471372962
158161,0.884363055229
158162,0.972409725189
158163,0.842168092728
158164,0.515586316586
158165,0.595859706402
158166,0.966212451458
158168,0.952379345894
158171,0.725884497166
158172,0.79733979702
158174,0.989261627197
158175,0.954456031322
158177,0.756981611252
158178,0.865652143955
158179,0.853502869606
158180,0.689024448395
158182,0.818540036678
158185,0.89151853323
158188,0.784898281097
158189,0.670500099659
158190,0.727004528046
158191,0.69076859951
158194,0.374451309443
158196,0.955092191696
158197,0.854109883308
158200,0.786393880844
158201,0.906095325947
158205,0.394499152899
158207,0.823194921017
158208,0.757069706917
158209,0.74598222971
158210,0.871064782143
158211,0.768829584122
158212,0.967449128628
158218,0.854271352291
158222,0.891932010651
158223,0.698190152645
158224,0.638294219971
158225,0.915922284126
158229,0.922823309898
158231,0.775003015995
158232,0.167025089264
158233,0.840928792953
158234,0.758956968784
158236,0.907795548439
158237,0.805350124836
158238,0.72831761837
158239,0.320769846439
158243,0.785974740982
158245,0.846332907677
158246,0.919682502747
158247,0.701728701591
158248,0.928212404251
158249,0.738677382469
158250,0.715940356255
158251,0.485472202301
158252,0.787931740284
158253,0.815410792828
158256,0.574798822403
158263,0.804826021194
158267,0.935062468052
158268,0.594646334648
158269,0.988493382931
158273,0.874048411846
158274,0.850118398666
158276,0.720716297626
158277,0.604434967041
158278,0.717035531998
158279,0.629244267941
158283,0.821039736271
158288,0.907790243626
158292,0.726475536823
158294,0.518944144249
158297,0.55233335495
158298,0.715709209442
158301,0.729309260845
158302,0.516434431076
158305,0.786523461342
158316,0.901485860348
158319,0.883307516575
158321,0.10710863024
158326,0.695757389069
158327,0.95823174715
158328,0.884059607983
158330,0.650629997253
158331,0.9874958992
158332,0.750510752201
158334,0.651312828064
158335,0.695540308952
158338,0.740745961666
158340,0.970864057541
158342,0.971066117287
158343,0.646292626858
158344,0.899840772152
158346,0.926957845688
158347,0.97412610054
158348,0.837611734867
158349,0.892207503319
158351,0.435772120953
158352,0.888466477394
158357,0.938793063164
158359,0.705721974373
158360,0.845919311047
158361,0.881603240967
158362,0.937990665436
158363,0.164408013225
158366,0.982735991478
158367,0.553752064705
158368,0.932440400124
158369,0.627414345741
158370,0.468728542328
158371,0.702962636948
158379,0.918571412563
158380,0.8425334692
158381,0.763058960438
158383,0.98320800066
158385,0.730905234814
158386,0.912940621376
158388,0.980531156063
158389,0.55303388834
158395,0.698308944702
158397,0.967802941799
158408,0.87060046196
158409,0.919256210327
158411,0.96790599823
158412,0.325008124113
158415,0.593862533569
158418,0.796765744686
158419,0.624805271626
158420,0.891480147839
158423,0.841834664345
158425,0.947584331036
158426,0.471676170826
158429,0.0395278260112
158430,0.661058962345
158433,0.847563385963
158439,0.590429127216
158442,0.852380216122
158444,0.964799463749
158448,0.928498804569
158449,0.85612487793
158450,0.962159991264
158455,0.960513234138
158460,0.744915962219
158462,0.902880907059
158463,0.678702890873
158464,0.864185869694
158465,0.933948099613
158466,0.649967432022
158467,0.619120895863
158469,0.762569069862
158472,0.888059198856
158473,0.65010458231
158474,0.956153690815
158475,0.921410799026
158478,0.666765272617
158480,0.65144109726
158482,0.864588022232
158483,0.637210428715
158485,0.879033684731
158491,0.0604372210801
158492,0.842663049698
158493,0.783434867859
158495,0.947676837444
158497,0.775069475174
158501,0.791508793831
158502,0.933751404285
158505,0.361975759268
158506,0.821452975273
158509,0.691971302032
158512,0.797099232674
158513,0.780165076256
158516,0.796921670437
158517,0.691054522991
158519,0.902417063713
158523,0.563098192215
158524,0.414525002241
158526,0.930757164955
158527,0.786055862904
158532,0.654925167561
158534,0.967834293842
158535,0.926426947117
158536,0.595521092415
158537,0.931343793869
158538,0.838333129883
158539,0.661540091038
158543,0.85223698616
158545,0.701469540596
158547,0.346702724695
158548,0.748233020306
158552,0.910550355911
158556,0.908619999886
158557,0.984795808792
158558,0.600924909115
158560,0.860470950603
158561,0.625222146511
158565,0.381153702736
158566,0.667436003685
158567,0.582829594612
158568,0.891260147095
158571,0.976492762566
158572,0.881929814816
158573,0.871421933174
158574,0.761176347733
158575,0.9916203022
158577,0.878961026669
158579,0.801511049271
158581,0.981842517853
158582,0.872052133083
158584,0.934829115868
158585,0.720072805882
158593,0.639907956123
158595,0.784849345684
158598,0.544201135635
158600,0.970812678337
158603,0.914364755154
158604,0.576328754425
158605,0.984436631203
158606,0.943314254284
158608,0.848565578461
158610,0.744716048241
158611,0.843007981777
158613,0.386379152536
158618,0.776186406612
158620,0.928531289101
158621,0.904894649982
158623,0.834342062473
158624,0.916761934757
158629,0.808243632317
158634,0.816080093384
158636,0.98523581028
158642,0.582206189632
158644,0.977844119072
158646,0.949145317078
158647,0.407318025827
158651,0.967571377754
158652,0.893518388271
158654,0.978460371494
158657,0.61425024271
158658,0.522854685783
158662,0.888082504272
158663,0.978205263615
158664,0.857997775078
158665,0.855044126511
158666,0.730639815331
158668,0.990906596184
158670,0.876352131367
158671,0.66029214859
158681,0.659843862057
158683,0.663654386997
158687,0.955236196518
158689,0.930049359798
158690,0.533014297485
158691,0.909283041954
158694,0.939679145813
158695,0.798595011234
158696,0.870278358459
158698,0.954319655895
158700,0.48606595397
158701,0.875926494598
158704,0.910532355309
158706,0.795301795006
158707,0.29897159338
158708,0.750826656818
158709,0.813565909863
158711,0.821603536606
158712,0.693677663803
158713,0.712789297104
158714,0.727964162827
158715,0.935934841633
158716,0.870671033859
158718,0.83921790123
158720,0.928665518761
158721,0.798039495945
158725,0.851023137569
158726,0.916796147823
158729,0.865185439587
158732,0.811859667301
158735,0.39542889595
158738,0.152707189322
158739,0.835617125034
158741,0.989007711411
158743,0.991252481937
158744,0.78576362133
158748,0.963896691799
158749,0.505404174328
158750,0.927447021008
158751,0.985400497913
158754,0.428592592478
158757,0.858914136887
158759,0.816203773022
158763,0.509207010269
158765,0.698152959347
158766,0.923631727695
158767,0.974212288857
158770,0.909471511841
158771,0.710505962372
158773,0.619341135025
158774,0.483410060406
158775,0.640856206417
158778,0.7754753232
158782,0.862562716007
158783,0.588825762272
158788,0.897779166698
158792,0.640936732292
158793,0.761989593506
158794,0.838692903519
158797,0.883179426193
158798,0.905568301678
158799,0.901053905487
158800,0.654439926147
158803,0.8824172616
158804,0.954905807972
158805,0.766420960426
158807,0.930427014828
158808,0.930609583855
158810,0.778224349022
158811,0.657681941986
158815,0.56402772665
158816,0.805563032627
158818,0.926352083683
158819,0.943282425404
158820,0.508624792099
158821,0.604487538338
158822,0.955092847347
158824,0.888341426849
158826,0.735694766045
158830,0.218670547009
158831,0.500077188015
158833,0.877932846546
158836,0.819242179394
158838,0.444050520658
158839,0.832982957363
158840,0.901453495026
158842,0.869465708733
158843,0.423541903496
158844,0.897977530956
158845,0.671858549118
158846,0.674329817295
158848,0.587090551853
158852,0.653062403202
158853,0.711924493313
158854,0.979240059853
158856,0.812979519367
158859,0.794690072536
158860,0.951103568077
158862,0.565467476845
158863,0.792611002922
158865,0.483794808388
158867,0.851687669754
158868,0.969461381435
158870,0.98005348444
158877,0.818662106991
158878,0.765901982784
158890,0.834825098515
158891,0.882636487484
158894,0.80285346508
158896,0.762149274349
158897,0.8953525424
158898,0.769743800163
158901,0.725611329079
158902,0.991363525391
158903,0.833433330059
158905,0.95875954628
158906,0.662795901299
158907,0.870941221714
158909,0.934635639191
158912,0.816642403603
158913,0.961226165295
158914,0.844605445862
158918,0.65390509367
158920,0.638841092587
158921,0.707198917866
158922,0.864536941051
158923,0.955232679844
158924,0.619164168835
158925,0.536469757557
158926,0.87959253788
158928,0.659842193127
158932,0.915159702301
158933,0.931938946247
158935,0.983345389366
158937,0.950254559517
158939,0.958160400391
158942,0.788109004498
158943,0.911577045918
158945,0.961454987526
158948,0.634150862694
158950,0.652578353882
158951,0.747259378433
158952,0.743466198444
158954,0.637604475021
158959,0.81203520298
158960,0.181704759598
158961,0.315177321434
158963,0.839052021503
158966,0.964090466499
158967,0.822380542755
158970,0.968796432018
158971,0.942825496197
158972,0.78130865097
158974,0.96354329586
158975,0.972403168678
158976,0.730551898479
158978,0.657613277435
158979,0.616138160229
158980,0.690689742565
158981,0.747824549675
158987,0.506074368954
158990,0.965488016605
158991,0.668976902962
158992,0.769526600838
158994,0.774086773396
158995,0.854223430157
158997,0.74506264925
158998,0.980220675468
159000,0.630898952484
159001,0.962747871876
159005,0.713204026222
159008,0.926381111145
159012,0.574209809303
159013,0.645799517632
159014,0.902213811874
159017,0.893685817719
159018,0.868493080139
159019,0.818409085274
159020,0.994521379471
159022,0.841459155083
159024,0.507044196129
159027,0.877804219723
159028,0.966630160809
159029,0.678808748722
159031,0.742449104786
159035,0.974277019501
159038,0.866823673248
159040,0.340764731169
159041,0.976656734943
159043,0.243656381965
159044,0.891769587994
159045,0.528694927692
159049,0.690937936306
159050,0.752210319042
159052,0.830472052097
159053,0.70638102293
159054,0.262375384569
159061,0.26540607214
159066,0.963405430317
159067,0.757051050663
159068,0.529989361763
159070,0.287565380335
159072,0.719229578972
159074,0.895483851433
159075,0.562215864658
159078,0.66696614027
159079,0.84587174654
159080,0.722948849201
159083,0.634064853191
159084,0.882711529732
159085,0.863958954811
159086,0.970814704895
159087,0.808994591236
159091,0.847638070583
159093,0.291031867266
159096,0.964707136154
159097,0.741340100765
159098,0.803483605385
159099,0.698722481728
159102,0.882110238075
159113,0.850153326988
159114,0.562364339828
159115,0.499128431082
159117,0.754076242447
159120,0.850113987923
159121,0.908917844296
159122,0.709580302238
159123,0.989764094353
159125,0.575528860092
159131,0.722224533558
159132,0.697238564491
159137,0.98406213522
159141,0.72932446003
159142,0.725987255573
159143,0.98354279995
159144,0.46798735857
159145,0.984245479107
159146,0.97026693821
159148,0.953816473484
159150,0.768244206905
159151,0.918507397175
159154,0.611004710197
159155,0.60210031271
159156,0.827431082726
159158,0.624531447887
159159,0.971386671066
159160,0.469142407179
159161,0.613797843456
159163,0.780030429363
159164,0.834652841091
159165,0.955663084984
159171,0.890777647495
159172,0.941415786743
159173,0.868063509464
159177,0.688190758228
159178,0.976489603519
159180,0.687174677849
159182,0.988151550293
159183,0.968950331211
159184,0.755599319935
159185,0.715872466564
159186,0.81548422575
159187,0.851480782032
159188,0.937090694904
159189,0.894109249115
159190,0.721774935722
159195,0.8787804842
159196,0.729175209999
159197,0.673650443554
159198,0.793059229851
159199,0.37444627285
159200,0.910737097263
159201,0.955298960209
159202,0.470147669315
159203,0.300406694412
159207,0.460452377796
159208,0.967632591724
159209,0.635599136353
159211,0.876253604889
159213,0.400353014469
159215,0.716540932655
159219,0.740984618664
159220,0.943479239941
159224,0.937518715858
159225,0.953509032726
159226,0.676020920277
159229,0.699118435383
159232,0.118756771088
159233,0.0679315924644
159236,0.884670376778
159241,0.925164520741
159242,0.893351495266
159243,0.929483771324
159245,0.5566650033
159251,0.773272573948
159252,0.760000169277
159254,0.673677802086
159255,0.929224669933
159256,0.858103334904
159257,0.911502957344
159262,0.489957541227
159265,0.427982389927
159266,0.722080826759
159268,0.911164104939
159272,0.930557549
159273,0.735637068748
159274,0.816207051277
159280,0.628661334515
159281,0.977777004242
159284,0.9813773036
159285,0.950066685677
159286,0.846548497677
159290,0.939171850681
159291,0.937541782856
159292,0.516640543938
159293,0.92861199379
159297,0.668195545673
159298,0.617497622967
159299,0.912583708763
159300,0.593811273575
159301,0.786236703396
159302,0.672163486481
159305,0.505191624165
159306,0.993243038654
159307,0.829856514931
159308,0.742889583111
159309,0.760435163975
159311,0.8170093894
159312,0.965075135231
159316,0.799616277218
159317,0.9708340168
159319,0.963662862778
159325,0.907779216766
159328,0.973037183285
159330,0.728858351707
159331,0.593272864819
159332,0.251930385828
159333,0.82372623682
159335,0.783289074898
159336,0.781443297863
159338,0.133436754346
159339,0.970680236816
159340,0.585965394974
159341,0.816183924675
159343,0.75599616766
159345,0.856924057007
159346,0.772796750069
159347,0.878626585007
159352,0.816968202591
159353,0.520719587803
159355,0.0806097984314
159356,0.693440198898
159357,0.916245639324
159359,0.830787777901
159361,0.484818279743
159362,0.811899065971
159365,0.692275762558
159366,0.859740614891
159368,0.929714143276
159376,0.883671522141
159378,0.704435765743
159379,0.493668109179
159380,0.925534009933
159382,0.909660875797
159384,0.738121032715
159388,0.934146344662
159391,0.608226716518
159392,0.634467303753
159393,0.632922828197
159394,0.874872207642
159396,0.808277368546
159399,0.749962508678
159404,0.611210346222
159405,0.824902772903
159407,0.399056881666
159409,0.96720802784
159412,0.487555325031
159413,0.789641797543
159415,0.794768095016
159416,0.898802280426
159417,0.796073794365
159420,0.602629542351
159424,0.883453905582
159425,0.832280516624
159426,0.182941704988
159429,0.972096204758
159430,0.972557067871
159431,0.948870241642
159434,0.882921218872
159437,0.764188349247
159442,0.500170469284
159444,0.887447655201
159445,0.969514846802
159446,0.946279704571
159447,0.211607441306
159450,0.668227493763
159451,0.755254030228
159452,0.58479899168
159453,0.70441275835
159455,0.959510743618
159461,0.34819817543
159462,0.351114779711
159463,0.568132460117
159466,0.743231058121
159468,0.386474281549
159469,0.863068580627
159470,0.917825877666
159471,0.987910270691
159473,0.914614200592
159474,0.964581012726
159475,0.358822107315
159477,0.920409142971
159478,0.969172000885
159480,0.975107729435
159481,0.784775733948
159484,0.603825390339
159485,0.98857063055
159489,0.48193949461
159491,0.459610074759
159494,0.927843689919
159495,0.955136656761
159496,0.834369003773
159497,0.900653004646
159498,0.816634356976
159499,0.679515182972
159500,0.987319469452
159501,0.809215664864
159502,0.0716978088021
159504,0.731732964516
159505,0.905807614326
159506,0.969450414181
159508,0.870840489864
159509,0.682071864605
159510,0.619625926018
159511,0.892696201801
159513,0.609469890594
159516,0.919106125832
159518,0.959883391857
159520,0.839743971825
159522,0.85836815834
159523,0.760531067848
159525,0.96379160881
159526,0.861599862576
159530,0.73977792263
159531,0.906910955906
159532,0.909835517406
159533,0.887777030468
159534,0.908783435822
159535,0.950799763203
159536,0.906042814255
159538,0.957846045494
159539,0.934015274048
159540,0.510222315788
159541,0.590837359428
159542,0.889932870865
159548,0.660720825195
159551,0.576134979725
159553,0.971325039864
159554,0.447036415339
159557,0.942151606083
159558,0.940975904465
159568,0.886249601841
159570,0.759580016136
159571,0.955884158611
159573,0.361454606056
159574,0.902565300465
159577,0.740121126175
159578,0.971272289753
159579,0.854328095913
159582,0.64508253336
159583,0.681599915028
159585,0.560214519501
159586,0.755946040154
159588,0.861491918564
159589,0.965872228146
159594,0.929375052452
159595,0.946513473988
159597,0.81971013546
159598,0.784628152847
159601,0.938851356506
159604,0.285645604134
159605,0.986167609692
159606,0.473692119122
159607,0.812166035175
159610,0.907035410404
159611,0.862482726574
159613,0.464264422655
159614,0.883363425732
159615,0.707152962685
159616,0.54277741909
159618,0.90410977602
159623,0.91085922718
159624,0.603787660599
159628,0.890746355057
159629,0.935886085033
159631,0.688272595406
159633,0.857537865639
159636,0.782795786858
159641,0.812725007534
159642,0.5354783535
159649,0.964746654034
159652,0.756283640862
159654,0.95786267519
159655,0.453585475683
159657,0.656037390232
159660,0.793437600136
159666,0.978392958641
159668,0.596464157104
159669,0.696973204613
159670,0.744604706764
159672,0.814810693264
159673,0.932817339897
159675,0.905898571014
159676,0.49756655097
159677,0.921107113361
159678,0.714347839355
159679,0.944540023804
159681,0.86951225996
159683,0.179481908679
159685,0.801237344742
159686,0.703493952751
159688,0.753824472427
159689,0.80180221796
159692,0.889678239822
159694,0.673447549343
159696,0.843568861485
159697,0.765651345253
159698,0.487209200859
159699,0.655515551567
159701,0.794227004051
159705,0.864727854729
159712,0.782830059528
159713,0.475947648287
159714,0.816260814667
159715,0.901150941849
159719,0.902876734734
159721,0.946206092834
159729,0.768515586853
159730,0.961876988411
159733,0.90410810709
159734,0.922058939934
159735,0.735448658466
159738,0.797888278961
159739,0.985612154007
159740,0.750035583973
159741,0.802466630936
159742,0.908645868301
159744,0.893726706505
159745,0.799900650978
159746,0.684117436409
159747,0.956849515438
159748,0.814414620399
159749,0.227153152227
159750,0.609315097332
159753,0.912750303745
159754,0.47427162528
159756,0.888321578503
159757,0.66394007206
159763,0.830354630947
159767,0.621381759644
159768,0.848750114441
159774,0.677863717079
159775,0.940586566925
159776,0.787052154541
159779,0.532907426357
159780,0.837480485439
159781,0.613862931728
159783,0.881399333477
159784,0.939472675323
159785,0.97225767374
159789,0.616174757481
159792,0.839894890785
159793,0.9104424119
159794,0.726642847061
159795,0.833419084549
159797,0.92655402422
159799,0.788528501987
159801,0.929035305977
159802,0.50028449297
159804,0.936349511147
159805,0.891382575035
159806,0.804652273655
159807,0.788161575794
159808,0.923102378845
159809,0.904656767845
159810,0.789207339287
159813,0.600731909275
159814,0.953165471554
159816,0.974781036377
159818,0.672110438347
159823,0.868219852448
159824,0.751358032227
159826,0.797846436501
159829,0.818153202534
159831,0.965681672096
159832,0.957014143467
159833,0.875975012779
159834,0.598420023918
159835,0.43316206336
159838,0.713808655739
159839,0.752315759659
159840,0.903225064278
159848,0.738243639469
159855,0.910835266113
159856,0.929198086262
159857,0.211007922888
159859,0.808347642422
159868,0.810093700886
159870,0.619995892048
159871,0.91965264082
159874,0.671965718269
159875,0.30302670598
159877,0.969442486763
159878,0.801535129547
159880,0.425641089678
159881,0.814732730389
159882,0.810966849327
159883,0.833149671555
159886,0.611571669579
159887,0.966013252735
159889,0.843083560467
159891,0.772551417351
159892,0.958909213543
159897,0.781911373138
159899,0.759069800377
159900,0.921824872494
159903,0.86949545145
159904,0.360156416893
159906,0.837736129761
159907,0.850846350193
159910,0.970831930637
159913,0.689973771572
159915,0.955663323402
159919,0.630904197693
159920,0.507709860802
159922,0.56456387043
159923,0.727719902992
159924,0.943766176701
159926,0.952392160892
159927,0.779654622078
159928,0.745323002338
159933,0.926081180573
159934,0.0755777657032
159937,0.610819756985
159940,0.877135038376
159941,0.930826544762
159944,0.812381088734
159946,0.736836254597
159947,0.851644396782
159948,0.890206098557
159949,0.615212142467
159952,0.804510891438
159953,0.921930491924
159954,0.462336629629
159956,0.983547151089
159957,0.968634486198
159959,0.790599226952
159960,0.588015675545
159961,0.9197717309
159962,0.986136198044
159963,0.980904400349
159965,0.922032952309
159968,0.700455009937
159971,0.915152490139
159972,0.685279905796
159974,0.885267019272
159975,0.938552200794
159977,0.457808494568
159979,0.745639801025
159981,0.981668174267
159982,0.964032948017
159984,0.487498730421
159986,0.847471892834
159988,0.727619290352
159989,0.714963078499
159992,0.886775135994
159993,0.933747291565
159998,0.666098594666
160000,0.550279557705
160002,0.228183105588
160003,0.954667270184
160004,0.689678072929
160006,0.694989323616
160007,0.521237194538
160008,0.734902322292
160010,0.803227543831
160015,0.0784417912364
160016,0.888826370239
160017,0.815221011639
160019,0.983453571796
160020,0.976552546024
160021,0.86704659462
160022,0.89615291357
160023,0.88941770792
160028,0.684361696243
160029,0.954780757427
160032,0.720535516739
160033,0.183181807399
160036,0.986594319344
160037,0.449117600918
160038,0.847289979458
160039,0.780929088593
160040,0.8316603899
160042,0.940587520599
160043,0.936422348022
160044,0.499449729919
160047,0.704516112804
160048,0.911119699478
160050,0.704547643661
160051,0.170005694032
160055,0.751857161522
160056,0.920831441879
160057,0.119656935334
160058,0.929171860218
160070,0.76527929306
160072,0.742407023907
160074,0.974971055984
160077,0.490818589926
160078,0.952781796455
160079,0.677262365818
160082,0.96858972311
160085,0.978174805641
160087,0.972982108593
160091,0.958661913872
160093,0.75431150198
160097,0.83506244421
160099,0.963266789913
160100,0.77146178484
160101,0.832156777382
160102,0.560940861702
160103,0.799209356308
160104,0.939990818501
160105,0.416341304779
160106,0.39621207118
160107,0.798263609409
160108,0.810287296772
160109,0.978667140007
160112,0.91127705574
160115,0.598194301128
160119,0.498630464077
160120,0.981884241104
160121,0.672007322311
160123,0.88726991415
160126,0.44656085968
160129,0.622195601463
160130,0.868523776531
160132,0.755918264389
160133,0.831194996834
160136,0.866187036037
160141,0.685675442219
160144,0.946551144123
160146,0.717983365059
160148,0.699377417564
160149,0.91732519865
160152,0.844133496284
160155,0.736085534096
160157,0.798734068871
160158,0.66401553154
160161,0.932907044888
160162,0.471831738949
160163,0.964430630207
160164,0.56565362215
160167,0.835865318775
160168,0.976694345474
160171,0.978839337826
160173,0.94972717762
160176,0.911698281765
160177,0.867202699184
160178,0.639860451221
160179,0.954471647739
160181,0.970863819122
160183,0.842976808548
160185,0.409012168646
160186,0.923327445984
160187,0.877463400364
160188,0.68314999342
160189,0.496651351452
160197,0.954591870308
160198,0.878773093224
160199,0.44799721241
160202,0.510268628597
160204,0.92557913065
160206,0.620779871941
160207,0.869304180145
160209,0.836163818836
160210,0.935650885105
160211,0.98004257679
160213,0.751202344894
160214,0.486219674349
160221,0.87617790699
160222,0.735877215862
160223,0.795026957989
160224,0.542522966862
160225,0.654038906097
160227,0.551203072071
160228,0.872359573841
160229,0.796048223972
160230,0.758050620556
160231,0.74019920826
160232,0.755108594894
160233,0.891113460064
160234,0.202171579003
160237,0.85026961565
160238,0.936048269272
160242,0.857554554939
160246,0.752308785915
160247,0.982976913452
160248,0.713034927845
160249,0.57223212719
160252,0.495615303516
160253,0.873525321484
160255,0.843845069408
160257,0.93738335371
160258,0.887278079987
160259,0.937570273876
160261,0.740683615208
160262,0.81452280283
160265,0.819879174232
160266,0.982908725739
160269,0.188181310892
160272,0.794521927834
160276,0.876110672951
160281,0.598262667656
160285,0.721946895123
160286,0.841780245304
160287,0.928116977215
160293,0.903156042099
160295,0.839405238628
160297,0.551032543182
160299,0.269260019064
160303,0.314400017262
160304,0.552759349346
160305,0.761172890663
160308,0.88119405508
160309,0.98756891489
160310,0.964513659477
160311,0.85126042366
160314,0.347871601582
160316,0.83838391304
160325,0.765922725201
160327,0.721392452717
160331,0.734357237816
160335,0.969148695469
160337,0.936168313026
160339,0.816532731056
160341,0.484537512064
160342,0.440767228603
160345,0.915750801563
160348,0.899682223797
160349,0.949825048447
160353,0.699358522892
160357,0.977807402611
160358,0.658725082874
160359,0.841078281403
160362,0.866357624531
160375,0.705915093422
160377,0.777133047581
160378,0.850671350956
160379,0.967505335808
160380,0.934656739235
160382,0.992382347584
160385,0.681765139103
160386,0.744627714157
160388,0.969197511673
160390,0.878786504269
160391,0.789447188377
160392,0.782651245594
160393,0.912119626999
160395,0.777052342892
160396,0.823542177677
160401,0.628573417664
160402,0.777730703354
160406,0.798199474812
160408,0.794023573399
160410,0.790755569935
160412,0.780301272869
160414,0.739307582378
160416,0.980947732925
160417,0.571902871132
160419,0.520571112633
160421,0.898596823215
160422,0.372622340918
160424,0.881535291672
160425,0.971715629101
160428,0.814646244049
160432,0.785748004913
160433,0.700310826302
160436,0.798184990883
160437,0.791804730892
160440,0.870319902897
160441,0.924480855465
160442,0.978919744492
160443,0.56815803051
160444,0.893390238285
160445,0.609789013863
160448,0.485664665699
160450,0.824105918407
160451,0.718833446503
160452,0.899109780788
160454,0.588584363461
160455,0.467407912016
160456,0.945783436298
160457,0.616968274117
160459,0.991951584816
160461,0.871717691422
160463,0.838097572327
160467,0.847654819489
160468,0.931274533272
160469,0.982642292976
160470,0.782115697861
160472,0.957150638103
160474,0.820935368538
160477,0.889195799828
160480,0.621797442436
160481,0.974232554436
160482,0.941464424133
160485,0.925010859966
160490,0.935800075531
160492,0.81718724966
160497,0.706444382668
160498,0.893643200397
160503,0.836831927299
160504,0.297867625952
160508,0.834042191505
160510,0.847340643406
160511,0.610776901245
160513,0.100343182683
160515,0.801229834557
160516,0.932459175587
160517,0.655452489853
160518,0.94983881712
160520,0.803327441216
160521,0.883170902729
160523,0.829836964607
160524,0.72117125988
160525,0.892960071564
160528,0.876852154732
160530,0.956992328167
160531,0.753216743469
160533,0.426995396614
160534,0.964514493942
160539,0.947807908058
160540,0.71764087677
160541,0.572415709496
160542,0.943887352943
160548,0.674175083637
160549,0.640739917755
160551,0.838986456394
160552,0.9707249403
160553,0.899601459503
160558,0.839130997658
160561,0.966603755951
160562,0.969866394997
160563,0.755218148232
160564,0.926539838314
160565,0.88965344429
160568,0.832677483559
160574,0.396924734116
160576,0.785517275333
160577,0.978348553181
160578,0.721342325211
160579,0.640781521797
160580,0.939507544041
160582,0.829956054688
160583,0.680002391338
160585,0.762504696846
160586,0.87650257349
160587,0.155599504709
160590,0.797132730484
160592,0.629648566246
160593,0.559965908527
160596,0.733578681946
160597,0.966938793659
160603,0.550776541233
160604,0.883063435555
160608,0.975916564465
160609,0.857736229897
160610,0.597912371159
160613,0.78826969862
160615,0.295457094908
160616,0.925622165203
160617,0.894663393497
160619,0.988781511784
160621,0.867209017277
160622,0.639159202576
160623,0.792667686939
160626,0.525626122952
160627,0.978334724903
160632,0.675152540207
160634,0.720175921917
160635,0.612803399563
160636,0.925723493099
160639,0.939589500427
160643,0.532181859016
160644,0.988895654678
160646,0.731599390507
160647,0.635797262192
160651,0.986134588718
160652,0.95883667469
160655,0.979396343231
160657,0.608921647072
160658,0.591785430908
160660,0.741276800632
160662,0.656496584415
160664,0.586068630219
160667,0.962622344494
160668,0.980359435081
160670,0.697641909122
160672,0.836549341679
160673,0.427184909582
160674,0.513945877552
160683,0.982484638691
160686,0.815983653069
160688,0.711778998375
160690,0.960719108582
160691,0.981284081936
160692,0.935038566589
160693,0.498915404081
160695,0.888942182064
160696,0.921641945839
160697,0.100090049207
160698,0.913659274578
160699,0.950764358044
160700,0.828320741653
160702,0.979167580605
160706,0.204392850399
160711,0.946753799915
160712,0.807893455029
160713,0.722204864025
160716,0.78060823679
160718,0.712385356426
160719,0.888477683067
160720,0.707607448101
160726,0.837865591049
160737,0.892200648785
160738,0.962155997753
160739,0.391315221786
160743,0.92916482687
160744,0.304995805025
160747,0.907746195793
160748,0.756470739841
160750,0.863673448563
160752,0.748777747154
160755,0.20789322257
160756,0.832992017269
160763,0.617193043232
160764,0.442130714655
160766,0.963974714279
160767,0.703881025314
160768,0.827976703644
160772,0.825288772583
160773,0.757253289223
160774,0.971630513668
160775,0.827841103077
160780,0.384409636259
160784,0.90407460928
160785,0.76575499773
160786,0.301366358995
160787,0.896467745304
160789,0.566677987576
160790,0.708260536194
160799,0.437180280685
160801,0.959804952145
160803,0.670653641224
160804,0.716895699501
160805,0.79455769062
160806,0.457083076239
160808,0.711597800255
160809,0.55593419075
160810,0.758568286896
160812,0.967146158218
160814,0.863832652569
160815,0.980247795582
160816,0.434333771467
160819,0.724098861217
160820,0.84517544508
160821,0.926421821117
160822,0.882983088493
160825,0.60670876503
160826,0.896204173565
160828,0.657219946384
160830,0.741856336594
160831,0.979763507843
160832,0.972680449486
160836,0.889215171337
160837,0.853406786919
160840,0.921799123287
160842,0.636459350586
160843,0.758686602116
160852,0.889991879463
160853,0.849349141121
160854,0.797706127167
160855,0.971791923046
160860,0.73237991333
160866,0.91843611002
160869,0.825683236122
160870,0.606453239918
160872,0.385320574045
160873,0.894585311413
160878,0.881796240807
160881,0.667277276516
160883,0.868162035942
160885,0.831647157669
160887,0.737891674042
160890,0.808786571026
160891,0.727571487427
160892,0.440486729145
160894,0.985278367996
160895,0.940783202648
160897,0.740413546562
160898,0.67536509037
160899,0.936405599117
160900,0.869723558426
160902,0.868556916714
160903,0.91194319725
160904,0.456568807364
160905,0.715405881405
160906,0.799611330032
160909,0.787393152714
160915,0.985917389393
160917,0.969036519527
160918,0.909702897072
160920,0.96971309185
160921,0.81314021349
160923,0.532427847385
160924,0.803227782249
160927,0.943050861359
160931,0.960539460182
160932,0.944194257259
160934,0.994340002537
160936,0.537089407444
160938,0.754545331001
160940,0.752105891705
160943,0.900193035603
160944,0.830529332161
160946,0.530787944794
160948,0.623628675938
160949,0.84875369072
160950,0.662176907063
160951,0.592204511166
160952,0.668786227703
160953,0.937661409378
160955,0.98097217083
160958,0.982936024666
160959,0.757898747921
160962,0.746622979641
160964,0.918767392635
160966,0.903021752834
160967,0.651365160942
160969,0.67070877552
160974,0.852139234543
160975,0.901094079018
160978,0.98725348711
160981,0.480491727591
160984,0.603078186512
160987,0.724784851074
160990,0.391462445259
160991,0.866788029671
160994,0.93226569891
160997,0.0730186030269
160999,0.314380407333
161001,0.783311069012
161002,0.752498030663
161003,0.825283944607
161005,0.666230916977
161010,0.583058774471
161011,0.898309588432
161014,0.726845502853
161016,0.803721904755
161017,0.876580238342
161022,0.828468501568
161024,0.854837715626
161025,0.488166600466
161026,0.587690711021
161029,0.902752697468
161032,0.976580321789
161033,0.97691899538
161037,0.926039218903
161038,0.318554073572
161039,0.954712688923
161040,0.83766913414
161041,0.841287910938
161044,0.888446033001
161045,0.972543716431
161048,0.732343614101
161049,0.916191697121
161050,0.885000765324
161056,0.905124783516
161058,0.787457406521
161062,0.781222760677
161067,0.95858335495
161068,0.659472823143
161069,0.832923471928
161071,0.972185790539
161072,0.436594992876
161073,0.750186502934
161074,0.732502400875
161076,0.966907024384
161077,0.717347025871
161079,0.63600975275
161080,0.647784531116
161083,0.876693189144
161085,0.892953515053
161086,0.879548609257
161087,0.945527970791
161088,0.565308153629
161089,0.77774232626
161090,0.595710396767
161091,0.389325857162
161095,0.712170362473
161096,0.772033154964
161099,0.768058955669
161101,0.977519750595
161105,0.962360501289
161106,0.687799751759
161108,0.708989620209
161113,0.678091049194
161118,0.738642454147
161120,0.983997583389
161121,0.445068776608
161122,0.699719130993
161123,0.819639444351
161125,0.983928024769
161126,0.855744898319
161127,0.713727593422
161129,0.878527104855
161131,0.887534439564
161132,0.723960340023
161133,0.938905417919
161134,0.728611052036
161138,0.938544213772
161139,0.78153270483
161142,0.489209473133
161143,0.838977694511
161144,0.636411726475
161147,0.763480067253
161148,0.87038475275
161151,0.858457326889
161152,0.824034035206
161153,0.899707078934
161154,0.946957111359
161156,0.97492980957
161159,0.500300109386
161161,0.880603134632
161162,0.716236293316
161163,0.972858905792
161165,0.611151218414
161169,0.646529078484
161171,0.783499240875
161177,0.93362224102
161179,0.874544739723
161181,0.373257607222
161184,0.757920563221
161185,0.584281027317
161194,0.752130806446
161195,0.455262809992
161196,0.73900359869
161200,0.479613125324
161208,0.609415054321
161209,0.903394818306
161211,0.592589080334
161212,0.898605167866
161214,0.918722510338
161215,0.876776754856
161216,0.559922218323
161220,0.685245275497
161223,0.798951625824
161224,0.727208435535
161226,0.217059001327
161228,0.531646847725
161229,0.982617676258
161232,0.741025090218
161234,0.878122091293
161237,0.965561509132
161238,0.946822822094
161241,0.811489403248
161242,0.965959966183
161244,0.95914888382
161245,0.811051785946
161248,0.942989885807
161249,0.954258739948
161250,0.185606464744
161251,0.924734830856
161252,0.904710292816
161255,0.675738692284
161261,0.609593987465
161262,0.459955215454
161263,0.796053051949
161264,0.431583791971
161270,0.838631331921
161274,0.336397051811
161275,0.348156899214
161276,0.846975743771
161277,0.691724896431
161278,0.594007074833
161279,0.622127532959
161281,0.637197613716
161284,0.953091919422
161286,0.97789233923
161288,0.718624293804
161289,0.974691152573
161291,0.822978556156
161292,0.859813690186
161295,0.589405596256
161297,0.946582555771
161298,0.990791797638
161300,0.830195069313
161301,0.588767468929
161303,0.888603568077
161306,0.801747977734
161307,0.969757735729
161310,0.714281916618
161312,0.825516462326
161313,0.488613247871
161314,0.982563793659
161315,0.701482713223
161316,0.463986158371
161319,0.838102996349
161320,0.844500541687
161321,0.917827188969
161323,0.627186000347
161324,0.976281285286
161326,0.850153028965
161330,0.668623745441
161331,0.75008046627
161332,0.978159070015
161333,0.900979936123
161334,0.407036781311
161335,0.891221880913
161338,0.947086572647
161339,0.756896436214
161340,0.6988722682
161345,0.664349019527
161346,0.911575138569
161348,0.74517095089
161349,0.856298089027
161351,0.84074229002
161352,0.844341695309
161353,0.891275465488
161356,0.238420858979
161358,0.446841478348
161359,0.486181586981
161367,0.946799635887
161368,0.817744374275
161370,0.950307309628
161373,0.315941542387
161374,0.821891367435
161377,0.867437958717
161378,0.982970356941
161380,0.947626948357
161382,0.66798377037
161383,0.911861538887
161387,0.927237272263
161389,0.982114374638
161390,0.963507890701
161394,0.941309571266
161396,0.864192962646
161397,0.949672281742
161399,0.751895606518
161400,0.485236316919
161403,0.573675870895
161406,0.51528018713
161407,0.983156859875
161408,0.826265156269
161411,0.682304620743
161412,0.149595424533
161415,0.903037130833
161416,0.98327177763
161417,0.823333740234
161418,0.866892755032
161419,0.753910064697
161420,0.8091147542
161424,0.712666749954
161430,0.959193348885
161433,0.934481084347
161435,0.779121637344
161437,0.890404701233
161440,0.762623548508
161441,0.674235761166
161442,0.952943503857
161445,0.749620437622
161446,0.890321969986
161447,0.403288990259
161450,0.676759839058
161452,0.918216645718
161453,0.769104301929
161454,0.981683373451
161456,0.708099365234
161457,0.936486184597
161458,0.765509784222
161461,0.938875734806
161464,0.762404680252
161467,0.78883177042
161469,0.946906507015
161474,0.835991680622
161475,0.704702436924
161476,0.946776151657
161479,0.720745503902
161482,0.702969491482
161484,0.208483085036
161487,0.646840393543
161490,0.894738078117
161491,0.898030519485
161492,0.564225137234
161493,0.544365763664
161494,0.935642838478
161495,0.874789059162
161498,0.880298316479
161499,0.689501583576
161501,0.982332646847
161502,0.882772564888
161503,0.573738515377
161507,0.832418560982
161510,0.939943015575
161512,0.713020265102
161514,0.652612090111
161515,0.847546219826
161516,0.887075483799
161517,0.860036015511
161518,0.579735636711
161519,0.928983509541
161520,0.951365470886
161521,0.979974031448
161523,0.767334222794
161524,0.962531805038
161526,0.944982647896
161527,0.482025444508
161528,0.84969741106
161529,0.827880680561
161530,0.542917788029
161534,0.831969261169
161535,0.962736904621
161536,0.950925707817
161544,0.391213834286
161546,0.735809743404
161548,0.792522132397
161549,0.562499821186
161550,0.807065725327
161555,0.666441559792
161556,0.898170769215
161558,0.917744338512
161559,0.824748039246
161560,0.779322266579
161561,0.447134792805
161562,0.992301821709
161563,0.861592888832
161565,0.76165574789
161566,0.948663175106
161567,0.791389763355
161568,0.885265231133
161571,0.974667370319
161572,0.958747267723
161573,0.96456861496
161574,0.4786927104
161576,0.912751972675
161577,0.122745081782
161579,0.779236853123
161581,0.851055324078
161582,0.760790348053
161584,0.684826493263
161585,0.77217143774
161587,0.991138517857
161588,0.753040671349
161592,0.582931101322
161596,0.907455325127
161597,0.957727849483
161598,0.821230888367
161599,0.905472695827
161600,0.793627142906
161601,0.857660889626
161603,0.834853112698
161604,0.873883783817
161605,0.908852338791
161611,0.719776809216
161613,0.863510370255
161614,0.934069037437
161615,0.957425057888
161616,0.971926689148
161617,0.438891470432
161620,0.807093918324
161622,0.566281914711
161623,0.915945708752
161624,0.586341142654
161625,0.936946213245
161627,0.828463315964
161628,0.985991537571
161630,0.769738078117
161634,0.967065751553
161635,0.818826794624
161636,0.936044096947
161638,0.878084123135
161644,0.979238450527
161645,0.748143494129
161646,0.680053710938
161647,0.941574215889
161648,0.485585838556
161650,0.900350391865
161652,0.990785598755
161653,0.611965239048
161659,0.909834325314
161663,0.935317456722
161665,0.551651775837
161667,0.339141249657
161668,0.938584983349
161669,0.796829402447
161672,0.8393471241
161673,0.862717092037
161674,0.895988404751
161675,0.984680593014
161678,0.730761170387
161679,0.931914627552
161680,0.703904688358
161681,0.990044891834
161682,0.316248446703
161685,0.951533913612
161686,0.626523673534
161689,0.72631418705
161690,0.939961135387
161691,0.255726456642
161692,0.924078762531
161693,0.595048129559
161697,0.982073426247
161701,0.954916238785
161705,0.411478221416
161706,0.956697821617
161708,0.801640689373
161710,0.617289066315
161712,0.62508636713
161713,0.787870526314
161714,0.893915057182
161717,0.863382041454
161718,0.898958146572
161719,0.821779668331
161720,0.334394305944
161721,0.244174093008
161722,0.804548442364
161723,0.895831942558
161725,0.976256847382
161732,0.776592552662
161733,0.821991980076
161737,0.963234186172
161738,0.577997148037
161740,0.735625624657
161742,0.390858888626
161744,0.819253742695
161745,0.62061136961
161747,0.98453438282
161749,0.770169973373
161751,0.678603887558
161754,0.722210943699
161755,0.960936307907
161756,0.549827516079
161757,0.875148832798
161759,0.650782048702
161760,0.612840235233
161763,0.912852823734
161764,0.966784775257
161770,0.912594735622
161772,0.793180882931
161773,0.892099440098
161774,0.941963911057
161777,0.875525176525
161781,0.0800774767995
161784,0.91723304987
161787,0.793178498745
161788,0.914285838604
161789,0.423307985067
161790,0.701450228691
161793,0.991598129272
161794,0.964497506618
161795,0.77965849638
161797,0.830055832863
161798,0.765055179596
161799,0.978049576283
161800,0.974515974522
161803,0.665581643581
161807,0.912466585636
161808,0.840109705925
161811,0.672817826271
161815,0.839936494827
161817,0.518144845963
161818,0.938997149467
161819,0.955870866776
161822,0.974714100361
161827,0.294665127993
161828,0.777423083782
161830,0.912607431412
161831,0.587454974651
161835,0.903326809406
161836,0.559103488922
161839,0.654037952423
161841,0.579389333725
161842,0.833959937096
161846,0.788108587265
161849,0.62298232317
161850,0.662954688072
161852,0.938342273235
161859,0.731681108475
161861,0.560781598091
161862,0.888014137745
161863,0.526107728481
161864,0.925616204739
161866,0.884538173676
161867,0.357203096151
161869,0.515097737312
161870,0.717060685158
161871,0.983381509781
161873,0.936421215534
161874,0.591556251049
161878,0.964137017727
161879,0.856304228306
161883,0.771732628345
161886,0.781498372555
161892,0.641332924366
161894,0.768955528736
161896,0.790813267231
161901,0.885919690132
161902,0.563343048096
161904,0.97086584568
161907,0.739175915718
161910,0.59445297718
161913,0.75950807333
161914,0.973489284515
161916,0.887472450733
161918,0.794993698597
161919,0.932147324085
161920,0.585605919361
161922,0.697392523289
161926,0.977703928947
161928,0.960463583469
161930,0.937991201878
161933,0.904104411602
161934,0.963824033737
161935,0.877012252808
161940,0.744085669518
161941,0.977811872959
161943,0.806736409664
161944,0.693242847919
161946,0.766152739525
161948,0.684163928032
161950,0.772374629974
161951,0.484108328819
161952,0.764934003353
161955,0.63884973526
161956,0.983554303646
161957,0.280818015337
161959,0.630478680134
161960,0.527466714382
161961,0.139429986477
161964,0.777800917625
161965,0.954911053181
161966,0.83239787817
161969,0.416208744049
161970,0.8567481637
161971,0.772265613079
161976,0.914422750473
161978,0.878853023052
161980,0.724612951279
161982,0.986903429031
161984,0.77641505003
161986,0.990185141563
161991,0.910089194775
161993,0.791569292545
161994,0.706721782684
161996,0.890387177467
161998,0.905874192715
161999,0.801408886909
162001,0.52845454216
162002,0.898689746857
162005,0.663519620895
162006,0.851923763752
162009,0.766109883785
162010,0.834412872791
162012,0.84927046299
162013,0.958326876163
162015,0.968318521976
162020,0.911209344864
162021,0.993265748024
162024,0.942577719688
162025,0.815023779869
162026,0.812053203583
162027,0.955242395401
162029,0.963909089565
162031,0.630864500999
162037,0.418161273003
162038,0.78997439146
162040,0.977049291134
162041,0.926949560642
162043,0.817200005054
162044,0.864919960499
162045,0.828158855438
162048,0.979507505894
162049,0.856347441673
162050,0.839333355427
162052,0.959589123726
162053,0.650649547577
162054,0.826924860477
162055,0.975903630257
162062,0.696923196316
162064,0.760700345039
162065,0.827855467796
162068,0.286587923765
162069,0.800955414772
162070,0.982632756233
162072,0.906869411469
162073,0.889633238316
162074,0.745760381222
162075,0.893049895763
162076,0.830485999584
162078,0.964396715164
162079,0.737497270107
162080,0.864624798298
162083,0.988606989384
162085,0.865693747997
162086,0.853601098061
162087,0.869152128696
162089,0.612100660801
162091,0.785636842251
162092,0.869342625141
162093,0.985527038574
162094,0.245271235704
162096,0.928673267365
162100,0.57635384798
162102,0.929557621479
162103,0.184617504478
162110,0.934250473976
162112,0.98232203722
162115,0.820752620697
162121,0.59963196516
162122,0.988953113556
162127,0.333554506302
162130,0.316605985165
162131,0.651843130589
162132,0.94022244215
162134,0.756756186485
162141,0.817264735699
162142,0.921087384224
162144,0.981215536594
162147,0.648087501526
162149,0.879292070866
162152,0.949065089226
162154,0.963861048222
162155,0.675238072872
162156,0.560570597649
162161,0.689466059208
162162,0.889444887638
162163,0.947382926941
162164,0.95721912384
162165,0.730991005898
162166,0.757434606552
162168,0.19163620472
162169,0.874112606049
162170,0.50088518858
162181,0.714890182018
162184,0.55991345644
162191,0.927224755287
162193,0.958890140057
162194,0.914218783379
162195,0.445743024349
162200,0.97745424509
162201,0.860289931297
162203,0.815500319004
162206,0.774311721325
162208,0.782216608524
162210,0.890672385693
162211,0.688486039639
162215,0.820777058601
162217,0.953296720982
162218,0.850329995155
162219,0.952983736992
162221,0.768954753876
162223,0.929142832756
162224,0.922600448132
162227,0.933358311653
162229,0.653018951416
162231,0.703922092915
162233,0.91095751524
162234,0.984103560448
162235,0.964229345322
162238,0.675118327141
162239,0.936236739159
162242,0.748151600361
162243,0.675337433815
162245,0.444106698036
162247,0.934137403965
162248,0.872225224972
162251,0.180963516235
162252,0.836190104485
162255,0.950777292252
162257,0.822391211987
162259,0.730898737907
162260,0.800237476826
162263,0.857761740685
162265,0.228815034032
162269,0.879335463047
162272,0.677773714066
162273,0.706250786781
162274,0.564852416515
162278,0.355518907309
162279,0.578228294849
162280,0.812855601311
162282,0.865975916386
162283,0.718015611172
162286,0.857168793678
162287,0.823788762093
162297,0.733098983765
162298,0.780176699162
162300,0.956701993942
162301,0.950799465179
162302,0.163336366415
162303,0.773888111115
162304,0.69452214241
162308,0.65666782856
162311,0.79184037447
162313,0.709542989731
162315,0.761088192463
162316,0.960643053055
162320,0.586364448071
162321,0.476429522038
162322,0.955687701702
162323,0.82806634903
162326,0.668499529362
162328,0.480489343405
162329,0.754009187222
162330,0.94743514061
162331,0.439101070166
162333,0.857122540474
162346,0.677060246468
162348,0.878513932228
162349,0.779266238213
162350,0.757827281952
162353,0.897932827473
162355,0.498903125525
162356,0.920536279678
162359,0.88319760561
162360,0.818182468414
162362,0.974716246128
162364,0.57509803772
162365,0.808692574501
162366,0.717247188091
162374,0.977980613708
162375,0.390985935926
162380,0.215167760849
162383,0.107328563929
162384,0.694433033466
162385,0.729390740395
162387,0.722520232201
162391,0.888327598572
162392,0.932578325272
162394,0.0810059085488
162400,0.4064668715
162401,0.976182341576
162405,0.767060577869
162407,0.515702962875
162408,0.646323978901
162410,0.717517018318
162411,0.610329270363
162412,0.844999372959
162414,0.688329815865
162418,0.965009212494
162422,0.764242053032
162424,0.831337869167
162425,0.628937423229
162428,0.346664190292
162432,0.911214888096
162433,0.367129445076
162435,0.974591493607
162436,0.822301030159
162437,0.958387196064
162439,0.769350469112
162440,0.597472548485
162442,0.467298537493
162448,0.646555006504
162449,0.892309606075
162454,0.733783960342
162455,0.691438317299
162457,0.842619538307
162459,0.833753705025
162461,0.475162118673
162463,0.984695613384
162466,0.899718642235
162468,0.675108075142
162470,0.709930419922
162473,0.913402557373
162475,0.576371788979
162476,0.894053995609
162478,0.803756892681
162480,0.834183871746
162481,0.973334670067
162482,0.901586055756
162486,0.844943225384
162489,0.879495799541
162494,0.868210732937
162495,0.864327609539
162497,0.942240595818
162498,0.695532679558
162503,0.775782048702
162505,0.897994041443
162506,0.903993368149
162507,0.805613040924
162512,0.467760503292
162513,0.790656447411
162515,0.0619018152356
162516,0.705572485924
162517,0.624986469746
162518,0.823326945305
162520,0.972391784191
162521,0.730859160423
162523,0.778366029263
162525,0.689506113529
162528,0.761562347412
162529,0.766961455345
162534,0.953533291817
162535,0.764322519302
162538,0.823017239571
162542,0.839232087135
162544,0.863842368126
162546,0.988677561283
162548,0.825137615204
162551,0.731076717377
162553,0.823496878147
162554,0.723895430565
162556,0.993128180504
162558,0.992303013802
162559,0.77823382616
162561,0.732645094395
162564,0.712091326714
162565,0.820639073849
162566,0.726298391819
162568,0.965480923653
162569,0.777175366879
162570,0.401952624321
162572,0.703978776932
162575,0.981549978256
162577,0.649695396423
162578,0.585607171059
162579,0.656012117863
162580,0.375843822956
162582,0.592972755432
162583,0.925686597824
162584,0.935716867447
162585,0.970122754574
162586,0.962357878685
162590,0.488854467869
162591,0.86340624094
162592,0.504936277866
162593,0.510436415672
162594,0.985045135021
162596,0.948865532875
162597,0.557661890984
162598,0.719984471798
162599,0.650616168976
162600,0.823739469051
162606,0.801032066345
162607,0.906915068626
162609,0.774322032928
162611,0.934456944466
162612,0.532999277115
162613,0.79244697094
162614,0.865836083889
162615,0.924033105373
162620,0.388784766197
162621,0.968321204185
162623,0.841596841812
162624,0.643175065517
162625,0.830249190331
162627,0.98683655262
162630,0.2598079741
162631,0.699539780617
162634,0.577700853348
162637,0.845528662205
162639,0.966519892216
162640,0.766624450684
162641,0.783541440964
162642,0.9166264534
162643,0.590773165226
162644,0.779253065586
162647,0.883885383606
162648,0.969840705395
162649,0.669083297253
162650,0.684456944466
162651,0.699973165989
162652,0.908732235432
162653,0.802369117737
162654,0.960588157177
162656,0.650634288788
162659,0.526660740376
162660,0.829861104488
162665,0.891183316708
162667,0.824860453606
162668,0.679135620594
162670,0.496321707964
162671,0.879718542099
162672,0.961476325989
162673,0.851215422153
162675,0.809119224548
162677,0.930851578712
162678,0.990821301937
162679,0.486007213593
162681,0.740045130253
162683,0.112188607454
162685,0.787468016148
162687,0.703801751137
162688,0.95941644907
162689,0.874901473522
162690,0.812657952309
162692,0.345435321331
162695,0.858964979649
162696,0.96854031086
162699,0.874426603317
162700,0.883765339851
162703,0.471262693405
162710,0.914012074471
162711,0.958091974258
162712,0.912769496441
162715,0.695980250835
162716,0.574114441872
162719,0.848210811615
162723,0.869085490704
162724,0.778075516224
162726,0.794893920422
162728,0.887545108795
162729,0.901599705219
162730,0.959508240223
162732,0.584870278835
162734,0.883111298084
162736,0.84352093935
162737,0.157477423549
162738,0.796392321587
162741,0.682956576347
162743,0.670518994331
162745,0.81455796957
162746,0.767196118832
162750,0.879984617233
162751,0.945592463017
162754,0.69921875
162756,0.957841336727
162758,0.746420860291
162759,0.587430119514
162768,0.59941393137
162770,0.328708738089
162772,0.641411185265
162776,0.951984524727
162777,0.0770833939314
162779,0.886204898357
162781,0.873512089252
162782,0.907254815102
162785,0.858456909657
162786,0.89697855711
162787,0.80860465765
162789,0.626060843468
162793,0.989180624485
162794,0.841540455818
162795,0.690884649754
162796,0.961425423622
162797,0.476084977388
162798,0.775975704193
162802,0.851065337658
162803,0.769832134247
162804,0.912804365158
162806,0.565694272518
162807,0.507360339165
162808,0.544552385807
162809,0.918424546719
162812,0.710562825203
162814,0.14420132339
162823,0.822582125664
162825,0.970432877541
162829,0.84130692482
162830,0.977800607681
162834,0.784678220749
162836,0.887222111225
162838,0.981893777847
162841,0.762493133545
162842,0.971742630005
162846,0.7986587286
162847,0.863546907902
162851,0.786227285862
162852,0.799265027046
162854,0.678883314133
162855,0.544862985611
162857,0.805371463299
162859,0.978200256824
162860,0.988281786442
162861,0.970729887486
162863,0.731218934059
162864,0.950753688812
162865,0.853507339954
162867,0.949345350266
162872,0.8922727108
162873,0.722379684448
162874,0.919425368309
162875,0.936848938465
162876,0.55940335989
162878,0.822499930859
162880,0.943605422974
162881,0.778131842613
162883,0.428978949785
162885,0.48473328352
162886,0.929840922356
162887,0.480262517929
162888,0.428799659014
162889,0.731271266937
162890,0.877040266991
162891,0.984536230564
162897,0.865025758743
162898,0.726041257381
162900,0.699302077293
162902,0.624770641327
162906,0.905483961105
162907,0.856351196766
162909,0.991228699684
162910,0.734510481358
162911,0.724611461163
162913,0.693346738815
162915,0.988050937653
162918,0.811055839062
162920,0.828646421432
162923,0.900697827339
162924,0.67269551754
162925,0.347069203854
162936,0.857278227806
162937,0.92351680994
162938,0.873028159142
162939,0.955591261387
162942,0.915109038353
162943,0.522688210011
162945,0.580548167229
162946,0.790537893772
162947,0.556908011436
162950,0.923957049847
162952,0.642932713032
162954,0.792324721813
162956,0.914487063885
162957,0.946131289005
162961,0.761481821537
162963,0.961957156658
162964,0.909726679325
162967,0.937517642975
162969,0.762373209
162973,0.830531299114
162974,0.806487739086
162975,0.586196422577
162976,0.913912177086
162978,0.832694530487
162980,0.973457992077
162981,0.990657567978
162982,0.900746762753
162984,0.728133559227
162986,0.772722005844
162989,0.358607620001
162990,0.87321215868
162992,0.810546219349
162995,0.954523801804
162997,0.830758810043
162998,0.970427572727
163001,0.821006953716
163003,0.831323385239
163005,0.894968509674
163007,0.859025895596
163010,0.716115951538
163014,0.965140879154
163015,0.280811101198
163019,0.791242837906
163021,0.769927382469
163022,0.702755630016
163023,0.736108064651
163024,0.91784119606
163025,0.952494740486
163028,0.927694737911
163030,0.891294598579
163031,0.742385566235
163032,0.910470306873
163033,0.798183143139
163034,0.475586414337
163035,0.878722071648
163038,0.694006562233
163039,0.809402644634
163047,0.524775326252
163048,0.972696781158
163049,0.650178611279
163050,0.86853146553
163051,0.698567867279
163052,0.622990369797
163054,0.749779164791
163055,0.938506662846
163056,0.963066220284
163058,0.23921841383
163059,0.855735063553
163060,0.710452616215
163061,0.423753023148
163066,0.379054129124
163067,0.778624236584
163069,0.620943248272
163070,0.724261820316
163072,0.655749380589
163074,0.976111114025
163077,0.48129466176
163078,0.697102069855
163079,0.918616175652
163082,0.527236282825
163085,0.503872990608
163086,0.971626460552
163088,0.760179817677
163089,0.769537568092
163094,0.708737492561
163097,0.944643199444
163100,0.372893750668
163102,0.671246528625
163103,0.940562486649
163104,0.946977853775
163108,0.80499112606
163110,0.649825036526
163111,0.917062282562
163114,0.888109982014
163115,0.985158741474
163117,0.813470125198
163118,0.916174292564
163120,0.5798432827
163122,0.828892707825
163124,0.703443527222
163125,0.814462304115
163129,0.703490614891
163130,0.9788813591
163133,0.953405082226
163134,0.602290213108
163135,0.973031401634
163138,0.612450182438
163142,0.78274846077
163143,0.847064435482
163145,0.55901235342
163146,0.8633903265
163151,0.872731626034
163152,0.949977934361
163153,0.523301720619
163156,0.729902327061
163157,0.785625874996
163160,0.927750825882
163162,0.807449102402
163163,0.805561602116
163165,0.854052186012
163166,0.428362935781
163171,0.77685791254
163172,0.865825653076
163173,0.807474136353
163174,0.771001756191
163180,0.698015451431
163183,0.518511652946
163185,0.855952441692
163186,0.739749491215
163187,0.919519603252
163190,0.568466842175
163194,0.961699128151
163196,0.449804723263
163200,0.786802947521
163204,0.976928532124
163208,0.685650229454
163209,0.733519375324
163211,0.569075703621
163214,0.923761487007
163217,0.877848148346
163218,0.805948376656
163219,0.784192979336
163223,0.8819912076
163230,0.826519966125
163232,0.47360804677
163234,0.854261875153
163239,0.377300292253
163240,0.833150625229
163241,0.876629948616
163242,0.451791405678
163243,0.889533877373
163244,0.656789720058
163245,0.458972245455
163250,0.0550045184791
163252,0.881401479244
163253,0.926618814468
163260,0.955948770046
163261,0.988101959229
163262,0.624005317688
163263,0.92411506176
163264,0.809699654579
163265,0.52322769165
163267,0.382219314575
163271,0.937647819519
163279,0.96417337656
163285,0.269072145224
163286,0.911319553852
163287,0.909071862698
163290,0.594985842705
163291,0.875701487064
163292,0.89295476675
163293,0.750638663769
163299,0.911360144615
163300,0.839005470276
163302,0.812618553638
163303,0.872578203678
163306,0.798355162144
163307,0.92532235384
163308,0.937671720982
163309,0.945421755314
163312,0.342477381229
163314,0.826830744743
163315,0.904300689697
163316,0.764216601849
163317,0.863343775272
163318,0.78465038538
163320,0.925775289536
163321,0.887410223484
163324,0.602260231972
163325,0.87919729948
163327,0.984989404678
163328,0.061871279031
163330,0.799786269665
163331,0.358141839504
163333,0.678234219551
163334,0.11161801219
163335,0.962135255337
163337,0.168620795012
163339,0.791833877563
163343,0.443340450525
163345,0.943741083145
163349,0.821177184582
163351,0.775749802589
163352,0.75413185358
163355,0.769377052784
163356,0.608193159103
163357,0.903043270111
163360,0.723818302155
163361,0.540821671486
163364,0.934054791927
163368,0.974254608154
163371,0.809677600861
163372,0.942177534103
163376,0.732442319393
163377,0.936805188656
163379,0.924774587154
163383,0.767678081989
163384,0.875416636467
163387,0.857212245464
163388,0.914581894875
163391,0.535007894039
163397,0.89120131731
163399,0.727073907852
163400,0.859175920486
163401,0.893593966961
163403,0.510352611542
163405,0.890899419785
163406,0.951880395412
163408,0.983959019184
163410,0.925313413143
163412,0.99189054966
163413,0.834076344967
163414,0.814576148987
163416,0.733889043331
163417,0.78548848629
163419,0.585065901279
163420,0.604815661907
163422,0.949749231339
163424,0.523003995419
163426,0.610342562199
163430,0.980883955956
163431,0.911647439003
163432,0.784687817097
163436,0.50262004137
163437,0.631687581539
163438,0.975301384926
163439,0.84617716074
163442,0.51610738039
163443,0.829482972622
163445,0.662060379982
163446,0.978932976723
163448,0.985063672066
163449,0.956542372704
163450,0.682321488857
163452,0.973182141781
163453,0.962925374508
163455,0.971625566483
163457,0.775633633137
163461,0.885389626026
163462,0.561594367027
163463,0.389315098524
163468,0.947142243385
163469,0.714224398136
163470,0.613301515579
163471,0.777678489685
163473,0.889685809612
163477,0.89158141613
163479,0.525504350662
163482,0.878278493881
163483,0.79906308651
163484,0.973244667053
163485,0.85881125927
163487,0.975956857204
163490,0.852264523506
163491,0.876341104507
163494,0.89615380764
163496,0.264065742493
163497,0.651326775551
163501,0.932840883732
163502,0.817754566669
163505,0.543734550476
163508,0.961824893951
163510,0.829147279263
163512,0.967597603798
163513,0.512091577053
163516,0.631189763546
163519,0.896028697491
163521,0.963925421238
163522,0.931688904762
163527,0.651979267597
163528,0.944927513599
163530,0.611876010895
163531,0.957687199116
163534,0.894057333469
163539,0.87103420496
163540,0.675621449947
163541,0.944722831249
163542,0.606158912182
163545,0.92011487484
163547,0.947066664696
163549,0.650894463062
163551,0.872984826565
163552,0.719650030136
163554,0.721438527107
163558,0.858443200588
163561,0.755869209766
163563,0.767179369926
163564,0.918460130692
163565,0.500168681145
163566,0.719515264034
163572,0.954127430916
163573,0.214274972677
163575,0.963842332363
163576,0.90176153183
163577,0.125025868416
163578,0.915383279324
163579,0.988903939724
163580,0.711101949215
163583,0.827871084213
163584,0.689414799213
163585,0.355437844992
163590,0.855285644531
163592,0.973505675793
163593,0.841836869717
163594,0.502033233643
163595,0.52807700634
163596,0.174372389913
163598,0.881800532341
163599,0.964131355286
163601,0.836980044842
163604,0.74943459034
163605,0.587230324745
163606,0.97491145134
163607,0.818615794182
163608,0.61510771513
163609,0.611249387264
163612,0.732708752155
163615,0.625507354736
163616,0.343092739582
163617,0.683988213539
163619,0.85792273283
163623,0.830499589443
163624,0.934067606926
163626,0.809108018875
163627,0.86400693655
163628,0.841279804707
163632,0.925459086895
163636,0.807314038277
163643,0.911533653736
163644,0.924282610416
163649,0.741480767727
163650,0.609623908997
163657,0.899161279202
163662,0.775979220867
163668,0.806270837784
163669,0.532946228981
163670,0.854746758938
163671,0.400597900152
163673,0.467185974121
163677,0.337255358696
163680,0.343315958977
163681,0.310614049435
163682,0.818589746952
163684,0.815284311771
163686,0.782440960407
163687,0.938159346581
163688,0.818109750748
163689,0.882115960121
163691,0.927148938179
163695,0.78652203083
163696,0.840269863605
163697,0.917274773121
163699,0.812738955021
163700,0.627700388432
163702,0.801988899708
163704,0.43758931756
163705,0.793924212456
163708,0.721820235252
163711,0.804047226906
163712,0.935113132
163717,0.621552944183
163722,0.927831709385
163724,0.883003950119
163725,0.83068549633
163727,0.896414101124
163728,0.955118715763
163729,0.904067277908
163730,0.26412409544
163732,0.885069787502
163734,0.7110683918
163737,0.605918645859
163740,0.942632675171
163742,0.848560512066
163743,0.927042663097
163744,0.873889327049
163746,0.629155099392
163749,0.929455161095
163751,0.847386777401
163752,0.992360174656
163753,0.857847452164
163754,0.923108696938
163755,0.81810593605
163760,0.91219073534
163763,0.778461694717
163764,0.981570661068
163765,0.0310723874718
163771,0.752622067928
163773,0.841227531433
163774,0.960048377514
163775,0.892082810402
163776,0.978550076485
163780,0.917202472687
163781,0.81743735075
163785,0.859001398087
163786,0.972971260548
163787,0.661869645119
163788,0.574903786182
163789,0.300538867712
163793,0.775954902172
163794,0.812115728855
163795,0.524360179901
163796,0.986987352371
163797,0.397205770016
163798,0.828116416931
163799,0.959269106388
163802,0.531159937382
163803,0.969147562981
163805,0.574019134045
163806,0.928130328655
163810,0.806285560131
163812,0.674575388432
163814,0.661398351192
163815,0.852253437042
163820,0.85359609127
163821,0.450579702854
163822,0.832523941994
163824,0.88281327486
163826,0.864509224892
163830,0.807813227177
163832,0.688575267792
163833,0.707668781281
163834,0.935261785984
163838,0.870884239674
163839,0.591190099716
163840,0.928729295731
163842,0.930116474628
163843,0.936477661133
163846,0.987426638603
163849,0.800187826157
163852,0.709622263908
163854,0.845425367355
163858,0.857153296471
163859,0.923583328724
163860,0.0859441757202
163861,0.889472007751
163862,0.90805119276
163863,0.710139334202
163865,0.941394031048
163868,0.659339427948
163870,0.834749400616
163871,0.877408623695
163872,0.454780578613
163877,0.901648759842
163879,0.0392055884004
163880,0.980073392391
163881,0.952262938023
163883,0.768605232239
163885,0.886726081371
163886,0.575756371021
163889,0.832650721073
163892,0.972263157368
163894,0.864177823067
163896,0.91852170229
163897,0.535287201405
163898,0.679418802261
163900,0.836585700512
163901,0.942490756512
163903,0.53300100565
163904,0.94977504015
163906,0.949050843716
163907,0.823587059975
163911,0.693926930428
163912,0.910324037075
163913,0.687260687351
163914,0.898542225361
163915,0.887520909309
163921,0.952525377274
163923,0.893329441547
163925,0.924664497375
163927,0.976347267628
163929,0.763219475746
163932,0.816736698151
163933,0.361099183559
163934,0.568619668484
163936,0.554999768734
163939,0.985478162766
163941,0.842570781708
163943,0.863557875156
163944,0.588711321354
163948,0.680267572403
163951,0.771029114723
163952,0.973038971424
163956,0.914063036442
163957,0.615563511848
163958,0.75459253788
163962,0.922325313091
163964,0.767341375351
163967,0.536550939083
163969,0.803475558758
163970,0.837863266468
163971,0.70952129364
163977,0.725366353989
163979,0.908265173435
163980,0.23248256743
163981,0.89829993248
163982,0.675738692284
163987,0.908183813095
163988,0.707111775875
163989,0.781860291958
163991,0.913288891315
163992,0.981842517853
163993,0.976434886456
163995,0.777570366859
163996,0.950701951981
163998,0.965938389301
163999,0.870598733425
164000,0.930334627628
164001,0.876406669617
164002,0.146566778421
164005,0.745516777039
164008,0.83650302887
164009,0.947040259838
164010,0.758364498615
164012,0.852089762688
164013,0.929841279984
164015,0.578726053238
164016,0.878157377243
164018,0.943705558777
164022,0.786268413067
164024,0.851086556911
164026,0.814282178879
164027,0.924692690372
164028,0.87990629673
164029,0.829483091831
164030,0.811649978161
164031,0.173044294119
164032,0.53373581171
164034,0.941189587116
164037,0.759833812714
164042,0.979189634323
164044,0.985346674919
164045,0.593466937542
164049,0.856321036816
164050,0.935461640358
164053,0.724721074104
164055,0.727905213833
164059,0.90941876173
164063,0.956700801849
164064,0.726687073708
164066,0.917146205902
164069,0.967803359032
164070,0.694739341736
164073,0.677819609642
164074,0.888972699642
164075,0.941976964474
164077,0.874182939529
164079,0.711496591568
164082,0.503847360611
164083,0.974183917046
164084,0.788912475109
164085,0.977596521378
164087,0.863146662712
164088,0.941853940487
164090,0.930287182331
164091,0.866483986378
164092,0.84768563509
164093,0.468630611897
164094,0.801865816116
164096,0.993028461933
164097,0.872325122356
164098,0.730108201504
164099,0.883568108082
164100,0.985459625721
164101,0.925478756428
164103,0.518273174763
164104,0.515586912632
164105,0.9378297925
164107,0.863273203373
164108,0.405631929636
164113,0.917060256004
164114,0.913155317307
164115,0.682118237019
164117,0.893505930901
164118,0.671028017998
164120,0.743865072727
164126,0.93064302206
164127,0.971088826656
164129,0.908473372459
164134,0.951278924942
164137,0.352740734816
164141,0.289871752262
164142,0.86003524065
164143,0.515756070614
164146,0.809064865112
164147,0.767631709576
164148,0.510242462158
164151,0.885918855667
164153,0.869655191898
164157,0.975657641888
164161,0.932667136192
164163,0.923512637615
164168,0.952819526196
164169,0.931331396103
164170,0.903235793114
164171,0.741303861141
164172,0.75339281559
164175,0.91837477684
164176,0.989547133446
164177,0.602010726929
164178,0.572450935841
164181,0.923781871796
164183,0.744936347008
164184,0.748917281628
164185,0.927176594734
164188,0.947046160698
164190,0.879687905312
164192,0.661132633686
164193,0.960787653923
164195,0.830103456974
164196,0.988543272018
164197,0.962428867817
164198,0.805021643639
164199,0.70348238945
164201,0.958002150059
164203,0.484109789133
164205,0.904657125473
164207,0.948327243328
164208,0.638693213463
164209,0.920326769352
164212,0.588262140751
164213,0.728007256985
164218,0.804241657257
164219,0.761935532093
164220,0.960062205791
164221,0.7687266469
164224,0.911287486553
164225,0.71779024601
164227,0.976146399975
164231,0.580798506737
164236,0.54382699728
164237,0.827919483185
164238,0.678078472614
164245,0.468823075294
164248,0.945054471493
164251,0.534906506538
164252,0.95396900177
164255,0.445830464363
164256,0.870714843273
164257,0.525637328625
164258,0.457033962011
164265,0.846709549427
164267,0.983528137207
164270,0.921235263348
164271,0.647992312908
164274,0.96901512146
164275,0.912157773972
164276,0.396768599749
164278,0.757327795029
164279,0.729475200176
164281,0.777555525303
164282,0.94976568222
164283,0.872319459915
164286,0.489527672529
164288,0.759528934956
164289,0.533178150654
164292,0.942302525043
164293,0.97834944725
164295,0.804249286652
164297,0.627313733101
164303,0.49977633357
164304,0.984340429306
164305,0.985138177872
164306,0.99186617136
164310,0.994865000248
164317,0.839434564114
164323,0.75529640913
164326,0.64256721735
164329,0.386291325092
164331,0.956087768078
164337,0.883756816387
164338,0.903724431992
164340,0.958771169186
164341,0.786068975925
164343,0.922284066677
164345,0.819141924381
164348,0.759591221809
164350,0.955568790436
164355,0.97574877739
164356,0.737259745598
164357,0.866580605507
164358,0.908112347126
164359,0.713570415974
164363,0.632642567158
164371,0.637041449547
164372,0.889933466911
164374,0.689858257771
164385,0.627824246883
164388,0.853644549847
164389,0.839771211147
164391,0.93215996027
164393,0.545192539692
164394,0.975260913372
164395,0.633017361164
164397,0.810939192772
164398,0.913722634315
164399,0.783239662647
164400,0.693311691284
164401,0.707183420658
164403,0.966346085072
164404,0.937538921833
164405,0.792827486992
164409,0.982406139374
164412,0.344787955284
164413,0.896554350853
164415,0.977657914162
164416,0.949469089508
164417,0.938038706779
164419,0.87121206522
164420,0.855913758278
164421,0.943372070789
164423,0.901843369007
164424,0.937471747398
164427,0.677554547787
164430,0.851106703281
164431,0.985135495663
164432,0.937434971333
164434,0.638323664665
164435,0.728528738022
164437,0.945694386959
164440,0.907178580761
164441,0.657720267773
164442,0.948250055313
164443,0.510432958603
164449,0.957045078278
164450,0.822105169296
164451,0.93375825882
164453,0.632439434528
164454,0.795597076416
164457,0.514384806156
164459,0.636557400227
164463,0.930557549
164464,0.913216710091
164465,0.696288943291
164466,0.938872277737
164471,0.816977024078
164472,0.989978075027
164475,0.928197085857
164476,0.938163220882
164478,0.15841448307
164479,0.982101380825
164480,0.904501199722
164481,0.862224757671
164482,0.78250092268
164486,0.901372790337
164496,0.971346080303
164497,0.727898776531
164501,0.869096755981
164503,0.32866063714
164507,0.798322796822
164509,0.767111897469
164510,0.486011892557
164513,0.943447232246
164519,0.984421014786
164520,0.88508528471
164523,0.982335031033
164526,0.700371682644
164527,0.87821751833
164528,0.957830965519
164530,0.913298249245
164531,0.974035859108
164538,0.983126878738
164539,0.964885592461
164544,0.954802691936
164545,0.918419837952
164546,0.973715960979
164548,0.614680945873
164550,0.923117637634
164551,0.654236018658
164554,0.890612304211
164556,0.722915053368
164557,0.869800388813
164560,0.814777851105
164561,0.522818386555
164562,0.901532649994
164564,0.950598835945
164566,0.601239383221
164568,0.909346103668
164570,0.0462776534259
164571,0.503157556057
164576,0.333829849958
164577,0.889175891876
164578,0.892032802105
164580,0.858156204224
164582,0.952458202839
164583,0.82899171114
164585,0.916571259499
164588,0.369816750288
164589,0.902671337128
164591,0.887559711933
164593,0.971966326237
164597,0.880398154259
164598,0.706070184708
164599,0.873149216175
164601,0.75395232439
164602,0.957697153091
164603,0.948504269123
164608,0.977086484432
164609,0.936509549618
164613,0.888525187969
164616,0.977142691612
164619,0.661192953587
164621,0.784216344357
164622,0.934097230434
164623,0.714976072311
164626,0.909619867802
164631,0.984853625298
164634,0.917398929596
164635,0.924578487873
164636,0.945967257023
164637,0.552902400494
164638,0.801072359085
164639,0.730185389519
164641,0.897173762321
164642,0.651671648026
164644,0.969190597534
164645,0.760699391365
164646,0.6488032341
164648,0.803792178631
164649,0.690306544304
164650,0.467029958963
164651,0.942032575607
164657,0.395790457726
164662,0.263676136732
164664,0.467630803585
164665,0.988684237003
164666,0.97841322422
164668,0.917998492718
164671,0.945842266083
164673,0.781515836716
164676,0.923564791679
164679,0.876735150814
164680,0.738037586212
164681,0.875012278557
164683,0.935018181801
164684,0.896417915821
164686,0.509798943996
164687,0.524228274822
164697,0.792361736298
164698,0.909983992577
164702,0.817320585251
164703,0.708894371986
164704,0.684339106083
164705,0.924761712551
164706,0.989882528782
164707,0.971691191196
164708,0.828624308109
164709,0.946832597256
164710,0.923292577267
164713,0.758366286755
164716,0.754901468754
164717,0.963029146194
164719,0.91779500246
164720,0.918038487434
164722,0.838930845261
164723,0.910181164742
164728,0.928048789501
164730,0.864836752415
164733,0.646084725857
164734,0.902569115162
164735,0.284008443356
164736,0.937297284603
164737,0.0456397384405
164739,0.800437986851
164741,0.772821426392
164745,0.577398478985
164747,0.810399472713
164752,0.956850647926
164753,0.969495475292
164754,0.378096908331
164756,0.780147373676
164759,0.533604383469
164760,0.650428056717
164764,0.86052697897
164765,0.981242060661
164766,0.911790668964
164767,0.987579405308
164773,0.781948029995
164775,0.762545108795
164778,0.941055655479
164779,0.868892431259
164781,0.913044571877
164784,0.671005487442
164785,0.981939136982
164786,0.713181376457
164788,0.34604921937
164789,0.985428512096
164790,0.906538426876
164793,0.820914804935
164796,0.843959093094
164797,0.790029704571
164798,0.921965897083
164799,0.674223721027
164803,0.86226028204
164804,0.93321621418
164806,0.692228317261
164807,0.950614452362
164810,0.549751758575
164812,0.941234648228
164813,0.948166131973
164816,0.679877519608
164817,0.868268072605
164818,0.971579670906
164819,0.72939658165
164822,0.829109251499
164824,0.74516671896
164826,0.944414079189
164827,0.847209990025
164828,0.966466784477
164829,0.970888197422
164832,0.892804682255
164834,0.840061247349
164837,0.842967569828
164839,0.694588541985
164840,0.836268603802
164847,0.649894595146
164848,0.892645537853
164849,0.81312417984
164850,0.744689047337
164851,0.727283418179
164852,0.92364948988
164853,0.878280758858
164857,0.740339934826
164863,0.83768594265
164866,0.761878192425
164867,0.862853467464
164870,0.308798849583
164871,0.927891731262
164872,0.866196513176
164873,0.906799793243
164876,0.979971051216
164877,0.796023666859
164880,0.744712591171
164885,0.723143875599
164887,0.402588397264
164888,0.745304524899
164889,0.84401255846
164895,0.429268211126
164896,0.88747304678
164897,0.815113782883
164901,0.765637636185
164902,0.656050682068
164905,0.62867218256
164909,0.857185542583
164910,0.991404056549
164911,0.858536481857
164912,0.365964204073
164913,0.987133026123
164915,0.942472219467
164916,0.471122324467
164917,0.944727301598
164919,0.955393612385
164920,0.925007998943
164922,0.955286443233
164923,0.988557696342
164924,0.501216590405
164925,0.944211602211
164926,0.80281072855
164927,0.968862950802
164928,0.98903042078
164930,0.617927849293
164931,0.575622498989
164932,0.530363619328
164933,0.814927756786
164936,0.797425806522
164938,0.4902151227
164941,0.866370201111
164943,0.800603091717
164944,0.876937627792
164946,0.964102327824
164948,0.720878660679
164949,0.340885281563
164950,0.820187568665
164951,0.930269777775
164953,0.859404504299
164957,0.131665766239
164958,0.551541388035
164959,0.665644228458
164964,0.46563065052
164970,0.76500493288
164973,0.971102535725
164974,0.937534630299
164977,0.950743854046
164979,0.530858814716
164981,0.965491116047
164984,0.581161916256
164985,0.941936850548
164987,0.920664429665
164988,0.711286723614
164993,0.736251473427
164994,0.934930086136
164995,0.979051828384
164997,0.799551188946
164998,0.871929764748
165001,0.785316824913
165004,0.98664689064
165005,0.824384748936
165006,0.763986885548
165007,0.808878481388
165008,0.632120847702
165009,0.878335118294
165010,0.880108773708
165016,0.737383246422
165017,0.0572662726045
165022,0.751511096954
165023,0.981466710567
165025,0.579947829247
165026,0.889490306377
165027,0.974575281143
165029,0.728657960892
165030,0.944708406925
165034,0.736729502678
165035,0.965141236782
165036,0.692746043205
165038,0.76119530201
165040,0.783965706825
165041,0.719066679478
165042,0.681548178196
165044,0.563077807426
165045,0.680255293846
165046,0.848249077797
165047,0.84750777483
165048,0.781897842884
165050,0.791349291801
165051,0.945678710938
165053,0.825607180595
165055,0.73912024498
165056,0.780189752579
165057,0.266302347183
165058,0.827442288399
165060,0.985653042793
165061,0.134637221694
165065,0.602050065994
165069,0.595664441586
165070,0.512024819851
165072,0.52772051096
165074,0.537125885487
165076,0.682741582394
165079,0.2675370574
165080,0.893068909645
165081,0.960815370083
165083,0.902115345001
165084,0.950707256794
165087,0.44602265954
165088,0.959546267986
165089,0.927594065666
165091,0.950011670589
165092,0.779375433922
165094,0.913020133972
165095,0.987237095833
165096,0.807857394218
165097,0.938441455364
165098,0.505003511906
165103,0.493587255478
165108,0.581174135208
165110,0.792236804962
165111,0.854315519333
165113,0.843204557896
165117,0.718666255474
165118,0.886233508587
165119,0.948331773281
165120,0.820854306221
165121,0.736628293991
165123,0.669556558132
165124,0.837425291538
165126,0.612957894802
165127,0.798599362373
165128,0.963940262794
165140,0.717241704464
165141,0.562921404839
165144,0.911043524742
165150,0.95393371582
165151,0.978956401348
165152,0.844010472298
165153,0.821027398109
165157,0.822711229324
165158,0.963931918144
165159,0.943148910999
165160,0.797538042068
165163,0.570943295956
165164,0.962664544582
165165,0.78443557024
165167,0.853451669216
165168,0.575073480606
165169,0.707940578461
165173,0.903349936008
165175,0.844572305679
165176,0.56590461731
165178,0.680640339851
165179,0.729989826679
165180,0.889023900032
165181,0.982720792294
165183,0.979248046875
165188,0.988060534
165191,0.253596156836
165192,0.906297504902
165196,0.839590847492
165197,0.847715258598
165199,0.861424803734
165200,0.944176733494
165202,0.974798500538
165204,0.520634055138
165210,0.886414945126
165212,0.976023733616
165213,0.797878563404
165217,0.876046180725
165218,0.780545949936
165219,0.258733302355
165222,0.856516540051
165229,0.776797235012
165231,0.89421159029
165232,0.923857331276
165237,0.986331224442
165238,0.983687877655
165239,0.985334992409
165241,0.773913860321
165244,0.790963351727
165245,0.934398651123
165247,0.83352971077
165248,0.911962449551
165249,0.88484197855
165250,0.804618179798
165252,0.654219508171
165253,0.7986997962
165255,0.740245759487
165257,0.766552805901
165261,0.522617280483
165262,0.937125325203
165264,0.934977114201
165265,0.770838737488
165267,0.571084976196
165268,0.930556237698
165269,0.763867914677
165270,0.904110133648
165272,0.949867248535
165276,0.702201008797
165277,0.910826683044
165279,0.965333282948
165280,0.866704523563
165282,0.850540995598
165283,0.657939851284
165285,0.944626450539
165288,0.88594442606
165290,0.333471506834
165291,0.909651100636
165292,0.972476005554
165294,0.693651735783
165295,0.942038595676
165296,0.978880703449
165298,0.633308947086
165299,0.920460224152
165303,0.734510779381
165305,0.969868719578
165306,0.523924410343
165307,0.707959711552
165309,0.629187941551
165310,0.680240988731
165311,0.798459947109
165320,0.466294288635
165321,0.559150755405
165322,0.951772928238
165324,0.760805010796
165325,0.406734496355
165326,0.648322939873
165328,0.905811905861
165330,0.992204427719
165332,0.907501518726
165336,0.846606314182
165340,0.758775353432
165343,0.90680283308
165344,0.903566241264
165348,0.900564193726
165349,0.650881052017
165350,0.981451451778
165351,0.970296621323
165352,0.884462177753
165353,0.642260968685
165355,0.939834952354
165356,0.632177352905
165357,0.987082123756
165358,0.784307718277
165362,0.181126192212
165363,0.530994296074
165364,0.987669527531
165368,0.725720703602
165369,0.917764782906
165370,0.642774164677
165371,0.892470538616
165376,0.635280907154
165377,0.752979278564
165379,0.849956810474
165384,0.891572058201
165385,0.772954046726
165386,0.606099784374
165388,0.759859025478
165389,0.72442060709
165390,0.40726941824
165393,0.845012068748
165394,0.449264138937
165397,0.957845628262
165398,0.615103960037
165400,0.451927512884
165401,0.959337890148
165407,0.912397801876
165409,0.717488408089
165411,0.848391652107
165413,0.794763207436
165416,0.707433760166
165417,0.511264264584
165420,0.608648061752
165423,0.594621479511
165424,0.514226138592
165426,0.800070047379
165431,0.963478326797
165432,0.81050568819
165435,0.66158425808
165438,0.754084348679
165439,0.271117299795
165440,0.902846634388
165442,0.951099991798
165443,0.948919713497
165444,0.779464960098
165445,0.816656589508
165447,0.556729197502
165448,0.918327450752
165449,0.528624653816
165452,0.862144947052
165453,0.142957657576
165454,0.8126283288
165459,0.929897665977
165460,0.915808022022
165463,0.760335922241
165472,0.665827512741
165473,0.804672002792
165476,0.934093296528
165477,0.960308492184
165478,0.719213068485
165480,0.900370538235
165482,0.814370393753
165483,0.772932589054
165484,0.729411125183
165486,0.943696320057
165489,0.783139765263
165493,0.65316516161
165494,0.721231937408
165495,0.764335751534
165497,0.851429760456
165500,0.971780538559
165502,0.888680398464
165504,0.948844611645
165507,0.684486150742
165508,0.512737631798
165510,0.602963984013
165511,0.909938454628
165512,0.914277553558
165513,0.71427065134
165517,0.888459384441
165518,0.913708388805
165519,0.970362007618
165520,0.3935995996
165522,0.878651022911
165524,0.520586848259
165527,0.560514450073
165528,0.483414024115
165529,0.771927833557
165531,0.973427534103
165532,0.847081243992
165533,0.694077312946
165540,0.5511033535
165545,0.953152358532
165546,0.753699660301
165547,0.568160355091
165553,0.95319879055
165554,0.921013474464
165556,0.645679295063
165557,0.509255766869
165558,0.988026201725
165559,0.972325026989
165560,0.590618014336
165561,0.691437363625
165562,0.506046831608
165563,0.895574510098
165569,0.913721561432
165570,0.879179060459
165571,0.733530044556
165573,0.933894336224
165577,0.974715590477
165578,0.73246961832
165579,0.964556157589
165580,0.889757812023
165581,0.932762980461
165583,0.948821663857
165586,0.857527434826
165587,0.860140323639
165589,0.824643850327
165590,0.839663505554
165593,0.953409969807
165594,0.877217829227
165596,0.954974114895
165597,0.861418962479
165598,0.984883487225
165599,0.968389391899
165600,0.890537798405
165603,0.394082844257
165606,0.95793825388
165607,0.676876544952
165611,0.232509240508
165613,0.866199016571
165614,0.663741230965
165617,0.716375887394
165618,0.664994418621
165619,0.97762966156
165621,0.874878048897
165624,0.481252521276
165625,0.773671388626
165626,0.85506516695
165627,0.65012550354
165629,0.648237586021
165634,0.605718314648
165637,0.867965519428
165639,0.636843085289
165642,0.94523704052
165644,0.964681386948
165646,0.949502766132
165648,0.948734164238
165653,0.728607654572
165654,0.816301167011
165656,0.817584097385
165657,0.614142656326
165658,0.89662861824
165659,0.574012935162
165660,0.856412708759
165662,0.907007455826
165665,0.527977764606
165667,0.755352020264
165668,0.981999158859
165669,0.794833600521
165670,0.816478967667
165671,0.897204756737
165676,0.900607705116
165677,0.647625029087
165678,0.803441762924
165680,0.943467795849
165681,0.729163408279
165686,0.687769532204
165688,0.928130626678
165689,0.857147693634
165690,0.946179389954
165691,0.884156703949
165693,0.648335635662
165695,0.620055317879
165698,0.747829437256
165700,0.845108032227
165702,0.982957005501
165704,0.814199745655
165706,0.960416793823
165707,0.932807981968
165708,0.987033367157
165710,0.0779142081738
165712,0.606561005116
165714,0.852318227291
165715,0.927727520466
165716,0.515836775303
165717,0.747237324715
165718,0.63477897644
165722,0.970303356647
165723,0.456941664219
165724,0.694171190262
165726,0.836503922939
165727,0.933608233929
165730,0.960096955299
165732,0.677948474884
165733,0.929582238197
165736,0.793932855129
165737,0.930510997772
165740,0.943204522133
165742,0.855249881744
165743,0.457244932652
165744,0.77029132843
165746,0.549077808857
165749,0.79862254858
165750,0.795213282108
165752,0.855954051018
165753,0.712687492371
165754,0.843800246716
165755,0.677021980286
165758,0.556108593941
165760,0.867056787014
165761,0.826471686363
165762,0.92217952013
165767,0.345295250416
165769,0.905148148537
165771,0.673585832119
165772,0.969738006592
165773,0.975278913975
165776,0.789525091648
165777,0.826592862606
165781,0.909753918648
165783,0.505172848701
165785,0.963859498501
165787,0.983449757099
165789,0.62272632122
165791,0.68933480978
165792,0.939081788063
165794,0.421044170856
165796,0.783806979656
165797,0.453282833099
165798,0.669948458672
165800,0.870677053928
165803,0.918267309666
165805,0.723298251629
165806,0.8340280056
165809,0.775684833527
165812,0.892053127289
165815,0.896661877632
165817,0.586437702179
165820,0.351437687874
165822,0.988952219486
165823,0.766676366329
165824,0.878959298134
165825,0.916114151478
165826,0.815796673298
165828,0.835565090179
165829,0.823456346989
165832,0.814954042435
165835,0.960716664791
165838,0.247221723199
165839,0.457330822945
165843,0.636472582817
165844,0.906949877739
165846,0.707396686077
165850,0.912656664848
165852,0.978674173355
165853,0.890789568424
165854,0.745762109756
165855,0.96741694212
165857,0.927025675774
165859,0.59385740757
165860,0.854563236237
165861,0.629353046417
165862,0.120571658015
165865,0.980053126812
165869,0.877982914448
165871,0.753834843636
165872,0.792837381363
165874,0.912455320358
165876,0.318867087364
165878,0.505663514137
165879,0.949550151825
165880,0.861645758152
165882,0.843575775623
165884,0.89991915226
165888,0.702251255512
165890,0.967457592487
165891,0.861750781536
165893,0.862142860889
165895,0.122576296329
165896,0.838122606277
165899,0.379364430904
165900,0.872328400612
165901,0.980689823627
165903,0.970762610435
165904,0.956474900246
165905,0.843472599983
165909,0.97358083725
165910,0.934173583984
165912,0.964438378811
165915,0.984378278255
165917,0.73490524292
165918,0.250897407532
165919,0.898183166981
165922,0.500990450382
165923,0.853555083275
165925,0.246689423919
165927,0.812817633152
165928,0.953698933125
165929,0.8203535676
165931,0.636986494064
165932,0.816356539726
165934,0.719098091125
165936,0.720325708389
165938,0.371874988079
165939,0.834868371487
165941,0.862094163895
165947,0.982999920845
165950,0.751772224903
165951,0.575292348862
165952,0.843494951725
165953,0.871946454048
165955,0.816368401051
165957,0.662473261356
165958,0.836415052414
165959,0.755646049976
165966,0.799238681793
165970,0.52022588253
165973,0.59376513958
165974,0.988137423992
165975,0.973253250122
165977,0.95365858078
165982,0.344434171915
165984,0.586415469646
165987,0.948235630989
165990,0.884192287922
165991,0.853641450405
166000,0.681455314159
166005,0.912678420544
166007,0.975899755955
166008,0.886385202408
166011,0.890123069286
166014,0.94659358263
166017,0.879957437515
166019,0.756981611252
166021,0.871751368046
166022,0.60977846384
166023,0.651227653027
166026,0.856880068779
166027,0.892901241779
166030,0.985016465187
166031,0.936536371708
166032,0.984689712524
166034,0.510266780853
166037,0.823578715324
166039,0.551803708076
166041,0.850828409195
166042,0.61140024662
166044,0.597339034081
166047,0.785309493542
166049,0.817667901516
166051,0.557832181454
166052,0.636553525925
166054,0.653676450253
166056,0.982235014439
166058,0.848580896854
166066,0.756410360336
166067,0.883076608181
166068,0.417039275169
166069,0.813963532448
166071,0.162100836635
166072,0.922517955303
166075,0.898335278034
166076,0.968106031418
166077,0.94084841013
166079,0.582216799259
166084,0.265353262424
166087,0.766107141972
166089,0.827435493469
166090,0.99246019125
166091,0.4977453053
166098,0.387195795774
166099,0.951120853424
166102,0.793195307255
166105,0.547616481781
166107,0.869893848896
166108,0.0566560067236
166110,0.940077245235
166113,0.868869841099
166118,0.86779499054
166119,0.845814168453
166121,0.737417042255
166122,0.518019556999
166123,0.959339857101
166124,0.81836104393
166127,0.931994259357
166128,0.702811896801
166131,0.960959196091
166136,0.952243804932
166140,0.864602506161
166141,0.986614406109
166142,0.862153768539
166143,0.89953237772
166144,0.827361941338
166145,0.872136175632
166147,0.732845067978
166149,0.259185642004
166150,0.920932650566
166152,0.949903786182
166156,0.890731930733
166157,0.459493845701
166158,0.950233697891
166160,0.801099002361
166163,0.686858475208
166165,0.778664946556
166167,0.805882632732
166169,0.916248202324
166171,0.736671507359
166172,0.949307382107
166173,0.313772201538
166176,0.932782053947
166179,0.892094194889
166180,0.962329387665
166184,0.958693921566
166187,0.449552685022
166194,0.645784020424
166201,0.923460364342
166202,0.924565315247
166203,0.905863940716
166205,0.716806173325
166206,0.684382081032
166213,0.856238126755
166214,0.62196969986
166215,0.595846116543
166217,0.872408747673
166223,0.572164177895
166224,0.867601335049
166226,0.807995676994
166227,0.89374345541
166229,0.911228954792
166230,0.45651730895
166231,0.300934106112
166233,0.816085636616
166234,0.677114367485
166238,0.834812223911
166239,0.928481340408
166244,0.886292636395
166245,0.986325442791
166246,0.292082846165
166247,0.85176640749
166248,0.96559125185
166249,0.652993440628
166255,0.289555966854
166257,0.916165888309
166261,0.808469772339
166264,0.96799826622
166265,0.729994535446
166267,0.989415884018
166268,0.876774072647
166269,0.945559561253
166270,0.847512304783
166271,0.487105369568
166272,0.652599990368
166275,0.491232931614
166276,0.749937713146
166280,0.734590768814
166285,0.869945347309
166287,0.854275286198
166291,0.823686897755
166292,0.42317995429
166293,0.715994775295
166294,0.9597915411
166295,0.789501011372
166296,0.285047233105
166297,0.960063099861
166298,0.706255555153
166301,0.662196993828
166302,0.923619389534
166308,0.722868800163
166309,0.750616729259
166310,0.832782268524
166311,0.972183942795
166312,0.679607510567
166316,0.549290955067
166318,0.733507812023
166319,0.840897262096
166323,0.869043648243
166325,0.866277098656
166327,0.800114691257
166328,0.307195365429
166332,0.497201919556
166333,0.839667916298
166335,0.779735028744
166337,0.955105304718
166338,0.867617309093
166339,0.49900379777
166340,0.833901762962
166344,0.875638782978
166345,0.651389062405
166346,0.921575009823
166347,0.706119835377
166350,0.0937058180571
166352,0.845371365547
166355,0.962811946869
166356,0.972282111645
166357,0.85487049818
166358,0.683205962181
166359,0.972347140312
166364,0.909357964993
166365,0.564300119877
166366,0.674904465675
166367,0.768784999847
166370,0.983696877956
166371,0.547286391258
166372,0.512877881527
166373,0.673891961575
166374,0.980528414249
166375,0.988549649715
166376,0.923420250416
166379,0.954532563686
166380,0.488015979528
166382,0.866353332996
166384,0.808410823345
166392,0.462560921907
166393,0.961071491241
166394,0.494300156832
166395,0.653298258781
166400,0.949963510036
166404,0.973838090897
166405,0.701013505459
166407,0.933452606201
166408,0.780556261539
166413,0.389503270388
166414,0.599909067154
166416,0.819233775139
166418,0.841336488724
166422,0.582916557789
166423,0.973210334778
166425,0.812985360622
166428,0.893447577953
166431,0.873485863209
166434,0.629226386547
166437,0.968586266041
166438,0.811971545219
166440,0.720197856426
166441,0.573219895363
166443,0.935292780399
166444,0.660353600979
166445,0.887146055698
166446,0.723355293274
166447,0.958206236362
166449,0.434949427843
166453,0.462617695332
166455,0.989674985409
166456,0.56979393959
166461,0.515365362167
166462,0.454100131989
166463,0.185513705015
166464,0.602318108082
166465,0.886937975883
166467,0.837679743767
166468,0.823778867722
166469,0.891518712044
166470,0.355612128973
166472,0.753223061562
166474,0.977575302124
166475,0.488241493702
166477,0.842661142349
166478,0.536286890507
166479,0.977029919624
166485,0.95254945755
166486,0.759330928326
166490,0.749019086361
166491,0.96823567152
166499,0.8452911973
166501,0.71585381031
166504,0.725840091705
166505,0.887915492058
166506,0.885571479797
166507,0.853041768074
166508,0.971086144447
166511,0.0310670398176
166512,0.298321455717
166514,0.948147058487
166516,0.94939249754
166517,0.753095567226
166519,0.900524973869
166520,0.989061117172
166522,0.985872089863
166524,0.794845283031
166529,0.934661030769
166530,0.985242962837
166531,0.823188662529
166532,0.450401157141
166533,0.969483017921
166534,0.722005426884
166535,0.725611329079
166536,0.411642223597
166537,0.480503559113
166538,0.827131927013
166539,0.757475316525
166542,0.708616197109
166543,0.870315313339
166546,0.753640472889
166548,0.789148032665
166549,0.450812458992
166551,0.824276149273
166552,0.703977644444
166554,0.874597072601
166556,0.771484851837
166557,0.904849112034
166561,0.819704294205
166563,0.846547722816
166565,0.97887635231
166566,0.89309078455
166568,0.776088237762
166571,0.961941957474
166572,0.840192615986
166573,0.894540309906
166575,0.59968483448
166576,0.743418037891
166577,0.54876947403
166578,0.826851785183
166579,0.715563952923
166581,0.994081676006
166584,0.946497321129
166586,0.880208790302
166588,0.951358556747
166589,0.89975631237
166590,0.91130310297
166591,0.973900139332
166593,0.750622630119
166594,0.767032086849
166595,0.812402784824
166597,0.848577022552
166599,0.869328796864
166602,0.89362937212
166603,0.794685721397
166604,0.654274404049
166605,0.317188173532
166609,0.784803032875
166610,0.952545285225
166611,0.900960981846
166614,0.968335270882
166616,0.83351957798
166617,0.912122786045
166618,0.772520780563
166619,0.783501327038
166621,0.899783015251
166623,0.916735053062
166625,0.979973435402
166626,0.980847716331
166627,0.950443565845
166628,0.524243712425
166632,0.744500756264
166635,0.859724223614
166639,0.52404075861
166640,0.926368653774
166641,0.926724672318
166642,0.950391232967
166645,0.99356430769
166648,0.743401765823
166649,0.910125613213
166650,0.799765527248
166651,0.785353660583
166652,0.322193086147
166658,0.811990320683
166670,0.930509567261
166672,0.839029371738
166674,0.907618403435
166675,0.891753852367
166679,0.787780404091
166680,0.820256650448
166681,0.977064609528
166682,0.757468402386
166686,0.60499382019
166687,0.752557396889
166689,0.952902793884
166690,0.505767822266
166691,0.972435712814
166694,0.510549664497
166695,0.821849524975
166696,0.988194227219
166700,0.976915717125
166701,0.851643800735
166703,0.791095912457
166704,0.580660462379
166706,0.732583999634
166707,0.581457436085
166708,0.714043498039
166712,0.540677845478
166713,0.945961177349
166714,0.962886333466
166716,0.818163871765
166717,0.914136886597
166719,0.731338441372
166722,0.624386131763
166725,0.575405180454
166727,0.960598170757
166728,0.574693441391
166729,0.911087214947
166731,0.97103780508
166732,0.635197162628
166733,0.837870240211
166734,0.809602797031
166735,0.65830218792
166737,0.732714474201
166738,0.925575256348
166740,0.986204624176
166743,0.560149788857
166744,0.762199342251
166747,0.594986855984
166749,0.980500817299
166756,0.922523260117
166758,0.959747314453
166759,0.772949635983
166760,0.834018051624
166761,0.690445303917
166762,0.414364218712
166763,0.917262852192
166765,0.308953672647
166769,0.760048031807
166772,0.960041582584
166773,0.83663725853
166778,0.941654622555
166784,0.495456874371
166785,0.902225553989
166786,0.695417284966
166787,0.843762814999
166789,0.504441678524
166793,0.859392702579
166794,0.983597934246
166796,0.792602956295
166798,0.63534373045
166800,0.618939042091
166801,0.824218094349
166802,0.981398642063
166803,0.928356707096
166804,0.706487476826
166805,0.981794714928
166806,0.926774561405
166810,0.761646866798
166811,0.924421548843
166812,0.940986037254
166813,0.839490354061
166816,0.940545499325
166820,0.840267419815
166821,0.942208647728
166824,0.823380172253
166825,0.814607203007
166826,0.910022079945
166828,0.506932079792
166829,0.87603443861
166830,0.608310341835
166833,0.950984299183
166834,0.514755606651
166837,0.95731896162
166840,0.842275202274
166843,0.971035957336
166846,0.74155408144
166847,0.518856406212
166848,0.813884794712
166849,0.548352301121
166851,0.842483401299
166856,0.956206560135
166858,0.809713482857
166859,0.902374446392
166861,0.98047721386
166863,0.852659404278
166864,0.188831821084
166866,0.669110357761
166878,0.619336843491
166879,0.790662765503
166881,0.96360039711
166884,0.957397222519
166885,0.636996865273
166886,0.799504578114
166888,0.147384494543
166890,0.926940023899
166891,0.970598816872
166892,0.91791665554
166893,0.987609028816
166896,0.96981972456
166900,0.500284075737
166901,0.953517794609
166903,0.982428014278
166904,0.987182378769
166905,0.648693084717
166906,0.498389810324
166908,0.602446556091
166909,0.798151314259
166910,0.964001059532
166911,0.465566456318
166920,0.986684501171
166922,0.906101107597
166925,0.684499561787
166927,0.855215668678
166929,0.809911191463
166931,0.914183557034
166933,0.936770141125
166935,0.964368522167
166942,0.931366860867
166944,0.817594110966
166945,0.987686574459
166948,0.696047544479
166949,0.970419287682
166951,0.77355080843
166953,0.856539964676
166954,0.75973457098
166957,0.858467042446
166962,0.715446770191
166963,0.974507331848
166965,0.901099443436
166967,0.926759004593
166968,0.840038955212
166972,0.575455069542
166974,0.930047929287
166975,0.833825349808
166978,0.974883675575
166980,0.883668243885
166982,0.641298055649
166985,0.775641918182
166986,0.967656433582
166987,0.64554220438
166988,0.10939014703
166990,0.882873535156
166991,0.911131858826
166995,0.904989004135
166996,0.699075222015
166999,0.35683298111
167001,0.627325236797
167002,0.813507199287
167005,0.899893164635
167006,0.881821751595
167009,0.816040098667
167011,0.332699775696
167012,0.618430793285
167016,0.807399809361
167017,0.737318634987
167020,0.0901835113764
167023,0.984762310982
167025,0.491475492716
167026,0.947298109531
167028,0.818833470345
167030,0.542286932468
167031,0.206376448274
167032,0.977783977985
167033,0.760104358196
167037,0.740769386292
167041,0.954915523529
167042,0.709593772888
167043,0.75760024786
167044,0.867730736732
167046,0.876365363598
167047,0.78146469593
167052,0.744789361954
167053,0.802425026894
167054,0.591368257999
167055,0.91001868248
167056,0.497168391943
167057,0.603618562222
167059,0.990322172642
167062,0.579169213772
167063,0.206327676773
167064,0.978269279003
167065,0.838993370533
167066,0.890260159969
167067,0.837941586971
167068,0.90801769495
167071,0.714156985283
167075,0.602292597294
167079,0.983558595181
167080,0.97045904398
167083,0.668490707874
167085,0.573888838291
167087,0.767284810543
167088,0.834141373634
167092,0.377383887768
167093,0.730632126331
167098,0.897577702999
167100,0.792230606079
167103,0.101221226156
167106,0.981415748596
167108,0.854889035225
167109,0.931241571903
167111,0.649367809296
167114,0.986185014248
167115,0.453971832991
167116,0.649665772915
167121,0.788159430027
167122,0.989636600018
167123,0.790553331375
167127,0.726998090744
167129,0.589537918568
167131,0.825435400009
167132,0.744122326374
167134,0.644335985184
167136,0.763702571392
167139,0.882465898991
167140,0.7950963974
167141,0.76291513443
167142,0.813180506229
167144,0.733022928238
167146,0.459271073341
167148,0.818889260292
167151,0.435864776373
167152,0.904035151005
167160,0.658931493759
167162,0.208713337779
167164,0.807349205017
167166,0.81975620985
167168,0.199199661613
167170,0.948540210724
167174,0.826647520065
167175,0.533113479614
167178,0.933004081249
167181,0.945833027363
167182,0.963173031807
167187,0.950075924397
167188,0.779977560043
167190,0.649789869785
167191,0.988069832325
167194,0.937563240528
167196,0.956066608429
167198,0.665476560593
167199,0.53883010149
167202,0.632525205612
167205,0.914454936981
167207,0.758866965771
167212,0.659957110882
167213,0.146988719702
167217,0.898290634155
167219,0.96030652523
167221,0.86249512434
167222,0.90841782093
167223,0.634631574154
167224,0.7216771245
167226,0.800167500973
167227,0.424535691738
167234,0.445229768753
167235,0.815342664719
167236,0.801044762135
167237,0.755134344101
167238,0.840911448002
167239,0.89969098568
167240,0.739317417145
167242,0.955645143986
167249,0.89638286829
167250,0.743511021137
167253,0.845359563828
167255,0.683187782764
167260,0.864105939865
167265,0.683844268322
167267,0.953638136387
167269,0.412810564041
167271,0.9825502038
167273,0.994073927402
167274,0.702303230762
167275,0.737255573273
167277,0.97685110569
167278,0.446945160627
167279,0.66562473774
167281,0.847650229931
167283,0.643651068211
167285,0.790099143982
167287,0.805549800396
167288,0.9548137784
167294,0.593715250492
167295,0.795973360538
167296,0.405444979668
167298,0.643682420254
167300,0.988968729973
167303,0.744096875191
167304,0.689055204391
167306,0.646831810474
167309,0.773513436317
167310,0.915757894516
167312,0.575976192951
167313,0.735112130642
167315,0.087613992393
167316,0.48778411746
167317,0.944501519203
167318,0.891844928265
167320,0.470706909895
167323,0.793569684029
167325,0.918267846107
167326,0.7491761446
167328,0.781100392342
167329,0.641184985638
167332,0.704028666019
167334,0.910248875618
167335,0.796755611897
167336,0.653464019299
167337,0.830021739006
167342,0.722791433334
167343,0.8950933218
167345,0.745649158955
167346,0.885816514492
167347,0.436037868261
167348,0.880623102188
167349,0.970908105373
167351,0.938512504101
167352,0.848547458649
167353,0.818317592144
167354,0.597926676273
167355,0.922832369804
167356,0.827382624149
167357,0.947707235813
167359,0.503230929375
167360,0.968898057938
167363,0.919175803661
167364,0.560095787048
167368,0.964693844318
167369,0.682056903839
167370,0.863957941532
167374,0.497512191534
167375,0.788899481297
167377,0.597497940063
167378,0.824591755867
167379,0.845631241798
167382,0.882538318634
167383,0.806125819683
167384,0.831721901894
167385,0.966782987118
167386,0.98729377985
167387,0.97011333704
167389,0.964262008667
167391,0.920041680336
167392,0.915107965469
167394,0.720200002193
167397,0.74671459198
167399,0.674423992634
167400,0.759548306465
167401,0.843597352505
167404,0.831799268723
167406,0.590634763241
167408,0.873442828655
167409,0.192300736904
167413,0.531780421734
167414,0.924479007721
167415,0.722803473473
167416,0.896038651466
167418,0.897028625011
167419,0.87700098753
167421,0.921287178993
167422,0.505787134171
167423,0.967347145081
167429,0.621256947517
167431,0.988569796085
167432,0.668012917042
167433,0.983136117458
167437,0.660285294056
167438,0.81444478035
167441,0.945272386074
167442,0.454104751348
167443,0.708211243153
167444,0.925025343895
167445,0.636937856674
167446,0.716740071774
167447,0.954707026482
167448,0.922344684601
167449,0.77815836668
167450,0.278703004122
167458,0.818475067616
167460,0.938624501228
167461,0.923665106297
167462,0.474255263805
167463,0.809618771076
167466,0.910634160042
167468,0.771241426468
167469,0.812697649002
167470,0.898282170296
167472,0.222179800272
167476,0.704751491547
167478,0.815501511097
167479,0.632323920727
167481,0.790476202965
167484,0.93531113863
167485,0.957491517067
167486,0.909206092358
167487,0.859932124615
167488,0.741566002369
167490,0.932306349277
167496,0.611496925354
167500,0.84308975935
167501,0.968132972717
167503,0.959772586823
167504,0.934551179409
167506,0.777652323246
167507,0.698465466499
167509,0.958293497562
167511,0.678043663502
167512,0.868226051331
167518,0.105024680495
167519,0.908934593201
167520,0.830157518387
167522,0.92273235321
167523,0.97674459219
167524,0.103322558105
167525,0.86738795042
167530,0.508943557739
167531,0.882203638554
167532,0.978981435299
167534,0.87048470974
167535,0.911944389343
167537,0.484170377254
167538,0.729072093964
167540,0.982270777225
167541,0.823157846928
167544,0.787904620171
167547,0.709069490433
167550,0.720598220825
167552,0.986560761929
167553,0.969971001148
167554,0.763540804386
167555,0.264014482498
167557,0.652948260307
167559,0.958667814732
167561,0.979102790356
167562,0.857204258442
167563,0.663948893547
167564,0.973171710968
167565,0.439156889915
167566,0.830371439457
167568,0.90687930584
167570,0.910742342472
167573,0.84318625927
167574,0.562300741673
167577,0.691540837288
167578,0.712634444237
167580,0.773760795593
167582,0.8102440238
167583,0.50812202692
167586,0.589829742908
167588,0.761647701263
167590,0.980249762535
167595,0.612320482731
167596,0.445622116327
167600,0.790830433369
167602,0.926185369492
167604,0.89584761858
167605,0.479445040226
167606,0.983036935329
167607,0.907254457474
167608,0.841175317764
167609,0.85361456871
167610,0.619510769844
167611,0.504077315331
167612,0.969408392906
167615,0.929206550121
167616,0.920494616032
167619,0.934033691883
167621,0.865578055382
167625,0.960369884968
167626,0.956854641438
167630,0.622921228409
167631,0.814079105854
167635,0.870596587658
167636,0.973254621029
167638,0.949545741081
167639,0.886925816536
167645,0.854208111763
167646,0.653943479061
167652,0.772779881954
167654,0.576086223125
167656,0.915922760963
167661,0.630187392235
167663,0.74208676815
167672,0.911562979221
167673,0.95052665472
167674,0.812781751156
167675,0.805601298809
167676,0.895105957985
167677,0.755821108818
167678,0.91554749012
167680,0.798592209816
167681,0.703913509846
167683,0.915200829506
167684,0.932518601418
167685,0.659512937069
167688,0.917073607445
167689,0.869804918766
167690,0.82746386528
167692,0.879130065441
167694,0.984069526196
167696,0.951232135296
167697,0.986446619034
167700,0.684360384941
167703,0.753694176674
167709,0.721114754677
167710,0.715830028057
167711,0.432426184416
167712,0.758254826069
167715,0.975021243095
167717,0.988060176373
167718,0.57266831398
167720,0.769080221653
167723,0.962002515793
167726,0.646352946758
167731,0.72475785017
167738,0.807032644749
167739,0.953376591206
167740,0.828885436058
167742,0.878913342953
167744,0.686276853085
167745,0.679083824158
167748,0.978120625019
167750,0.0809121876955
167751,0.703814327717
167753,0.962260603905
167759,0.936536073685
167761,0.825908541679
167763,0.683330357075
167765,0.707149624825
167766,0.83304554224
167767,0.734231233597
167769,0.848554193974
167770,0.412299990654
167771,0.872479438782
167773,0.694862604141
167778,0.872951567173
167779,0.988333284855
167782,0.665092945099
167785,0.775740504265
167787,0.725703597069
167789,0.995418548584
167790,0.778749704361
167791,0.643450260162
167798,0.718713700771
167801,0.533849895
167803,0.837252616882
167804,0.851095914841
167809,0.645668327808
167810,0.886794686317
167811,0.805913746357
167812,0.440346419811
167814,0.825117886066
167816,0.745084047318
167817,0.685250401497
167818,0.732638180256
167822,0.820302665234
167827,0.606279492378
167830,0.869116723537
167831,0.98202419281
167832,0.929252624512
167833,0.955777943134
167836,0.654129803181
167837,0.0885805264115
167839,0.957985758781
167841,0.938685178757
167844,0.579710662365
167846,0.973080635071
167850,0.676913976669
167853,0.81716799736
167855,0.918723881245
167857,0.847906172276
167858,0.97314363718
167859,0.836340665817
167862,0.940893113613
167863,0.365951448679
167866,0.105842553079
167868,0.47860917449
167871,0.973211348057
167873,0.613894760609
167874,0.756853878498
167875,0.779458701611
167879,0.594219446182
167882,0.614490866661
167887,0.855765879154
167888,0.882545113564
167889,0.86528980732
167890,0.907720863819
167891,0.665104389191
167892,0.308456540108
167893,0.683250069618
167894,0.983047306538
167895,0.9642765522
167896,0.848534107208
167899,0.681987285614
167900,0.90031349659
167902,0.880391061306
167903,0.790814697742
167904,0.716726541519
167906,0.933026194572
167907,0.830398619175
167908,0.819781839848
167911,0.919453442097
167912,0.70173150301
167913,0.961943030357
167916,0.388705998659
167919,0.699348509312
167920,0.987574875355
167921,0.808161318302
167923,0.980003356934
167927,0.838064312935
167928,0.754880607128
167929,0.812675952911
167933,0.980074763298
167935,0.848566353321
167946,0.898111820221
167949,0.745558619499
167950,0.410154819489
167952,0.955343544483
167954,0.691136240959
167956,0.816409111023
167964,0.785176277161
167966,0.952974975109
167968,0.773710727692
167969,0.785164475441
167970,0.685124456882
167976,0.511849761009
167979,0.773433625698
167980,0.676210641861
167981,0.986585140228
167982,0.56882750988
167985,0.924907624722
167987,0.804897367954
167994,0.56483656168
167995,0.720069408417
167997,0.833824336529
168002,0.986189782619
168005,0.971489965916
168006,0.813593745232
168008,0.788505256176
168009,0.913755178452
168010,0.698834717274
168013,0.682369232178
168015,0.956592381001
168016,0.928319096565
168017,0.918101489544
168018,0.719895720482
168022,0.685965955257
168024,0.800545215607
168026,0.980219781399
168027,0.873858213425
168028,0.986190319061
168029,0.949670135975
168030,0.944724023342
168031,0.689490675926
168034,0.602058649063
168038,0.826756477356
168040,0.844071269035
168043,0.941953659058
168047,0.686691820621
168048,0.9723559618
168049,0.844558894634
168051,0.620123505592
168052,0.780447006226
168053,0.614258229733
168054,0.736556708813
168056,0.76179265976
168058,0.909495711327
168061,0.877952158451
168062,0.975630402565
168063,0.778295397758
168065,0.378104120493
168067,0.945731282234
168069,0.624196708202
168070,0.875830292702
168071,0.881651699543
168072,0.629980444908
168073,0.890084326267
168074,0.87465775013
168076,0.852425694466
168077,0.968473792076
168081,0.664254784584
168082,0.973835587502
168084,0.908026635647
168086,0.835243046284
168087,0.705766260624
168088,0.808691263199
168091,0.641827523708
168092,0.795206725597
168094,0.877742409706
168095,0.47564509511
168096,0.959199130535
168097,0.882639706135
168098,0.984801113605
168099,0.840568780899
168102,0.841177225113
168107,0.922665596008
168108,0.581855297089
168115,0.640864014626
168116,0.459462344646
168118,0.263161212206
168119,0.54570132494
168121,0.838296771049
168123,0.819186627865
168125,0.726355075836
168127,0.968077242374
168130,0.635187268257
168131,0.779285669327
168132,0.806814670563
168134,0.53593480587
168135,0.615427494049
168136,0.837290227413
168137,0.389799773693
168138,0.543829679489
168139,0.561908841133
168141,0.921798110008
168142,0.972602367401
168145,0.96881043911
168146,0.615335226059
168148,0.965326726437
168150,0.977539896965
168151,0.909519135952
168155,0.969577848911
168156,0.938298285007
168157,0.496148556471
168159,0.97844940424
168163,0.718906760216
168165,0.97744011879
168169,0.88570702076
168170,0.752043247223
168172,0.912968873978
168173,0.757804393768
168175,0.982482671738
168181,0.225725188851
168183,0.876225888729
168188,0.949688196182
168192,0.401037544012
168193,0.962405800819
168194,0.934929251671
168201,0.903407275677
168204,0.397209316492
168205,0.664831161499
168206,0.967290699482
168209,0.812287986279
168210,0.814801096916
168213,0.810216963291
168215,0.768321037292
168217,0.643686056137
168218,0.940340697765
168220,0.710601747036
168222,0.0484867729247
168226,0.541033267975
168229,0.935612380505
168231,0.369802236557
168232,0.70395809412
168233,0.950224339962
168234,0.698382437229
168235,0.918439149857
168237,0.710260689259
168238,0.953210294247
168239,0.950485229492
168240,0.209078103304
168241,0.780031681061
168244,0.865466296673
168246,0.703543365002
168249,0.938427686691
168251,0.931651115417
168252,0.761597156525
168255,0.6123919487
168256,0.831776618958
168259,0.970695078373
168260,0.922090113163
168261,0.989705681801
168262,0.93911498785
168265,0.673471868038
168266,0.734029114246
168268,0.756383478642
168270,0.147904440761
168271,0.766177117825
168273,0.98526519537
168274,0.662598490715
168275,0.980404675007
168277,0.98056936264
168278,0.960433781147
168279,0.760273396969
168285,0.973085463047
168289,0.964939832687
168291,0.708385109901
168292,0.877990186214
168293,0.934058785439
168294,0.914277136326
168295,0.842619717121
168298,0.820906758308
168299,0.844074070454
168300,0.868634819984
168301,0.746579110622
168304,0.702427446842
168305,0.804471313953
168309,0.672797739506
168310,0.792170345783
168311,0.625608801842
168312,0.682792007923
168314,0.904505252838
168315,0.753541350365
168316,0.713881194592
168318,0.533478736877
168319,0.879043340683
168320,0.65296369791
168321,0.734838306904
168324,0.903024196625
168325,0.906128883362
168328,0.956729710102
168332,0.670648276806
168333,0.503317475319
168336,0.926851332188
168337,0.914456725121
168338,0.780084133148
168339,0.195779427886
168343,0.554592370987
168347,0.895828962326
168350,0.941692471504
168351,0.390689909458
168352,0.833308458328
168353,0.938040494919
168356,0.635795891285
168357,0.752961039543
168359,0.730593562126
168363,0.882317960262
168364,0.967165648937
168366,0.663957238197
168368,0.601279675961
168370,0.823725283146
168373,0.849966228008
168374,0.875600934029
168377,0.870520591736
168378,0.957655787468
168382,0.789178907871
168383,0.527670383453
168384,0.918637096882
168385,0.794284582138
168386,0.497519344091
168387,0.576939404011
168389,0.957436621189
168391,0.924373984337
168392,0.904206633568
168395,0.780396401882
168397,0.974142968655
168398,0.94606256485
168400,0.971034288406
168403,0.827603161335
168404,0.706635296345
168407,0.739200472832
168408,0.675078511238
168409,0.784280538559
168412,0.793253660202
168413,0.982484638691
168414,0.900833189487
168415,0.868827521801
168416,0.954164981842
168417,0.871614575386
168418,0.753728926182
168419,0.372640311718
168420,0.920226693153
168421,0.851708114147
168424,0.849900126457
168426,0.852539181709
168427,0.9527977705
168429,0.509392499924
168430,0.897313416004
168431,0.9312261343
168433,0.925287842751
168434,0.956818878651
168435,0.946236073971
168436,0.659554302692
168437,0.847716271877
168438,0.928135037422
168439,0.788314342499
168442,0.0317899435759
168450,0.826882064342
168451,0.715803861618
168454,0.78861540556
168457,0.518365263939
168458,0.855098843575
168461,0.940397918224
168462,0.9146656394
168464,0.947171390057
168466,0.904701828957
168469,0.982759058475
168472,0.927969753742
168474,0.805516600609
168475,0.525510132313
168478,0.78823530674
168479,0.459020406008
168481,0.455093175173
168482,0.583179235458
168483,0.802628695965
168484,0.743277490139
168485,0.969130575657
168486,0.503895282745
168487,0.442831933498
168490,0.683193445206
168494,0.775455117226
168498,0.941542088985
168499,0.636333763599
168500,0.719297468662
168504,0.948311507702
168505,0.942329108715
168509,0.627339243889
168510,0.901259899139
168511,0.91045409441
168512,0.544556438923
168514,0.910049140453
168515,0.645845890045
168516,0.487923890352
168521,0.572300970554
168522,0.690569877625
168524,0.940461158752
168525,0.556562185287
168526,0.896526277065
168528,0.652476847172
168529,0.729466497898
168530,0.817394256592
168531,0.0995218008757
168533,0.90131342411
168534,0.911892414093
168535,0.904577553272
168539,0.963709115982
168543,0.855818092823
168544,0.862926244736
168545,0.940199255943
168546,0.556639254093
168547,0.973132431507
168549,0.76442950964
168551,0.895989835262
168552,0.697376489639
168554,0.960519075394
168555,0.94702154398
168557,0.907687187195
168558,0.869223892689
168559,0.390337526798
168560,0.771134078503
168561,0.95167773962
168563,0.790427386761
168564,0.734856963158
168566,0.970022380352
168567,0.91556841135
168568,0.975287735462
168571,0.618432462215
168572,0.849869132042
168575,0.891606926918
168578,0.97489207983
168582,0.773182451725
168583,0.93870061636
168587,0.967988729477
168589,0.973442077637
168592,0.598590254784
168593,0.795367538929
168598,0.724989950657
168600,0.920730292797
168601,0.660975694656
168602,0.661712706089
168603,0.91573959589
168604,0.917000412941
168605,0.543578505516
168606,0.987613558769
168607,0.81495475769
168608,0.965536475182
168609,0.876731872559
168610,0.445902645588
168612,0.947538137436
168616,0.91031306982
168618,0.958258271217
168624,0.941724836826
168625,0.904544889927
168627,0.92447578907
168630,0.892754971981
168631,0.974096238613
168632,0.81143862009
168633,0.848397910595
168634,0.901289105415
168636,0.710687994957
168638,0.677009701729
168640,0.974336445332
168643,0.864965200424
168645,0.253961652517
168648,0.734983980656
168649,0.931069552898
168651,0.638842403889
168654,0.980442047119
168656,0.870563149452
168657,0.488976329565
168658,0.956487834454
168659,0.837959885597
168660,0.344729840755
168661,0.601768016815
168664,0.94089448452
168666,0.621901333332
168667,0.927972018719
168669,0.922483861446
168674,0.784224331379
168676,0.769177317619
168677,0.616712450981
168678,0.968226611614
168679,0.909294486046
168680,0.938742339611
168681,0.684020161629
168684,0.81242531538
168685,0.973253905773
168686,0.242083027959
168690,0.944293618202
168691,0.978785991669
168692,0.959063827991
168693,0.948257267475
168695,0.84822934866
168696,0.377067565918
168697,0.921239197254
168698,0.824965059757
168699,0.154691159725
168701,0.628762483597
168702,0.833566665649
168703,0.459342598915
168705,0.948797166348
168706,0.976275682449
168707,0.942102074623
168708,0.428893148899
168709,0.757661998272
168710,0.72378641367
168712,0.926569283009
168717,0.470293104649
168719,0.48593890667
168721,0.817098677158
168722,0.801135241985
168723,0.546047329903
168724,0.945002555847
168725,0.898274362087
168726,0.4455511868
168727,0.85858720541
168729,0.955374777317
168730,0.580537080765
168731,0.578975319862
168734,0.490961253643
168739,0.517875492573
168740,0.497497558594
168741,0.626563131809
168745,0.304835319519
168746,0.877110242844
168748,0.812524497509
168749,0.768203675747
168750,0.578508317471
168751,0.571160435677
168754,0.267517030239
168756,0.815329432487
168758,0.932812273502
168760,0.862608790398
168761,0.753543555737
168763,0.740513622761
168766,0.888569772243
168767,0.83032989502
168768,0.880418658257
168769,0.916485965252
168770,0.57533633709
168771,0.417703121901
168772,0.96931296587
168775,0.622402667999
168777,0.878727793694
168778,0.883763790131
168780,0.883704006672
168781,0.911352694035
168782,0.920243024826
168784,0.532244324684
168785,0.968446612358
168786,0.731282413006
168788,0.92900031805
168789,0.983105361462
168790,0.940425932407
168791,0.965950191021
168794,0.956180870533
168798,0.72795265913
168800,0.729151368141
168801,0.814444720745
168802,0.950260937214
168805,0.735564768314
168806,0.911789536476
168811,0.805631697178
168814,0.814677357674
168815,0.610876739025
168818,0.651766955853
168821,0.906268537045
168822,0.90393859148
168825,0.808668911457
168827,0.850221276283
168832,0.0584109127522
168836,0.599623322487
168838,0.902549445629
168841,0.7171022892
168842,0.905752241611
168843,0.785701394081
168844,0.843492746353
168845,0.868508934975
168847,0.888186216354
168848,0.95961356163
168851,0.839853942394
168853,0.844338953495
168855,0.836767792702
168856,0.804771184921
168857,0.851367652416
168859,0.911044001579
168861,0.564487397671
168863,0.493885338306
168865,0.721837222576
168866,0.132404655218
168868,0.84291011095
168869,0.915895879269
168870,0.950149655342
168871,0.963980019093
168873,0.975048542023
168874,0.939950108528
168876,0.894950568676
168878,0.554133355618
168879,0.925767064095
168881,0.845447659492
168884,0.628252029419
168885,0.817309975624
168886,0.97876739502
168887,0.686845123768
168888,0.643305659294
168890,0.818452358246
168891,0.324514448643
168894,0.968375265598
168896,0.785499155521
168898,0.791882812977
168900,0.954962491989
168902,0.86312943697
168903,0.705065131187
168908,0.961638450623
168909,0.779065549374
168910,0.613291800022
168911,0.985951125622
168916,0.982889711857
168917,0.363318800926
168918,0.673451006413
168919,0.617119014263
168922,0.934936761856
168924,0.872802317142
168925,0.763612747192
168926,0.986366152763
168927,0.813316404819
168929,0.863447904587
168932,0.773050487041
168934,0.859469354153
168936,0.869442462921
168937,0.90975934267
168938,0.545492887497
168939,0.959461212158
168940,0.647656321526
168942,0.818110227585
168948,0.927571833134
168949,0.968377649784
168951,0.77322691679
168953,0.93118005991
168954,0.959796726704
168955,0.804989039898
168956,0.839015960693
168958,0.394763678312
168959,0.958082914352
168964,0.919719994068
168970,0.734734654427
168971,0.963074028492
168972,0.543857753277
168973,0.955985784531
168976,0.784397244453
168977,0.944785416126
168981,0.987276256084
168982,0.625500380993
168984,0.979642450809
168985,0.99134761095
168986,0.832864940166
168987,0.734593212605
168991,0.373493134975
168992,0.760703802109
168994,0.613193631172
168996,0.723272144794
168999,0.976500511169
169000,0.895982444286
169001,0.886659920216
169002,0.93068921566
169003,0.879740655422
169005,0.943540990353
169007,0.514089286327
169009,0.800475537777
169010,0.705226063728
169011,0.982746601105
169012,0.902110874653
169020,0.966958224773
169022,0.616436362267
169024,0.971227228642
169025,0.914102673531
169026,0.82482945919
169030,0.955479443073
169031,0.345327585936
169032,0.922767579556
169036,0.770399570465
169037,0.984753251076
169040,0.58899641037
169041,0.201586395502
169042,0.847750902176
169046,0.95706230402
169047,0.906889498234
169048,0.799661695957
169051,0.760444879532
169053,0.93821811676
169055,0.969066381454
169057,0.969773411751
169058,0.904992520809
169060,0.500819921494
169062,0.683835804462
169065,0.69733273983
169066,0.972999691963
169068,0.929013490677
169071,0.92226845026
169073,0.888351380825
169074,0.738393187523
169076,0.209466025233
169082,0.621048271656
169087,0.954704999924
169089,0.836771965027
169090,0.842021584511
169093,0.694343864918
169094,0.724508285522
169096,0.987515091896
169097,0.466206490993
169098,0.664483964443
169099,0.478801727295
169100,0.954271018505
169101,0.968717336655
169102,0.640605151653
169104,0.964892327785
169107,0.467961937189
169109,0.854551196098
169110,0.915764629841
169113,0.641706287861
169114,0.57077473402
169116,0.893542170525
169117,0.721598684788
169119,0.960512042046
169126,0.75815230608
169132,0.865204572678
169133,0.782635390759
169134,0.682678878307
169138,0.696115911007
169139,0.876778483391
169140,0.858341574669
169142,0.779970228672
169144,0.694433629513
169145,0.989510715008
169149,0.974127113819
169150,0.771831154823
169151,0.900550484657
169152,0.46489778161
169154,0.717149138451
169155,0.359559208155
169161,0.618115723133
169162,0.622952103615
169165,0.481095969677
169166,0.86759108305
169167,0.97779327631
169172,0.844925940037
169173,0.739593982697
169174,0.974931061268
169177,0.722315371037
169178,0.965891778469
169179,0.896277785301
169182,0.94530081749
169183,0.723789691925
169186,0.930700063705
169188,0.632062733173
169190,0.583525359631
169191,0.891365408897
169192,0.761825799942
169195,0.961728334427
169196,0.974164664745
169199,0.812096238136
169200,0.813101172447
169201,0.794020235538
169204,0.506552994251
169206,0.822982013226
169213,0.41133967042
169216,0.864481449127
169222,0.959609746933
169224,0.63417583704
169225,0.917491853237
169231,0.980954766273
169232,0.927181601524
169234,0.983367323875
169235,0.969350814819
169236,0.969646394253
169237,0.918313860893
169239,0.399321913719
169240,0.83155220747
169243,0.950664043427
169244,0.337282389402
169245,0.870566189289
169247,0.802450716496
169250,0.830623030663
169251,0.973852097988
169252,0.585066437721
169253,0.705454587936
169254,0.726556777954
169255,0.508506834507
169257,0.709714710712
169258,0.860151946545
169259,0.919592380524
169260,0.685452997684
169261,0.590549886227
169264,0.817279696465
169266,0.442328512669
169267,0.84247469902
169269,0.391714811325
169271,0.631211876869
169273,0.693700611591
169274,0.984563708305
169275,0.808102965355
169277,0.960876107216
169279,0.985936284065
169281,0.872376978397
169283,0.945562183857
169284,0.854541122913
169290,0.908715188503
169293,0.955184698105
169294,0.856988430023
169295,0.945284843445
169296,0.977845132351
169298,0.745824694633
169301,0.940469622612
169302,0.966620802879
169303,0.981821000576
169305,0.740510225296
169307,0.767990648746
169309,0.633737564087
169312,0.807470321655
169313,0.918692409992
169314,0.636473655701
169319,0.975202620029
169320,0.953120946884
169325,0.827938497066
169327,0.807290256023
169330,0.804027736187
169331,0.865330457687
169332,0.87375497818
169333,0.40129584074
169334,0.816606462002
169335,0.969709515572
169337,0.78009468317
169338,0.837386190891
169340,0.979579329491
169345,0.776948571205
169347,0.76109534502
169349,0.988867342472
169350,0.875302255154
169353,0.624199271202
169354,0.523361563683
169356,0.989106237888
169360,0.700286567211
169362,0.941571176052
169364,0.689080297947
169368,0.924260020256
169369,0.927123725414
169373,0.755976438522
169379,0.616003155708
169381,0.98252671957
169382,0.804529726505
169388,0.916508615017
169390,0.944127321243
169391,0.95337677002
169393,0.95817899704
169395,0.767570018768
169398,0.691625058651
169406,0.981971561909
169409,0.936701536179
169410,0.795837759972
169412,0.925904631615
169413,0.558364152908
169416,0.652979195118
169417,0.835385262966
169418,0.794653654099
169419,0.952892363071
169422,0.464616805315
169423,0.855272173882
169424,0.987150549889
169426,0.481382936239
169427,0.278511613607
169428,0.939822852612
169429,0.676601290703
169432,0.710554778576
169435,0.833313345909
169436,0.789474487305
169437,0.935442745686
169438,0.729467451572
169440,0.437755227089
169444,0.426434487104
169445,0.245930448174
169449,0.914200246334
169450,0.768903791904
169451,0.699742972851
169453,0.320048749447
169455,0.864928245544
169456,0.664828300476
169461,0.965303838253
169462,0.86171913147
169463,0.879291057587
169464,0.33946543932
169465,0.957294821739
169466,0.934511601925
169469,0.636086404324
169470,0.901868402958
169471,0.264006912708
169473,0.684006929398
169476,0.517793238163
169478,0.914426028728
169481,0.941080093384
169483,0.903947353363
169484,0.955500483513
169487,0.986479461193
169488,0.858055412769
169489,0.586704552174
169490,0.949159264565
169491,0.719286262989
169492,0.741536617279
169493,0.690059065819
169494,0.721485793591
169495,0.658125758171
169496,0.531068205833
169497,0.71544277668
169498,0.8228469491
169499,0.942588746548
169504,0.66474545002
169505,0.72203373909
169507,0.688138365746
169508,0.841645121574
169510,0.807699739933
169512,0.498335778713
169513,0.989736437798
169515,0.430581778288
169516,0.714990079403
169518,0.752520620823
169520,0.925848007202
169522,0.777473509312
169523,0.688689351082
169527,0.746376514435
169533,0.807748436928
169541,0.904317378998
169546,0.75001937151
169548,0.901720821857
169549,0.355172991753
169551,0.968810319901
169552,0.967278420925
169555,0.941569983959
169558,0.965466916561
169563,0.899279236794
169564,0.844220161438
169565,0.901553213596
169567,0.982125878334
169569,0.933844685555
169571,0.975889086723
169574,0.806303322315
169575,0.927933514118
169578,0.615484058857
169582,0.966019809246
169592,0.913566231728
169593,0.924243807793
169596,0.928932726383
169597,0.801953136921
169598,0.916294455528
169599,0.908763349056
169601,0.923835754395
169604,0.97811537981
169605,0.774203062057
169606,0.713989675045
169607,0.874086916447
169610,0.86214953661
169612,0.98680961132
169613,0.991627573967
169616,0.801409900188
169618,0.925950706005
169619,0.765538454056
169620,0.496592998505
169623,0.340938448906
169624,0.746060490608
169627,0.853027105331
169628,0.830208599567
169629,0.832284510136
169631,0.728621065617
169633,0.913006544113
169635,0.896865785122
169637,0.867372989655
169638,0.924275398254
169643,0.310793966055
169645,0.682598412037
169646,0.869796037674
169648,0.958133280277
169649,0.785255730152
169650,0.589338302612
169652,0.964491426945
169653,0.885665178299
169656,0.639323830605
169657,0.890736281872
169658,0.909180760384
169659,0.775326967239
169660,0.886332333088
169662,0.632777631283
169664,0.935174286366
169670,0.932854235172
169672,0.877171993256
169673,0.531275391579
169677,0.825781106949
169678,0.783030569553
169679,0.972720682621
169680,0.943211376667
169681,0.719613015652
169683,0.872608065605
169684,0.762972772121
169685,0.923369526863
169686,0.929860889912
169688,0.861176848412
169689,0.901983499527
169691,0.457762509584
169693,0.895838618279
169694,0.906259179115
169695,0.774158656597
169696,0.382518589497
169704,0.818283259869
169705,0.958084762096
169706,0.963812768459
169708,0.864799678326
169711,0.769322812557
169715,0.819649755955
169716,0.911966323853
169718,0.778698861599
169720,0.725441038609
169723,0.708800196648
169724,0.948306560516
169726,0.941810250282
169727,0.97496765852
169729,0.758240044117
169732,0.711321055889
169736,0.78861862421
169738,0.96288216114
169739,0.663811445236
169742,0.977363109589
169743,0.515252292156
169746,0.698421478271
169750,0.571531832218
169753,0.795065104961
169754,0.521125495434
169755,0.503643095493
169756,0.705472409725
169757,0.589907944202
169759,0.772921860218
169760,0.666149735451
169763,0.348908424377
169767,0.863885462284
169768,0.928571581841
169769,0.467559069395
169772,0.984522223473
169774,0.994321227074
169781,0.949419379234
169782,0.830467045307
169785,0.8367369771
169786,0.924519658089
169787,0.745354831219
169788,0.894939899445
169796,0.728560626507
169797,0.877540528774
169798,0.414631932974
169800,0.636255681515
169801,0.904485464096
169805,0.616275370121
169809,0.905017614365
169811,0.622456908226
169812,0.550636947155
169814,0.694086849689
169815,0.969989418983
169819,0.884262919426
169821,0.835940182209
169822,0.99128472805
169823,0.731956243515
169824,0.586568415165
169825,0.798982799053
169826,0.518508017063
169827,0.798854351044
169833,0.754002213478
169834,0.985089421272
169835,0.803544938564
169836,0.940899372101
169837,0.842900753021
169838,0.683247804642
169841,0.866535961628
169842,0.906632602215
169843,0.76864773035
169848,0.851403176785
169850,0.970383703709
169851,0.737689614296
169853,0.944042742252
169855,0.858365952969
169857,0.687109053135
169859,0.798221707344
169860,0.774446666241
169861,0.939293980598
169863,0.897304475307
169867,0.914859354496
169868,0.669297337532
169871,0.93959748745
169874,0.798833191395
169875,0.965484142303
169876,0.458447694778
169877,0.890202701092
169878,0.858221411705
169880,0.743032634258
169884,0.82738506794
169885,0.90805208683
169886,0.911880552769
169888,0.98801523447
169889,0.822768211365
169891,0.677342057228
169892,0.951083421707
169893,0.919580578804
169896,0.240228250623
169899,0.87799590826
169902,0.718315601349
169903,0.890801668167
169904,0.937887012959
169906,0.822191357613
169908,0.866862118244
169909,0.365901201963
169910,0.421729624271
169911,0.903489112854
169912,0.861493766308
169914,0.873468399048
169915,0.250892549753
169916,0.828937530518
169917,0.954234957695
169919,0.98055845499
169921,0.835044801235
169922,0.97870516777
169924,0.609019935131
169927,0.854030668736
169928,0.724479496479
169929,0.959244012833
169930,0.908954679966
169934,0.680895745754
169936,0.946825742722
169938,0.889007866383
169941,0.67352449894
169942,0.567288339138
169944,0.856328547001
169945,0.488810390234
169946,0.888169646263
169948,0.150750041008
169951,0.464071899652
169955,0.892402648926
169957,0.985535740852
169959,0.750573933125
169961,0.639004647732
169964,0.426962256432
169966,0.84135311842
169968,0.620877087116
169971,0.600153923035
169972,0.687274813652
169974,0.670319676399
169975,0.979175686836
169977,0.53182631731
169980,0.63649970293
169985,0.738614857197
169986,0.206164821982
169988,0.656142652035
169991,0.534863114357
169993,0.82506108284
169995,0.979963243008
169998,0.557619392872
169999,0.749102592468
170004,0.974150776863
170006,0.77628993988
170007,0.929682195187
170009,0.704700827599
170011,0.933322846889
170014,0.951891958714
170017,0.961005926132
170019,0.981957197189
170023,0.880540013313
170025,0.882875144482
170027,0.452820271254
170029,0.918940007687
170032,0.915491640568
170034,0.331642538309
170035,0.961866855621
170040,0.940435528755
170041,0.639094769955
170042,0.827854633331
170043,0.84434479475
170045,0.776083171368
170047,0.965670645237
170048,0.533132851124
170052,0.621694028378
170054,0.824494421482
170070,0.880354106426
170071,0.98731225729
170072,0.988938808441
170073,0.689759969711
170076,0.963629841805
170078,0.95294046402
170079,0.719566464424
170080,0.772980749607
170081,0.851612269878
170085,0.566772282124
170087,0.862210571766
170088,0.955509722233
170089,0.891569375992
170090,0.802419543266
170091,0.951888203621
170092,0.138156861067
170099,0.358779072762
170102,0.904619216919
170103,0.650389492512
170104,0.859319150448
170105,0.729550242424
170106,0.96191328764
170112,0.736514806747
170116,0.969642162323
170117,0.691345691681
170121,0.787212848663
170122,0.931607246399
170123,0.917998194695
170125,0.224215313792
170126,0.92959010601
170127,0.683611989021
170129,0.90432280302
170130,0.771472513676
170134,0.805898666382
170135,0.648272752762
170138,0.678523004055
170140,0.669627249241
170141,0.645640730858
170143,0.93869549036
170146,0.953389048576
170150,0.98360979557
170152,0.24487310648
170154,0.785211980343
170156,0.911536514759
170157,0.935972511768
170159,0.605418205261
170161,0.662623822689
170162,0.961240887642
170167,0.940959632397
170168,0.878964602947
170173,0.851740062237
170175,0.733269691467
170176,0.975409984589
170180,0.821596860886
170181,0.758218228817
170183,0.282428145409
170184,0.906315624714
170185,0.701112210751
170186,0.782167851925
170188,0.944799125195
170190,0.95488256216
170191,0.818318009377
170192,0.595547199249
170193,0.775034964085
170195,0.935999274254
170196,0.950280964375
170199,0.733099222183
170201,0.326231569052
170203,0.843962132931
170207,0.77844274044
170208,0.761205255985
170209,0.711956441402
170211,0.984453976154
170213,0.983371913433
170214,0.746282398701
170217,0.959118306637
170218,0.76905554533
170220,0.964738845825
170221,0.473601520061
170222,0.741849958897
170223,0.940549194813
170224,0.953164696693
170225,0.801181614399
170226,0.979449629784
170227,0.844035863876
170232,0.936712086201
170235,0.660918295383
170237,0.942787349224
170242,0.922542929649
170243,0.756807863712
170244,0.595604240894
170245,0.966923117638
170248,0.946477770805
170249,0.982761919498
170250,0.896848797798
170253,0.788540244102
170254,0.800700128078
170255,0.83979767561
170258,0.869449615479
170260,0.961882054806
170261,0.878729641438
170262,0.866931259632
170263,0.883128583431
170265,0.881482422352
170270,0.873267889023
170271,0.937838196754
170272,0.666080594063
170273,0.778682231903
170274,0.717582702637
170277,0.156280636787
170282,0.959138393402
170283,0.938297092915
170289,0.894312083721
170294,0.971990644932
170295,0.984210014343
170302,0.807761967182
170303,0.956803917885
170306,0.958566725254
170307,0.562644064426
170308,0.446666032076
170309,0.914410293102
170310,0.674830675125
170311,0.806705594063
170313,0.762183487415
170315,0.770550847054
170316,0.829963326454
170322,0.987715899944
170323,0.952249288559
170328,0.625339388847
170329,0.723391711712
170330,0.959470868111
170331,0.894417345524
170334,0.972547829151
170335,0.894974946976
170337,0.777361571789
170340,0.987179458141
170342,0.976133704185
170345,0.910173356533
170349,0.980959534645
170350,0.781977295876
170351,0.385790497065
170352,0.965652942657
170353,0.638604819775
170354,0.82563740015
170355,0.97475373745
170358,0.741797745228
170360,0.738106310368
170364,0.704464197159
170366,0.942373216152
170370,0.954068481922
170373,0.553379774094
170375,0.737595498562
170376,0.792592287064
170379,0.844721138477
170382,0.889043867588
170383,0.954349040985
170384,0.921543955803
170387,0.672451853752
170390,0.908872723579
170392,0.961605846882
170393,0.901330471039
170396,0.754846036434
170398,0.607402086258
170399,0.867487967014
170402,0.724812686443
170403,0.969612360001
170404,0.848937630653
170405,0.313863486052
170411,0.768715798855
170412,0.341526776552
170414,0.964258909225
170418,0.701887071133
170421,0.744053900242
170428,0.939123094082
170439,0.946328103542
170441,0.700970649719
170444,0.688519656658
170445,0.753227591515
170446,0.502367913723
170447,0.879918515682
170449,0.812687337399
170450,0.678369283676
170451,0.990615129471
170452,0.868012547493
170453,0.951310873032
170455,0.800098717213
170457,0.894342780113
170459,0.679770231247
170460,0.915200889111
170461,0.611503779888
170463,0.631614744663
170464,0.84393620491
170465,0.433459997177
170466,0.985197603703
170467,0.973425388336
170472,0.976800441742
170475,0.989688396454
170476,0.970554590225
170477,0.917970478535
170478,0.858891189098
170479,0.938204467297
170483,0.958797335625
170484,0.842898547649
170487,0.831423223019
170488,0.806703031063
170489,0.618112802505
170491,0.89291626215
170492,0.989620566368
170494,0.901413559914
170495,0.866015672684
170496,0.931447088718
170500,0.635919570923
170501,0.56074243784
170502,0.44749802351
170505,0.974778115749
170506,0.885575711727
170511,0.847189247608
170512,0.702099204063
170514,0.614522635937
170515,0.964281201363
170518,0.699304103851
170521,0.734149456024
170523,0.843494772911
170525,0.618566989899
170527,0.960723042488
170528,0.930015861988
170529,0.85760563612
170530,0.906612694263
170531,0.920337677002
170535,0.982267320156
170536,0.942128419876
170537,0.725239694118
170539,0.712205410004
170541,0.796144843102
170544,0.750288128853
170546,0.540185391903
170547,0.298662155867
170552,0.789309799671
170553,0.82854706049
170557,0.661289989948
170561,0.939608514309
170562,0.873379468918
170563,0.484751999378
170565,0.181196510792
170567,0.127921029925
170568,0.930059552193
170575,0.104467235506
170577,0.9744104743
170579,0.88876926899
170580,0.938948392868
170583,0.829499006271
170584,0.800814032555
170585,0.55450117588
170588,0.775827229023
170589,0.907565534115
170590,0.945282697678
170592,0.917605161667
170593,0.645071387291
170594,0.840950667858
170596,0.387220263481
170599,0.790048122406
170600,0.952032208443
170602,0.91546267271
170603,0.846573352814
170604,0.959785163403
170606,0.884456753731
170608,0.857077538967
170610,0.779585182667
170611,0.767047226429
170612,0.834255874157
170613,0.980178654194
170614,0.817200064659
170616,0.90029323101
170619,0.780544161797
170620,0.78733509779
170621,0.954213261604
170622,0.867516040802
170625,0.681451261044
170628,0.859955847263
170629,0.810044050217
170631,0.508716225624
170632,0.727598369122
170633,0.516176402569
170634,0.780117988586
170636,0.831674158573
170640,0.780882894993
170641,0.755999684334
170642,0.952556312084
170647,0.615415692329
170648,0.963177204132
170652,0.538722336292
170657,0.404094904661
170658,0.970754146576
170659,0.84937864542
170660,0.782089114189
170661,0.760862827301
170662,0.940157949924
170664,0.544605731964
170665,0.703123509884
170666,0.979670763016
170674,0.915432631969
170675,0.929097831249
170676,0.92322075367
170680,0.95145624876
170681,0.941505968571
170682,0.527928769588
170685,0.965601921082
170686,0.781162083149
170687,0.9682071805
170691,0.96430516243
170692,0.960067152977
170693,0.567121148109
170694,0.740698873997
170696,0.948227465153
170697,0.524804830551
170700,0.707213521004
170703,0.840741038322
170705,0.625420987606
170708,0.340572357178
170709,0.765103816986
170712,0.80916428566
170714,0.887832224369
170715,0.721761882305
170721,0.756555318832
170725,0.738223671913
170727,0.975186407566
170729,0.83345669508
170730,0.76824504137
170732,0.935416460037
170733,0.705676019192
170734,0.734591543674
170735,0.888745188713
170737,0.655612409115
170742,0.832379162312
170743,0.821219682693
170745,0.968641996384
170747,0.537721633911
170748,0.698526799679
170749,0.765766322613
170751,0.946597397327
170753,0.639140427113
170756,0.695212423801
170758,0.848292350769
170759,0.790789663792
170760,0.788925290108
170763,0.677824318409
170765,0.900413691998
170766,0.704410791397
170767,0.703891038895
170768,0.709613144398
170772,0.813874423504
170774,0.844265043736
170775,0.448906630278
170776,0.727652132511
170777,0.723746538162
170779,0.986519277096
170780,0.975061058998
170781,0.436386853456
170782,0.934304773808
170783,0.984884262085
170785,0.503570199013
170792,0.974055528641
170793,0.991859138012
170794,0.978162169456
170795,0.746403753757
170797,0.449199467897
170799,0.79178571701
170800,0.726659536362
170801,0.687874495983
170806,0.841475963593
170808,0.9276496768
170811,0.864168465137
170812,0.905503869057
170814,0.840513348579
170815,0.897078037262
170817,0.897914648056
170818,0.881823778152
170819,0.540270328522
170820,0.984977245331
170821,0.625725090504
170822,0.730378568172
170824,0.856792092323
170825,0.813669741154
170826,0.72217798233
170828,0.943299531937
170833,0.891420304775
170835,0.597702503204
170836,0.685846626759
170837,0.834691286087
170839,0.697938501835
170840,0.755745351315
170841,0.805654942989
170842,0.824812173843
170843,0.84638774395
170845,0.787097334862
170847,0.894376993179
170855,0.936127662659
170856,0.718878269196
170857,0.521447002888
170858,0.814174234867
170859,0.860748171806
170861,0.501904606819
170862,0.905871748924
170867,0.74370098114
170868,0.892023026943
170869,0.891197621822
170870,0.860419809818
170871,0.822054684162
170872,0.918767094612
170873,0.936659812927
170874,0.85354334116
170875,0.988064825535
170879,0.872943103313
170882,0.79998511076
170883,0.81114834547
170885,0.862021744251
170886,0.759600520134
170889,0.964038610458
170890,0.643385767937
170891,0.946410536766
170892,0.526088416576
170894,0.383648276329
170897,0.0618915818632
170898,0.853617727757
170901,0.925111532211
170903,0.537724018097
170906,0.940978527069
170910,0.215544849634
170913,0.839486300945
170915,0.973674833775
170916,0.627346932888
170920,0.717504024506
170923,0.490662306547
170924,0.652368366718
170929,0.936883151531
170935,0.344240039587
170936,0.899144172668
170938,0.955823898315
170941,0.505330741405
170943,0.960755944252
170945,0.818461537361
170946,0.879717350006
170948,0.578291356564
170949,0.949982881546
170954,0.777284681797
170958,0.840609431267
170959,0.86146479845
170962,0.792030870914
170963,0.98959761858
170964,0.924986600876
170966,0.517258286476
170970,0.820426821709
170971,0.553951621056
170974,0.793286800385
170975,0.115481264889
170976,0.932179510593
170980,0.910043776035
170981,0.479937076569
170983,0.934177577496
170984,0.875008881092
170986,0.968209207058
170987,0.703759253025
170988,0.763091146946
170989,0.588562130928
170991,0.793115019798
170994,0.908793449402
170995,0.721383869648
170997,0.652830779552
170998,0.310109615326
170999,0.829124212265
171000,0.835406243801
171001,0.520180702209
171003,0.975050151348
171008,0.923248052597
171009,0.941003084183
171010,0.536818802357
171013,0.891933500767
171014,0.0990761294961
171018,0.299329966307
171020,0.775924921036
171021,0.759326279163
171022,0.909334897995
171023,0.780776798725
171024,0.681803226471
171025,0.838305234909
171029,0.767947554588
171034,0.948995113373
171037,0.872151315212
171039,0.789587020874
171040,0.680773973465
171041,0.56259727478
171042,0.651727020741
171044,0.511647284031
171046,0.86260664463
171050,0.921286582947
171053,0.911255478859
171054,0.796321868896
171055,0.973987996578
171059,0.784630060196
171060,0.666443705559
171062,0.960347115993
171067,0.454282492399
171069,0.748439967632
171071,0.991176962852
171072,0.886198043823
171074,0.710699617863
171078,0.479063004255
171081,0.839191794395
171082,0.524154126644
171084,0.53133970499
171088,0.941844522953
171089,0.8447701931
171092,0.982742786407
171093,0.97886878252
171095,0.938611745834
171097,0.954912543297
171101,0.736315906048
171102,0.85138630867
171103,0.940592050552
171104,0.916738271713
171106,0.636059939861
171110,0.67337167263
171112,0.981129586697
171113,0.606271147728
171114,0.762041807175
171116,0.864479005337
171117,0.979113519192
171119,0.784091591835
171122,0.799971342087
171127,0.450586766005
171131,0.964529633522
171132,0.777141034603
171133,0.971656084061
171134,0.859916567802
171135,0.708216369152
171140,0.991583824158
171142,0.879834055901
171147,0.746808350086
171148,0.438215553761
171152,0.864120423794
171153,0.658943831921
171156,0.194110885262
171158,0.825749397278
171160,0.822213351727
171161,0.981863975525
171162,0.368980169296
171163,0.937175154686
171167,0.967079281807
171169,0.566331624985
171170,0.922961592674
171171,0.807250618935
171176,0.611628174782
171180,0.939538359642
171184,0.776145935059
171187,0.823686599731
171189,0.1555467695
171190,0.879056930542
171192,0.763669729233
171196,0.683672487736
171200,0.588744044304
171201,0.537323474884
171202,0.937308490276
171203,0.990152180195
171204,0.69417488575
171205,0.742180347443
171207,0.910425305367
171209,0.308609157801
171211,0.981336295605
171212,0.681101500988
171214,0.962207198143
171215,0.336644858122
171218,0.52799063921
171223,0.434114485979
171227,0.976455926895
171229,0.882784605026
171230,0.819768965244
171231,0.890531182289
171232,0.727659702301
171235,0.964781343937
171237,0.687703073025
171238,0.896811485291
171239,0.719299197197
171241,0.965788722038
171244,0.210664182901
171246,0.946076929569
171248,0.671719908714
171250,0.811968266964
171252,0.05870911479
171256,0.674380898476
171258,0.989764451981
171259,0.914538800716
171261,0.56601536274
171262,0.818702280521
171263,0.701836228371
171264,0.697537600994
171267,0.63319838047
171272,0.81364607811
171273,0.237565606833
171275,0.943566143513
171280,0.582440555096
171281,0.602165460587
171283,0.928573310375
171286,0.762873888016
171287,0.947773396969
171291,0.77572953701
171292,0.881058394909
171297,0.967723429203
171298,0.663040816784
171301,0.946360647678
171302,0.946727395058
171304,0.629081368446
171305,0.778571486473
171306,0.964012801647
171307,0.749100446701
171310,0.407809942961
171312,0.23884780705
171314,0.774296104908
171317,0.50508326292
171321,0.823202610016
171322,0.618504583836
171324,0.769888579845
171325,0.851099789143
171327,0.471212506294
171328,0.711078643799
171329,0.915028512478
171330,0.223520115018
171331,0.962055027485
171332,0.789228856564
171333,0.742267072201
171338,0.362774729729
171340,0.964744985104
171343,0.527717411518
171345,0.893349468708
171346,0.966424047947
171347,0.820640921593
171348,0.943989098072
171349,0.869828999043
171350,0.63839662075
171351,0.896341204643
171353,0.220800161362
171359,0.874471485615
171362,0.657279968262
171365,0.611948668957
171369,0.718324303627
171371,0.936244785786
171372,0.858665168285
171374,0.959722280502
171375,0.987392604351
171377,0.492669820786
171379,0.798934400082
171387,0.834744036198
171389,0.929081261158
171390,0.935503661633
171392,0.839741170406
171395,0.802588403225
171396,0.775311172009
171397,0.424821913242
171398,0.943366885185
171399,0.868521571159
171400,0.778628051281
171401,0.821758449078
171403,0.780146896839
171404,0.624107182026
171405,0.826595187187
171407,0.859574913979
171408,0.975036978722
171409,0.892975747585
171410,0.336961954832
171411,0.742814719677
171412,0.72028696537
171415,0.884954273701
171417,0.864243388176
171419,0.835986733437
171422,0.795094370842
171423,0.660526335239
171424,0.881965100765
171425,0.813202917576
171427,0.958583056927
171428,0.709671795368
171434,0.920238316059
171436,0.818792939186
171440,0.297834068537
171444,0.934598445892
171446,0.786012291908
171447,0.75445997715
171453,0.27057620883
171454,0.94851565361
171455,0.963573932648
171459,0.956713318825
171467,0.435817718506
171468,0.775994241238
171469,0.991886258125
171470,0.985041320324
171471,0.919863820076
171473,0.230993509293
171474,0.874244809151
171475,0.922207832336
171476,0.83834284544
171477,0.923579156399
171479,0.499497443438
171480,0.933896005154
171481,0.406839221716
171483,0.925068676472
171485,0.936431527138
171487,0.515848994255
171488,0.920781552792
171489,0.906027793884
171493,0.825130879879
171497,0.747735202312
171502,0.640784263611
171503,0.842703700066
171504,0.891284644604
171506,0.558933794498
171508,0.796830415726
171509,0.66177380085
171510,0.731774032116
171511,0.59285223484
171513,0.86396253109
171514,0.804612636566
171515,0.975300550461
171517,0.895008802414
171522,0.972431898117
171525,0.399162530899
171533,0.813068270683
171534,0.940796911716
171535,0.91202288866
171537,0.871912539005
171538,0.893199682236
171540,0.716418921947
171542,0.919872224331
171544,0.761210024357
171546,0.906684339046
171547,0.63954770565
171549,0.662006855011
171556,0.662342250347
171560,0.180966734886
171561,0.87180262804
171562,0.895102679729
171563,0.828586161137
171564,0.559200465679
171565,0.545914947987
171567,0.861508309841
171568,0.718045592308
171573,0.957941651344
171575,0.671837151051
171577,0.916568696499
171584,0.969823539257
171587,0.874474585056
171588,0.703105151653
171589,0.953108072281
171593,0.919828593731
171597,0.818884909153
171599,0.896938145161
171600,0.82781368494
171601,0.731197476387
171602,0.711556017399
171603,0.702617049217
171605,0.896857023239
171607,0.634587109089
171608,0.942530989647
171609,0.673292398453
171612,0.763052761555
171613,0.781176507473
171614,0.588006496429
171616,0.927448749542
171618,0.750518083572
171620,0.856756269932
171621,0.803154528141
171622,0.908438146114
171624,0.716361641884
171626,0.885462522507
171629,0.890726268291
171631,0.779204845428
171633,0.79775005579
171634,0.713668465614
171635,0.765780448914
171637,0.314646959305
171640,0.947109878063
171642,0.952542662621
171644,0.952349185944
171645,0.390606999397
171646,0.933678686619
171648,0.366264998913
171649,0.979520201683
171650,0.971146464348
171652,0.841692507267
171655,0.896059215069
171658,0.717218458652
171661,0.937681853771
171662,0.950743019581
171663,0.612966835499
171665,0.124045521021
171668,0.872104346752
171671,0.872777342796
171673,0.530196905136
171675,0.625070989132
171677,0.89475363493
171678,0.56365531683
171679,0.976773142815
171680,0.712233543396
171681,0.492641925812
171683,0.846397697926
171684,0.945517301559
171687,0.988915264606
171689,0.83789908886
171692,0.957920908928
171694,0.912140309811
171695,0.864795506001
171700,0.813517212868
171702,0.717790603638
171703,0.3294916749
171705,0.695172250271
171707,0.380107045174
171709,0.925527989864
171711,0.745909631252
171712,0.641978383064
171714,0.932547926903
171715,0.615718662739
171720,0.801756501198
171721,0.761819541454
171722,0.972687423229
171723,0.759055674076
171724,0.948682904243
171725,0.943490684032
171727,0.929856777191
171728,0.703024148941
171729,0.977557301521
171730,0.793944060802
171733,0.891519367695
171735,0.692455172539
171738,0.685749590397
171739,0.95097309351
171740,0.949122011662
171741,0.873503684998
171742,0.772161483765
171743,0.692712128162
171746,0.781701982021
171747,0.898442447186
171748,0.916269421577
171751,0.933571100235
171752,0.635424733162
171753,0.512724936008
171756,0.779864966869
171757,0.821447610855
171758,0.983131051064
171759,0.806569457054
171760,0.965436935425
171761,0.910811662674
171763,0.98179769516
171765,0.807188749313
171767,0.848513841629
171768,0.814572989941
171769,0.80594342947
171770,0.692308723927
171771,0.850919544697
171772,0.734407305717
171773,0.953128635883
171775,0.922170817852
171778,0.649337768555
171779,0.824929952621
171780,0.956941902637
171782,0.552639782429
171784,0.374107241631
171785,0.951330006123
171786,0.633998930454
171788,0.817726969719
171789,0.766331553459
171790,0.75972032547
171791,0.850634336472
171792,0.979377925396
171793,0.765934228897
171794,0.563780367374
171795,0.925648808479
171797,0.979361593723
171799,0.186706975102
171803,0.876321732998
171804,0.990644216537
171806,0.82493686676
171808,0.55382579565
171812,0.985246241093
171815,0.854853153229
171816,0.642477154732
171818,0.689484655857
171819,0.948736727238
171821,0.961086690426
171822,0.675900638103
171823,0.853885889053
171824,0.872923493385
171825,0.757847249508
171827,0.821126103401
171830,0.980490744114
171831,0.812726736069
171837,0.897931694984
171838,0.638932228088
171840,0.392284095287
171841,0.777079582214
171842,0.575583040714
171844,0.287890821695
171850,0.949452579021
171851,0.89934015274
171852,0.561134576797
171854,0.851202905178
171855,0.986322879791
171859,0.857965707779
171864,0.796037852764
171867,0.428103268147
171868,0.967885553837
171871,0.659078240395
171873,0.681742012501
171874,0.884786605835
171876,0.448599904776
171877,0.742175281048
171879,0.57715266943
171880,0.35805118084
171881,0.893386423588
171885,0.741277217865
171886,0.779064059258
171887,0.87329262495
171888,0.901191651821
171889,0.836051940918
171890,0.92548674345
171891,0.950236201286
171892,0.955899178982
171898,0.957210481167
171899,0.441195815802
171903,0.960425257683
171904,0.741459071636
171905,0.834560394287
171906,0.924668073654
171907,0.42198485136
171908,0.723572671413
171910,0.414587199688
171916,0.809259176254
171918,0.410805612803
171919,0.570229291916
171920,0.95478540659
171924,0.616455376148
171925,0.94908863306
171927,0.223018184304
171928,0.977032423019
171929,0.924143612385
171932,0.857927143574
171937,0.388382852077
171939,0.895451724529
171940,0.850503623486
171941,0.809014797211
171942,0.965095162392
171946,0.887762665749
171948,0.987908780575
171950,0.809811770916
171951,0.454905629158
171954,0.860737800598
171955,0.806552946568
171957,0.900587797165
171958,0.587975800037
171959,0.922247946262
171960,0.926970660686
171961,0.967969655991
171963,0.614106178284
171968,0.827011704445
171969,0.744212985039
171970,0.755803704262
171971,0.630717277527
171972,0.909831941128
171975,0.899504005909
171976,0.967155516148
171978,0.949458777905
171982,0.671277046204
171984,0.990540504456
171985,0.881902396679
171987,0.852897703648
171992,0.971722245216
171993,0.632983565331
171994,0.379844039679
172001,0.881994187832
172005,0.716435492039
172008,0.822152674198
172009,0.784199774265
172010,0.51821655035
172011,0.758581399918
172013,0.855305433273
172014,0.961733698845
172017,0.790634572506
172018,0.966826140881
172020,0.803098022938
172022,0.950559437275
172024,0.910348832607
172025,0.681819140911
172028,0.805943191051
172030,0.828095972538
172032,0.697417080402
172033,0.454920679331
172034,0.659951329231
172036,0.516731739044
172038,0.337820500135
172040,0.409001231194
172042,0.971902251244
172043,0.993583261967
172048,0.535014390945
172049,0.45443585515
172050,0.534704327583
172054,0.935140550137
172058,0.824899792671
172059,0.301839619875
172060,0.951985001564
172061,0.846429646015
172062,0.929895341396
172067,0.943834960461
172068,0.852393209934
172071,0.666592419147
172073,0.93000215292
172074,0.762315809727
172076,0.964245736599
172077,0.640341341496
172078,0.831670403481
172083,0.99190557003
172090,0.940125286579
172093,0.990587174892
172094,0.982388675213
172095,0.350225806236
172101,0.715385437012
172104,0.955684423447
172106,0.841450214386
172107,0.16156719625
172108,0.841481924057
172109,0.636915683746
172110,0.842871844769
172111,0.850021421909
172112,0.57831466198
172114,0.93115067482
172119,0.408756732941
172121,0.976569473743
172132,0.895364165306
172133,0.0845880955458
172134,0.872271239758
172137,0.731359422207
172139,0.776929855347
172140,0.42307767272
172141,0.712273836136
172143,0.483924567699
172144,0.293946802616
172145,0.705934345722
172147,0.709588289261
172149,0.345205873251
172152,0.907687187195
172153,0.987088620663
172157,0.698839902878
172162,0.8851390481
172166,0.941446959972
172167,0.782572388649
172168,0.455328702927
172169,0.631584882736
172170,0.86722689867
172172,0.709603369236
172173,0.592783391476
172176,0.957347512245
172177,0.976073503494
172180,0.958589375019
172181,0.959563553333
172183,0.933562815189
172184,0.693424224854
172186,0.480156689882
172190,0.961404502392
172193,0.948614120483
172194,0.859516084194
172195,0.893624603748
172196,0.956291794777
172197,0.835147082806
172201,0.941955685616
172203,0.813541412354
172204,0.565893888474
172205,0.765183269978
172206,0.928234696388
172207,0.681757092476
172208,0.887206733227
172209,0.876816987991
172213,0.0714779794216
172214,0.683171510696
172215,0.645721614361
172217,0.860538423061
172221,0.975584805012
172222,0.704828202724
172223,0.80800318718
172225,0.447483509779
172226,0.841206490993
172227,0.733143746853
172228,0.580814540386
172231,0.595539689064
172232,0.629456460476
172237,0.906809687614
172238,0.937894701958
172239,0.968118429184
172242,0.803654909134
172244,0.475790560246
172246,0.727955639362
172248,0.982959270477
172249,0.681715130806
172251,0.772566080093
172253,0.843450784683
172262,0.987621963024
172267,0.976031959057
172269,0.980177938938
172270,0.443119376898
172271,0.647482454777
172274,0.953368663788
172275,0.962643921375
172276,0.959977269173
172277,0.666759252548
172283,0.500167667866
172287,0.881408214569
172288,0.757544577122
172290,0.750659644604
172291,0.604938924313
172292,0.838251650333
172293,0.917594134808
172296,0.224649041891
172298,0.910655915737
172302,0.930872440338
172303,0.846932888031
172305,0.873440027237
172306,0.898676931858
172307,0.828457474709
172308,0.528547286987
172309,0.725513517857
172311,0.988658607006
172320,0.669508039951
172321,0.865180790424
172324,0.903279542923
172333,0.921827375889
172335,0.610769629478
172336,0.811093091965
172340,0.945882081985
172342,0.654174029827
172344,0.959054946899
172347,0.850450575352
172349,0.915306270123
172350,0.592083454132
172351,0.870420217514
172352,0.627003490925
172353,0.845996856689
172354,0.981911242008
172355,0.972620785236
172358,0.582086443901
172363,0.657210052013
172365,0.84854799509
172366,0.968466162682
172367,0.927041471004
172368,0.933771491051
172369,0.552578747272
172370,0.5720064044
172374,0.594902217388
172376,0.719817757607
172377,0.910275161266
172379,0.78711616993
172381,0.482844144106
172384,0.944282710552
172385,0.853228926659
172387,0.770657122135
172388,0.707010567188
172389,0.779739022255
172391,0.848290681839
172393,0.558774709702
172395,0.0739908963442
172396,0.627870380878
172398,0.977861464024
172401,0.432936280966
172402,0.898398458958
172405,0.982503712177
172406,0.79129755497
172408,0.956652700901
172409,0.889671087265
172411,0.91144824028
172412,0.581648647785
172414,0.865875482559
172416,0.738421738148
172419,0.956236958504
172420,0.698908686638
172422,0.757238030434
172423,0.691904425621
172426,0.591203272343
172429,0.802572071552
172430,0.974149942398
172432,0.8322301507
172433,0.637761354446
172434,0.683492362499
172436,0.61801469326
172438,0.984117209911
172440,0.962945997715
172441,0.860170245171
172442,0.921419203281
172444,0.96681189537
172445,0.874818384647
172446,0.953863859177
172447,0.906451642513
172451,0.954546570778
172453,0.968909502029
172454,0.810459375381
172460,0.84382635355
172461,0.934464991093
172464,0.167660728097
172465,0.936634778976
172466,0.81146132946
172470,0.983858406544
172471,0.927241802216
172472,0.925590395927
172474,0.867400884628
172477,0.958689272404
172478,0.914962947369
172479,0.771774291992
172482,0.840944170952
172484,0.641580283642
172490,0.838731050491
172492,0.688265562057
172497,0.54099547863
172498,0.827555894852
172502,0.571419298649
172503,0.844991445541
172509,0.637116372585
172510,0.717731893063
172515,0.873763263226
172517,0.735657453537
172523,0.610991239548
172525,0.45649728179
172526,0.988472104073
172531,0.478370815516
172533,0.664656996727
172537,0.801681995392
172539,0.822094321251
172542,0.915023684502
172543,0.981348276138
172545,0.967030107975
172546,0.774434804916
172547,0.896432101727
172549,0.765961885452
172550,0.981040239334
172551,0.544782280922
172553,0.954864442348
172554,0.917664408684
172555,0.793768465519
172558,0.988373875618
172560,0.744077801704
172561,0.736227571964
172562,0.640104174614
172564,0.895371377468
172565,0.198524132371
172567,0.850706398487
172568,0.879973769188
172571,0.793448269367
172572,0.968626618385
172573,0.874538362026
172574,0.594497084618
172575,0.772048473358
172578,0.846429944038
172579,0.880098044872
172580,0.874067544937
172581,0.615595519543
172582,0.820557713509
172584,0.982335627079
172585,0.528834581375
172586,0.932476401329
172588,0.857658863068
172589,0.970162391663
172591,0.879253923893
172594,0.930688142776
172598,0.772735476494
172600,0.547598063946
172603,0.593644678593
172606,0.716844558716
172607,0.492320626974
172610,0.629091799259
172613,0.769743800163
172616,0.870903849602
172618,0.812361717224
172621,0.979693710804
172623,0.979732751846
172626,0.980869650841
172628,0.970442175865
172629,0.929014503956
172630,0.904129743576
172631,0.807378053665
172635,0.760387301445
172639,0.910511374474
172641,0.887908220291
172644,0.683322489262
172646,0.749617397785
172647,0.919347643852
172650,0.775113940239
172652,0.966308057308
172654,0.629200994968
172656,0.500332891941
172657,0.662631988525
172658,0.952389538288
172659,0.0940745770931
172661,0.913965761662
172662,0.92346149683
172663,0.970739543438
172664,0.361979454756
172668,0.941166341305
172670,0.969543516636
172672,0.914369642735
172673,0.968416392803
172674,0.992876291275
172675,0.948814868927
172676,0.796576499939
172681,0.710931777954
172684,0.958107411861
172685,0.57946741581
172686,0.500874519348
172689,0.490334898233
172691,0.553431212902
172695,0.30115634203
172697,0.676858961582
172699,0.995095729828
172703,0.752238512039
172706,0.181038722396
172708,0.957945942879
172709,0.983968496323
172711,0.97685366869
172713,0.659163355827
172715,0.830627143383
172721,0.430389851332
172722,0.119894489646
172723,0.66346937418
172727,0.88089132309
172728,0.672989070415
172729,0.91647195816
172730,0.666386783123
172733,0.969475984573
172735,0.298770844936
172737,0.779766857624
172738,0.920998871326
172739,0.77070915699
172740,0.781832754612
172742,0.638109922409
172744,0.901256680489
172745,0.989714026451
172746,0.661879122257
172749,0.260869085789
172751,0.970605552197
172752,0.32151427865
172754,0.953066587448
172756,0.831985294819
172757,0.947800397873
172761,0.855980873108
172763,0.427109867334
172765,0.957129120827
172769,0.783295512199
172772,0.794275820255
172774,0.713696181774
172778,0.643276870251
172782,0.669713556767
172783,0.856513023376
172784,0.937481641769
172785,0.927678585052
172786,0.622388482094
172788,0.968984246254
172790,0.908739030361
172792,0.763282418251
172795,0.837362647057
172796,0.959503352642
172797,0.853872656822
172800,0.885333895683
172801,0.841305613518
172804,0.913551807404
172806,0.730506181717
172807,0.959020495415
172812,0.950779438019
172813,0.912162721157
172818,0.978635966778
172819,0.409240424633
172821,0.621430039406
172822,0.823999226093
172823,0.962946712971
172827,0.782410681248
172828,0.482256501913
172829,0.948044300079
172830,0.652053833008
172832,0.803852438927
172836,0.60732448101
172837,0.766551792622
172841,0.696692168713
172842,0.942508339882
172843,0.966870069504
172844,0.777738571167
172845,0.990150332451
172846,0.902297377586
172847,0.635992228985
172849,0.843911170959
172850,0.986764550209
172851,0.986227452755
172852,0.953388690948
172854,0.798085927963
172860,0.824911057949
172862,0.823403596878
172864,0.968192100525
172865,0.893202126026
172867,0.793463349342
172868,0.662571549416
172869,0.815171837807
172871,0.943845808506
172873,0.757053434849
172874,0.89625453949
172875,0.882521510124
172877,0.72210919857
172878,0.715430915356
172879,0.741560459137
172884,0.846940934658
172885,0.971348106861
172887,0.964854478836
172889,0.992470979691
172890,0.671205401421
172893,0.83955603838
172897,0.760155379772
172898,0.750416040421
172902,0.519864320755
172903,0.936343312263
172904,0.707198619843
172906,0.909410297871
172907,0.669835031033
172908,0.757133424282
172909,0.805124878883
172916,0.982452988625
172918,0.861674129963
172921,0.97737210989
172922,0.846175909042
172924,0.667153298855
172925,0.699055373669
172927,0.508689105511
172928,0.752851963043
172933,0.639297068119
172934,0.976580202579
172935,0.869407236576
172936,0.588205099106
172937,0.86750549078
172939,0.951665401459
172943,0.974852323532
172944,0.411002784967
172945,0.818545162678
172946,0.713264644146
172947,0.949433028698
172948,0.84029096365
172949,0.583556652069
172950,0.977799475193
172952,0.788681864738
172953,0.802343428135
172954,0.962292850018
172956,0.880944490433
172957,0.599937260151
172958,0.82661396265
172961,0.822932600975
172962,0.904970049858
172971,0.864554524422
172973,0.92887789011
172975,0.770567297935
172977,0.393611937761
172979,0.811689555645
172980,0.853599667549
172982,0.75123333931
172983,0.728480279446
172984,0.843090176582
172985,0.871821761131
172987,0.948176443577
172991,0.166210860014
172994,0.948996305466
172995,0.496679574251
172998,0.928369343281
173003,0.882912099361
173004,0.556941926479
173006,0.600093185902
173008,0.977648258209
173010,0.866473913193
173013,0.753563046455
173014,0.732356905937
173016,0.855374515057
173017,0.987977862358
173018,0.494339197874
173019,0.379274487495
173020,0.929897904396
173022,0.451865673065
173024,0.912192225456
173025,0.832053244114
173026,0.763123035431
173028,0.943165361881
173030,0.717506587505
173035,0.808983445168
173040,0.734478533268
173043,0.832031488419
173049,0.97335600853
173050,0.503880262375
173051,0.919781029224
173052,0.651014983654
173053,0.699422597885
173055,0.832659244537
173057,0.907469213009
173059,0.970167994499
173060,0.670467853546
173062,0.872755289078
173063,0.982948362827
173064,0.984768986702
173066,0.787292540073
173067,0.7452044487
173074,0.51133877039
173076,0.877850353718
173077,0.633945584297
173078,0.99345010519
173079,0.790975928307
173080,0.509320497513
173081,0.554897010326
173082,0.848662495613
173085,0.90960508585
173086,0.925073266029
173089,0.932640731335
173091,0.86930257082
173092,0.834637761116
173093,0.903144657612
173094,0.73289090395
173097,0.748615980148
173101,0.899933218956
173102,0.95616710186
173104,0.688046097755
173106,0.617069005966
173109,0.967519283295
173111,0.845270991325
173112,0.933521270752
173113,0.896662831306
173120,0.948897957802
173126,0.184948638082
173128,0.837160766125
173129,0.992229878902
173130,0.592753887177
173132,0.992326259613
173133,0.729668080807
173135,0.688353657722
173136,0.570209383965
173138,0.839407265186
173140,0.914550542831
173141,0.518691658974
173142,0.779795944691
173143,0.549802839756
173147,0.926739513874
173148,0.615815937519
173150,0.312186419964
173153,0.942130446434
173157,0.669913172722
173158,0.987797439098
173161,0.819679141045
173163,0.877786397934
173164,0.923045933247
173167,0.957348227501
173169,0.646957337856
173171,0.803556323051
173173,0.571647047997
173174,0.922700822353
173175,0.907447397709
173177,0.970231831074
173178,0.0955770388246
173180,0.966664016247
173185,0.857262372971
173190,0.902659773827
173193,0.930543243885
173194,0.874583125114
173195,0.721886575222
173196,0.865014493465
173197,0.988799929619
173198,0.977134525776
173200,0.835344731808
173208,0.652498960495
173209,0.528813183308
173214,0.852128088474
173217,0.951237201691
173219,0.929210364819
173222,0.747898221016
173223,0.866858661175
173224,0.801540434361
173225,0.987797915936
173226,0.659297943115
173229,0.904147982597
173231,0.846226930618
173232,0.40928375721
173235,0.667948067188
173237,0.806243419647
173238,0.857775330544
173239,0.719847023487
173241,0.658956229687
173242,0.878548979759
173245,0.84196460247
173247,0.459902465343
173248,0.867693722248
173249,0.637144267559
173250,0.744626283646
173251,0.980776369572
173253,0.703391134739
173254,0.905191719532
173256,0.987453401089
173259,0.837488174438
173260,0.884355783463
173263,0.844311416149
173264,0.983646810055
173268,0.982207298279
173269,0.532869040966
173271,0.904099047184
173273,0.951640486717
173275,0.981433093548
173278,0.619600892067
173279,0.83851313591
173280,0.767248272896
173282,0.649387478828
173283,0.934153437614
173284,0.771093249321
173285,0.644510865211
173286,0.852249443531
173288,0.555037558079
173289,0.653817772865
173290,0.318137198687
173293,0.92132973671
173296,0.715018153191
173297,0.878812611103
173299,0.797807097435
173301,0.901606380939
173304,0.074857853353
173306,0.931868731976
173308,0.9234572649
173310,0.594402253628
173312,0.740411818027
173315,0.862585961819
173318,0.840925276279
173320,0.901864290237
173325,0.566514372826
173326,0.910004973412
173327,0.983027279377
173330,0.81173402071
173331,0.978722631931
173333,0.547540962696
173334,0.782721340656
173335,0.848180532455
173336,0.463154792786
173338,0.859395086765
173340,0.887863755226
173343,0.719647407532
173346,0.520118236542
173347,0.70743060112
173349,0.771786272526
173350,0.776674509048
173351,0.847197115421
173352,0.891414403915
173354,0.874711930752
173356,0.953414201736
173357,0.569769263268
173358,0.816949427128
173360,0.64479714632
173362,0.6859562397
173363,0.779227077961
173364,0.240427345037
173368,0.948155641556
173369,0.450083523989
173372,0.978615045547
173374,0.972900748253
173376,0.942219316959
173378,0.138743594289
173380,0.239334598184
173382,0.915727496147
173383,0.94975912571
173384,0.671586811543
173385,0.848847031593
173386,0.378337800503
173387,0.82085442543
173390,0.390079855919
173392,0.829787671566
173393,0.578588545322
173394,0.858677685261
173395,0.921261072159
173399,0.789494276047
173400,0.553857386112
173401,0.901738405228
173402,0.817580640316
173404,0.672264635563
173405,0.955725491047
173407,0.892364084721
173408,0.488038688898
173411,0.65469866991
173412,0.753055155277
173413,0.607505977154
173414,0.85945302248
173417,0.861890256405
173421,0.895572781563
173423,0.645339369774
173427,0.923409461975
173428,0.281455785036
173429,0.462279766798
173433,0.740078389645
173434,0.612106740475
173435,0.504610180855
173437,0.605386316776
173438,0.72840487957
173442,0.845173001289
173443,0.896794617176
173445,0.971198320389
173446,0.843069255352
173449,0.512659668922
173450,0.636490345001
173451,0.809416890144
173452,0.971440136433
173453,0.949720084667
173456,0.855127573013
173459,0.350621908903
173464,0.751017868519
173465,0.884449601173
173470,0.879656910896
173472,0.715232789516
173473,0.847428321838
173476,0.773994684219
173481,0.437420189381
173482,0.726611018181
173483,0.952519416809
173484,0.893034815788
173489,0.377532869577
173491,0.971448659897
173497,0.113516673446
173498,0.631414413452
173499,0.856831908226
173501,0.594903469086
173502,0.939271450043
173503,0.390496969223
173504,0.845270574093
173505,0.951449453831
173507,0.595138728619
173509,0.587192237377
173510,0.827638447285
173513,0.92374330759
173515,0.773839116096
173516,0.90030926466
173517,0.742185354233
173519,0.368209451437
173520,0.820455610752
173521,0.939710855484
173523,0.400711029768
173524,0.980156898499
173526,0.73941141367
173529,0.539013087749
173530,0.949704289436
173532,0.977435648441
173533,0.951129436493
173535,0.922241866589
173536,0.946533620358
173539,0.964929938316
173541,0.246424049139
173542,0.901031792164
173543,0.909439563751
173544,0.842737317085
173545,0.822206377983
173546,0.750131726265
173547,0.969946563244
173548,0.892623245716
173549,0.375482559204
173550,0.953728199005
173551,0.328348636627
173552,0.923513174057
173555,0.819153428078
173556,0.871815860271
173558,0.782009661198
173559,0.955794751644
173560,0.778114795685
173561,0.905407428741
173563,0.803071916103
173567,0.989207148552
173569,0.921152234077
173570,0.888262033463
173572,0.937932252884
173574,0.776718139648
173575,0.535767912865
173577,0.635671496391
173579,0.87972086668
173580,0.918325722218
173581,0.901325762272
173587,0.935626029968
173589,0.725341320038
173590,0.868404984474
173591,0.641579687595
173592,0.926738202572
173595,0.92895001173
173597,0.822503209114
173598,0.6580119133
173599,0.813515067101
173600,0.563827693462
173601,0.767569482327
173605,0.771979629993
173606,0.43047735095
173607,0.893331050873
173611,0.820975840092
173613,0.902115702629
173615,0.865549504757
173616,0.940440714359
173617,0.96315652132
173618,0.907067775726
173620,0.518744885921
173622,0.725693941116
173623,0.902109503746
173628,0.940300285816
173629,0.864170968533
173630,0.417792409658
173631,0.937936007977
173632,0.891589045525
173633,0.689951896667
173634,0.917035102844
173635,0.991529107094
173642,0.937349915504
173645,0.91654253006
173646,0.914357483387
173647,0.952043652534
173649,0.891525030136
173651,0.818584442139
173652,0.866269826889
173656,0.347020983696
173657,0.852154433727
173658,0.783654093742
173659,0.939407587051
173660,0.540867388248
173661,0.98069947958
173663,0.972732186317
173665,0.938780665398
173671,0.766381382942
173672,0.710342764854
173673,0.567396581173
173675,0.988264679909
173676,0.732571184635
173677,0.764058113098
173678,0.767944991589
173679,0.967520296574
173681,0.758737623692
173688,0.908155739307
173691,0.970399856567
173694,0.439570635557
173696,0.963698148727
173697,0.756969451904
173701,0.727612197399
173703,0.96017563343
173705,0.880225598812
173706,0.536844432354
173707,0.737520515919
173709,0.895285189152
173714,0.993414402008
173717,0.92969506979
173718,0.946525216103
173719,0.975318849087
173725,0.463884085417
173727,0.862324893475
173729,0.96052724123
173730,0.546237647533
173732,0.804868936539
173734,0.770148336887
173735,0.622483253479
173737,0.852716088295
173738,0.800929367542
173739,0.942703902721
173742,0.895568847656
173744,0.91389477253
173746,0.820117413998
173747,0.751905441284
173751,0.660861670971
173753,0.652386665344
173757,0.901629269123
173758,0.941879928112
173760,0.792216837406
173765,0.915816187859
173767,0.657672524452
173768,0.964064538479
173769,0.917987644672
173770,0.681632697582
173771,0.949016034603
173772,0.914948880672
173774,0.602843105793
173776,0.573282182217
173778,0.711134016514
173780,0.425069332123
173781,0.282426029444
173782,0.910786449909
173784,0.821797549725
173788,0.935406029224
173795,0.909319341183
173798,0.994158625603
173801,0.698065459728
173803,0.559209287167
173804,0.888471186161
173807,0.572357535362
173809,0.893429219723
173810,0.882016479969
173816,0.9383020401
173817,0.567691028118
173820,0.887956917286
173821,0.826486587524
173823,0.869369745255
173825,0.937595188618
173828,0.794207572937
173829,0.82743281126
173836,0.706880569458
173837,0.788110554218
173839,0.800558388233
173840,0.914654970169
173842,0.739732384682
173847,0.91125369072
173848,0.669271469116
173849,0.541697263718
173850,0.984713852406
173851,0.6669049263
173852,0.0662248060107
173854,0.946768224239
173856,0.92439365387
173859,0.744261205196
173865,0.812227547169
173869,0.822243690491
173870,0.235684737563
173871,0.845793843269
173873,0.948172450066
173874,0.934011638165
173875,0.416020125151
173877,0.415926069021
173878,0.32998663187
173879,0.973291099072
173880,0.602275848389
173881,0.941808760166
173883,0.606685817242
173884,0.472154796124
173887,0.981042265892
173890,0.965690851212
173893,0.638404965401
173894,0.975813508034
173896,0.746271431446
173898,0.560204327106
173899,0.899652659893
173904,0.290025919676
173906,0.38705509901
173908,0.977161705494
173910,0.103156611323
173911,0.766087830067
173912,0.807305276394
173915,0.753388643265
173917,0.963510096073
173918,0.1563475281
173922,0.987549960613
173923,0.802508473396
173924,0.68564927578
173926,0.601953983307
173928,0.484309792519
173929,0.984439849854
173930,0.914736747742
173931,0.769918620586
173932,0.994808673859
173933,0.988029897213
173934,0.667989373207
173936,0.797217071056
173937,0.968351125717
173938,0.978401482105
173940,0.835809350014
173942,0.800022661686
173944,0.790425598621
173945,0.683104395866
173951,0.538010835648
173952,0.738732933998
173954,0.988346040249
173956,0.923366367817
173958,0.112426236272
173959,0.812437415123
173961,0.966817438602
173963,0.952547132969
173967,0.666766047478
173970,0.780527174473
173971,0.904013574123
173973,0.281076341867
173974,0.750935614109
173976,0.974396169186
173979,0.741594433784
173980,0.958078622818
173981,0.786912739277
173983,0.913420855999
173984,0.785706102848
173985,0.630118012428
173987,0.77955186367
173988,0.652492105961
173989,0.974850356579
173991,0.727152168751
173992,0.692330598831
173996,0.648112475872
174006,0.597873270512
174007,0.787383854389
174008,0.930870056152
174009,0.91400706768
174013,0.973807096481
174018,0.686309158802
174019,0.886296093464
174020,0.959585607052
174021,0.649167239666
174025,0.956285715103
174027,0.84796500206
174028,0.883751869202
174030,0.613248348236
174032,0.962522864342
174033,0.975789427757
174034,0.704367816448
174035,0.98950523138
174036,0.0816400498152
174038,0.944376051426
174039,0.839145421982
174040,0.776251614094
174043,0.860060334206
174044,0.699115514755
174048,0.0583532005548
174049,0.820577204227
174052,0.687900722027
174053,0.942419290543
174055,0.907146751881
174056,0.837479233742
174058,0.961563050747
174060,0.663336515427
174061,0.980101108551
174063,0.710798382759
174071,0.927826225758
174073,0.532077074051
174074,0.829778850079
174078,0.848495662212
174079,0.542219698429
174082,0.829146504402
174083,0.994793593884
174085,0.414906740189
174087,0.895032584667
174088,0.82191157341
174089,0.708441376686
174090,0.784810423851
174091,0.921593844891
174092,0.402422875166
174093,0.187189936638
174095,0.543618083
174098,0.857349276543
174100,0.926064074039
174101,0.857228279114
174102,0.867247998714
174103,0.525045633316
174104,0.611787974834
174107,0.976807296276
174108,0.680046260357
174109,0.835579574108
174111,0.842820525169
174112,0.743462264538
174113,0.599275946617
174115,0.691225290298
174117,0.91822218895
174120,0.435276925564
174121,0.953072011471
174122,0.672808229923
174123,0.855788826942
174124,0.830833673477
174126,0.872158765793
174127,0.983101308346
174128,0.936878502369
174131,0.986444413662
174132,0.949360489845
174134,0.780826926231
174136,0.651375889778
174137,0.8391289711
174138,0.950379133224
174142,0.334893912077
174143,0.532608270645
174148,0.261547118425
174149,0.795828521252
174150,0.821654617786
174151,0.891360580921
174154,0.878507316113
174155,0.947827100754
174156,0.846703588963
174166,0.981914699078
174170,0.916470170021
174171,0.359989762306
174173,0.888602077961
174174,0.968843877316
174175,0.698453426361
174176,0.579706192017
174181,0.949655592442
174188,0.635623514652
174189,0.706111550331
174190,0.916457414627
174193,0.907263994217
174196,0.695038557053
174200,0.479055255651
174201,0.948914349079
174203,0.988585889339
174204,0.711372375488
174207,0.955920517445
174209,0.451145619154
174210,0.983371675014
174211,0.242463871837
174212,0.965893447399
174214,0.960010588169
174215,0.902781248093
174216,0.982604086399
174217,0.936031341553
174219,0.719831228256
174220,0.785549938679
174221,0.858045399189
174225,0.665954291821
174226,0.716807663441
174227,0.912047922611
174228,0.803301692009
174229,0.949230790138
174230,0.434777706861
174231,0.611731350422
174233,0.622155249119
174236,0.944926857948
174238,0.774545192719
174241,0.597449600697
174243,0.966944932938
174244,0.969092845917
174246,0.764418244362
174249,0.760140776634
174252,0.829196989536
174254,0.727896153927
174256,0.832074403763
174257,0.829171657562
174259,0.871735155582
174262,0.888947486877
174266,0.692685604095
174269,0.98289424181
174270,0.862841784954
174275,0.322156727314
174276,0.39729142189
174279,0.969460308552
174282,0.911348044872
174283,0.951162219048
174285,0.623234212399
174286,0.671617984772
174288,0.875637054443
174289,0.780156910419
174291,0.908558189869
174292,0.959939837456
174294,0.74946051836
174295,0.553413212299
174298,0.244293928146
174301,0.668660283089
174303,0.738588213921
174306,0.440458029509
174310,0.65701508522
174317,0.952974438667
174318,0.81838208437
174320,0.408755332232
174321,0.382880151272
174322,0.551927804947
174323,0.983806490898
174328,0.876803576946
174331,0.610614717007
174333,0.945928990841
174335,0.905472934246
174336,0.534099042416
174340,0.766355335712
174346,0.711270570755
174347,0.462510794401
174348,0.896668195724
174350,0.824159026146
174352,0.916359424591
174353,0.983598947525
174354,0.405396312475
174355,0.876157224178
174357,0.530731081963
174361,0.870142698288
174362,0.842061460018
174364,0.941193163395
174369,0.755005955696
174370,0.849612474442
174375,0.764612972736
174376,0.920724928379
174379,0.749336957932
174380,0.847388088703
174381,0.98321723938
174383,0.661282420158
174384,0.845662951469
174385,0.808738350868
174386,0.845633327961
174387,0.807874679565
174388,0.709431052208
174391,0.874231219292
174392,0.627943456173
174393,0.815694570541
174395,0.832618832588
174396,0.863367140293
174398,0.849338233471
174402,0.751764476299
174404,0.791540026665
174405,0.571757018566
174406,0.700955033302
174408,0.96806794405
174414,0.330168396235
174415,0.713056743145
174420,0.662528395653
174421,0.976559698582
174423,0.94192302227
174424,0.973911583424
174430,0.596459507942
174431,0.664096772671
174432,0.928325772285
174433,0.778702735901
174436,0.846895456314
174440,0.982878923416
174441,0.556351065636
174442,0.882708013058
174443,0.871340334415
174444,0.854307174683
174445,0.85229331255
174446,0.988240242004
174447,0.963969349861
174449,0.901354432106
174451,0.914451539516
174453,0.738615036011
174458,0.805216908455
174459,0.929653942585
174462,0.808572590351
174465,0.810478568077
174466,0.579624354839
174468,0.735936880112
174469,0.819694638252
174473,0.568860173225
174475,0.90214163065
174477,0.978660047054
174479,0.976307272911
174486,0.0540708489716
174488,0.937058329582
174493,0.700452625751
174495,0.958737254143
174496,0.953375399113
174499,0.882607758045
174503,0.899113953114
174508,0.859039187431
174509,0.827614486217
174511,0.858214199543
174513,0.644162416458
174516,0.957922518253
174519,0.836826980114
174520,0.881178915501
174521,0.940543651581
174522,0.26722279191
174526,0.925394833088
174527,0.811156392097
174528,0.984403610229
174530,0.175016269088
174531,0.874287188053
174535,0.95023393631
174537,0.810852825642
174539,0.782378971577
174541,0.886149346828
174542,0.929944992065
174544,0.892385184765
174545,0.648946285248
174546,0.800503313541
174547,0.98503947258
174550,0.952722132206
174551,0.799543082714
174553,0.959332227707
174555,0.940508008003
174557,0.48531922698
174560,0.872597575188
174562,0.590638875961
174563,0.909261643887
174565,0.879161536694
174568,0.940404236317
174569,0.820844590664
174570,0.78045630455
174571,0.899004876614
174572,0.949753642082
174574,0.667912244797
174576,0.93608802557
174577,0.972768962383
174581,0.919575631618
174582,0.697643637657
174584,0.70068615675
174585,0.894974529743
174590,0.733938157558
174592,0.670594990253
174594,0.764942169189
174596,0.958989500999
174597,0.737107038498
174602,0.955903947353
174604,0.615858733654
174606,0.791740655899
174607,0.854652643204
174608,0.911753773689
174609,0.918817996979
174611,0.850858747959
174612,0.67230963707
174613,0.744176447392
174614,0.339599788189
174615,0.435232847929
174616,0.946244418621
174620,0.682714879513
174622,0.778809189796
174623,0.907771348953
174624,0.471268206835
174625,0.884984314442
174628,0.801185846329
174632,0.816033899784
174634,0.880843102932
174635,0.880067288876
174638,0.828617334366
174639,0.859754443169
174640,0.642229557037
174643,0.914137661457
174645,0.653387367725
174646,0.81719994545
174647,0.898756623268
174649,0.95666718483
174655,0.711425542831
174656,0.568939208984
174658,0.975995242596
174660,0.848496496677
174662,0.937774837017
174663,0.545899569988
174665,0.909376382828
174671,0.726383626461
174672,0.905781686306
174673,0.871818482876
174674,0.910361588001
174676,0.777994692326
174678,0.537732481956
174679,0.0716766119003
174680,0.740716218948
174682,0.931796312332
174683,0.9870647192
174685,0.809529602528
174686,0.950121104717
174687,0.965458333492
174688,0.495954364538
174690,0.636356770992
174691,0.694287598133
174693,0.677789986134
174694,0.884221196175
174697,0.82320523262
174698,0.0661261901259
174699,0.835992872715
174705,0.920266985893
174706,0.881899774075
174710,0.823269248009
174711,0.850404381752
174713,0.922716736794
174715,0.714546740055
174720,0.899144947529
174721,0.401529192924
174722,0.831207633018
174723,0.687202215195
174726,0.943300366402
174728,0.974444210529
174734,0.947267651558
174735,0.864046752453
174737,0.698520898819
174739,0.991450250149
174740,0.624609947205
174741,0.643595159054
174742,0.823564350605
174743,0.954705774784
174746,0.701628386974
174749,0.980887889862
174751,0.921441495419
174752,0.970860242844
174753,0.787144482136
174754,0.878121256828
174756,0.872216463089
174757,0.914271950722
174760,0.8906006217
174766,0.361423254013
174769,0.828951179981
174775,0.759520173073
174776,0.747696220875
174777,0.975739479065
174779,0.977100610733
174780,0.666352629662
174781,0.275215506554
174782,0.762561738491
174783,0.694545149803
174786,0.761275529861
174796,0.650640130043
174798,0.980558931828
174799,0.903032243252
174800,0.753961384296
174801,0.910758852959
174802,0.755868434906
174803,0.535614013672
174806,0.784733057022
174808,0.634253621101
174809,0.979331076145
174817,0.882928013802
174818,0.629029333591
174819,0.634222745895
174821,0.97354388237
174822,0.925646543503
174824,0.882660448551
174826,0.821444451809
174828,0.66557008028
174829,0.528256714344
174830,0.987510561943
174832,0.558914005756
174833,0.950596570969
174834,0.633912682533
174836,0.764478087425
174837,0.064818367362
174840,0.813358902931
174841,0.718166053295
174842,0.950282037258
174843,0.546543300152
174844,0.906518936157
174847,0.944913566113
174848,0.737194538116
174849,0.766344964504
174850,0.890773832798
174852,0.698513567448
174854,0.191020399332
174855,0.332611948252
174856,0.704585075378
174859,0.110419951379
174862,0.884106099606
174865,0.404330432415
174866,0.682624578476
174868,0.258302986622
174870,0.831707179546
174875,0.941172361374
174876,0.536232709885
174877,0.95926296711
174879,0.552752673626
174880,0.910558521748
174881,0.953639626503
174882,0.618103861809
174884,0.693584144115
174887,0.911875963211
174888,0.619501531124
174892,0.942075431347
174894,0.867574393749
174895,0.480783581734
174896,0.660101890564
174897,0.623761713505
174898,0.11559343338
174899,0.907800853252
174900,0.688179850578
174902,0.960075318813
174903,0.626612365246
174904,0.312853306532
174905,0.13278581202
174906,0.323717832565
174907,0.700268626213
174908,0.753892183304
174911,0.756123363972
174915,0.0876271054149
174917,0.958056747913
174921,0.829409658909
174924,0.78649944067
174925,0.807914078236
174927,0.957653045654
174928,0.907568156719
174929,0.781877875328
174931,0.824109137058
174934,0.84953057766
174936,0.837132692337
174938,0.903426647186
174940,0.849633276463
174943,0.981798827648
174945,0.60680180788
174946,0.973785698414
174949,0.590940535069
174950,0.448491483927
174952,0.467538952827
174954,0.981559216976
174955,0.636865496635
174956,0.81853312254
174957,0.909394741058
174958,0.688564002514
174959,0.981700241566
174961,0.355750858784
174963,0.687416911125
174965,0.948657333851
174966,0.788044154644
174971,0.848989009857
174972,0.863268315792
174973,0.74112701416
174974,0.900174200535
174978,0.895713448524
174981,0.967996776104
174984,0.678872287273
174987,0.744238853455
174990,0.948910295963
174991,0.866729795933
174995,0.979700684547
175000,0.952572107315
175001,0.701711773872
175003,0.841064989567
175004,0.342872917652
175005,0.518343687057
175009,0.720688164234
175017,0.663336396217
175019,0.771686136723
175020,0.627421498299
175021,0.519325852394
175022,0.842608392239
175024,0.747534692287
175025,0.576278984547
175026,0.905872821808
175028,0.854960620403
175029,0.892532527447
175030,0.601540625095
175031,0.841692149639
175032,0.986756801605
175033,0.779709160328
175035,0.65322637558
175036,0.941974282265
175041,0.856661200523
175042,0.969391047955
175043,0.820269525051
175044,0.476858258247
175045,0.679570019245
175046,0.880835413933
175048,0.91580581665
175049,0.762089550495
175050,0.697570681572
175051,0.842603981495
175052,0.982933819294
175055,0.794904768467
175056,0.651004076004
175058,0.730743348598
175059,0.978244364262
175061,0.925830125809
175063,0.575051367283
175064,0.967259466648
175068,0.859283387661
175069,0.981595158577
175070,0.910733938217
175071,0.972342967987
175072,0.902221262455
175073,0.81238847971
175077,0.495348960161
175079,0.859712064266
175080,0.223204165697
175081,0.987812459469
175084,0.673576891422
175085,0.839815497398
175090,0.86920851469
175094,0.653691589832
175096,0.469982683659
175097,0.902979075909
175098,0.916583418846
175104,0.914004504681
175105,0.742296755314
175107,0.879775822163
175119,0.933609247208
175120,0.882206320763
175121,0.903274357319
175124,0.910187959671
175126,0.857481539249
175127,0.728552162647
175128,0.793586373329
175129,0.573629438877
175132,0.778389155865
175133,0.816457688808
175134,0.232634052634
175136,0.979401469231
175137,0.861370563507
175139,0.83859205246
175143,0.917812526226
175144,0.732872366905
175145,0.899960756302
175146,0.967994332314
175147,0.956223487854
175148,0.724821567535
175149,0.962063848972
175153,0.77465480566
175154,0.827847063541
175155,0.872223734856
175160,0.979653477669
175161,0.94325953722
175162,0.952324986458
175165,0.887134373188
175170,0.521017551422
175172,0.900760352612
175175,0.728850722313
175176,0.78545999527
175177,0.786286592484
175178,0.635569453239
175180,0.692167520523
175182,0.90391266346
175188,0.412762463093
175190,0.970023155212
175192,0.478257060051
175193,0.989189624786
175197,0.865722596645
175198,0.936361193657
175202,0.918098211288
175203,0.898477852345
175204,0.7935962677
175208,0.914756298065
175210,0.863926947117
175213,0.925839304924
175216,0.962624490261
175218,0.640698730946
175219,0.759280383587
175221,0.79589343071
175223,0.761027216911
175225,0.925475418568
175226,0.543773293495
175229,0.516130745411
175230,0.483442664146
175231,0.413528442383
175234,0.5665807724
175237,0.613954901695
175238,0.753224253654
175241,0.216817349195
175242,0.945070028305
175243,0.902001440525
175247,0.844249308109
175248,0.95077508688
175249,0.814003825188
175250,0.913908421993
175253,0.793978333473
175254,0.971131443977
175255,0.907881677151
175257,0.717527747154
175259,0.862316966057
175260,0.664027094841
175263,0.864847540855
175266,0.972460210323
175267,0.735618054867
175268,0.961355566978
175270,0.669114351273
175271,0.808049142361
175274,0.64536601305
175277,0.887225806713
175278,0.882116138935
175281,0.992533683777
175283,0.877356052399
175285,0.408903032541
175286,0.758401811123
175289,0.739409148693
175291,0.715773999691
175292,0.878783524036
175293,0.982991099358
175295,0.813670992851
175297,0.962755024433
175298,0.905605971813
175303,0.84920334816
175304,0.892323493958
175306,0.884442389011
175307,0.0878268405795
175310,0.66731762886
175312,0.699320912361
175313,0.9909273386
175314,0.979466915131
175315,0.969650685787
175316,0.689978122711
175318,0.534282624722
175319,0.89498436451
175321,0.91690993309
175322,0.948688924313
175328,0.974281907082
175329,0.958202302456
175331,0.722450733185
175333,0.623364925385
175334,0.705036461353
175336,0.89690798521
175337,0.771934986115
175340,0.635417580605
175342,0.944186925888
175344,0.491993010044
175346,0.703370094299
175350,0.924843609333
175352,0.973829269409
175353,0.445811718702
175355,0.94609105587
175356,0.977909326553
175357,0.898264586926
175362,0.919008255005
175363,0.817727744579
175364,0.12075906992
175365,0.648318827152
175369,0.81717634201
175370,0.956151306629
175371,0.869146585464
175373,0.690159022808
175374,0.930860638618
175377,0.973464548588
175379,0.726294338703
175380,0.531703710556
175381,0.873081922531
175385,0.714609980583
175387,0.684621453285
175388,0.509210526943
175389,0.812252402306
175390,0.627917230129
175395,0.952485561371
175396,0.699804067612
175398,0.931544244289
175399,0.912913203239
175402,0.944313943386
175403,0.447764784098
175405,0.907436013222
175407,0.305982530117
175410,0.773036718369
175411,0.74979352951
175413,0.932312130928
175420,0.798218369484
175423,0.980086684227
175424,0.920239686966
175425,0.816275060177
175427,0.298701643944
175429,0.799332201481
175432,0.686205029488
175434,0.72696274519
175435,0.329900294542
175437,0.923329293728
175439,0.823119044304
175440,0.797260701656
175442,0.349603831768
175443,0.860668063164
175448,0.718326628208
175449,0.937624454498
175451,0.516734957695
175453,0.616624653339
175454,0.932664752007
175456,0.900460600853
175461,0.597703456879
175464,0.572403907776
175465,0.734928607941
175468,0.886260032654
175470,0.793631136417
175475,0.733996331692
175476,0.672774970531
175478,0.531868994236
175480,0.966741800308
175482,0.659939467907
175485,0.748550057411
175486,0.710407316685
175487,0.797444403172
175488,0.904395103455
175490,0.798421561718
175491,0.916599035263
175492,0.744334459305
175494,0.829477906227
175495,0.903333544731
175497,0.830713629723
175500,0.87588095665
175502,0.961832225323
175503,0.816871583462
175507,0.952682435513
175509,0.984755694866
175512,0.972684025764
175513,0.976677954197
175514,0.781273245811
175515,0.797048270702
175516,0.632257521152
175518,0.980788528919
175519,0.75051856041
175521,0.747277140617
175522,0.916522622108
175523,0.97928416729
175528,0.939882338047
175530,0.820608496666
175531,0.565787196159
175533,0.783657312393
175535,0.805517435074
175537,0.870556712151
175543,0.920258700848
175544,0.788822054863
175545,0.927149653435
175546,0.773025393486
175549,0.958879113197
175550,0.915046393871
175554,0.976201295853
175556,0.968838870525
175558,0.796286642551
175559,0.963638365269
175562,0.86132389307
175563,0.81450855732
175564,0.977297067642
175565,0.347297012806
175575,0.843234598637
175578,0.851547002792
175579,0.953054666519
175583,0.474637806416
175585,0.961149156094
175589,0.640325367451
175590,0.851231575012
175592,0.782840251923
175593,0.961235821247
175594,0.54762339592
175597,0.728760778904
175600,0.663428008556
175601,0.98463177681
175604,0.451051741838
175605,0.951988101006
175606,0.846241831779
175612,0.973795473576
175613,0.844549953938
175614,0.628592371941
175620,0.664062440395
175621,0.326758146286
175622,0.960679113865
175625,0.94896954298
175626,0.89874958992
175627,0.954453527927
175628,0.97816580534
175631,0.940207958221
175632,0.849939525127
175636,0.918534576893
175638,0.84203183651
175639,0.72689718008
175644,0.553946733475
175646,0.604781746864
175648,0.807398676872
175649,0.777386665344
175651,0.80003786087
175654,0.895849764347
175658,0.883349061012
175659,0.939596951008
175664,0.98040086031
175665,0.734846055508
175666,0.885760486126
175667,0.852603912354
175674,0.973126590252
175675,0.295012295246
175677,0.555661141872
175679,0.978643715382
175680,0.612601220608
175681,0.919812917709
175682,0.983726620674
175683,0.97478300333
175684,0.55956941843
175689,0.603899419308
175692,0.652861595154
175697,0.786323964596
175698,0.863141238689
175707,0.833819389343
175709,0.733014166355
175710,0.941917300224
175712,0.742461144924
175713,0.95133805275
175716,0.830531001091
175718,0.933153450489
175719,0.937189280987
175721,0.825156450272
175722,0.458347290754
175724,0.854785621166
175725,0.793536067009
175729,0.79302752018
175731,0.195644319057
175733,0.718778252602
175734,0.801279187202
175735,0.882379591465
175738,0.902061283588
175739,0.81758928299
175741,0.777175724506
175742,0.804727196693
175746,0.981145918369
175747,0.559202194214
175750,0.982656598091
175752,0.542734622955
175755,0.973851323128
175757,0.795152008533
175758,0.831688821316
175768,0.963440299034
175769,0.812966108322
175770,0.966863334179
175771,0.874092936516
175774,0.856296777725
175775,0.98612010479
175777,0.828413367271
175779,0.834576010704
175781,0.767392158508
175785,0.742414593697
175786,0.735208332539
175788,0.599143087864
175790,0.805354595184
175792,0.863105237484
175793,0.901411235332
175794,0.959769845009
175795,0.752810001373
175801,0.498999804258
175802,0.603949368
175804,0.687755048275
175807,0.927123725414
175809,0.914929330349
175810,0.912177324295
175812,0.763228476048
175814,0.88686388731
175816,0.871621847153
175817,0.886166870594
175819,0.570243597031
175820,0.921711504459
175822,0.886764347553
175824,0.63792848587
175825,0.974692583084
175826,0.634054601192
175828,0.919039130211
175830,0.903305530548
175831,0.963347554207
175832,0.645206451416
175833,0.927232325077
175834,0.688127636909
175836,0.812887907028
175838,0.885663628578
175839,0.270049422979
175843,0.616373717785
175847,0.947518825531
175848,0.720909655094
175850,0.982125997543
175851,0.766247212887
175852,0.917373776436
175853,0.416516035795
175856,0.834174394608
175860,0.473782390356
175861,0.834949970245
175863,0.923085212708
175865,0.966676414013
175866,0.904480516911
175867,0.839383721352
175869,0.841066479683
175872,0.528048396111
175876,0.723413169384
175877,0.525804340839
175879,0.875302791595
175880,0.918764472008
175882,0.603259921074
175885,0.823172390461
175886,0.834763467312
175887,0.768322765827
175888,0.979256272316
175889,0.280304908752
175890,0.967370033264
175891,0.856352686882
175892,0.944757223129
175895,0.878871262074
175896,0.386111438274
175901,0.667966723442
175904,0.917701661587
175905,0.933174908161
175908,0.76371639967
175909,0.947484374046
175910,0.777341187
175911,0.912519931793
175912,0.89351183176
175913,0.574367046356
175914,0.878680050373
175915,0.804420590401
175921,0.513579547405
175922,0.829595685005
175925,0.57946407795
175928,0.918242275715
175930,0.92800372839
175933,0.645829498768
175937,0.978982925415
175940,0.900641560555
175941,0.783151626587
175942,0.16757312417
175943,0.423241853714
175945,0.850720703602
175947,0.91853004694
175949,0.923188507557
175950,0.754976332188
175951,0.98820155859
175952,0.905170738697
175953,0.825507164001
175954,0.832878410816
175955,0.907200992107
175957,0.810218214989
175960,0.691171526909
175961,0.768934369087
175963,0.708503365517
175965,0.741474747658
175967,0.955916404724
175968,0.848237037659
175969,0.863364934921
175971,0.403215795755
175972,0.810067117214
175978,0.904680252075
175981,0.799509644508
175985,0.852374434471
175987,0.705642044544
175989,0.852098584175
175990,0.962044775486
175992,0.075547285378
175993,0.955469310284
175996,0.516041457653
176001,0.87788361311
176003,0.777309954166
176004,0.860905766487
176005,0.97427123785
176006,0.676391124725
176008,0.978581249714
176009,0.928900301456
176010,0.722425937653
176012,0.799016475677
176013,0.936645448208
176018,0.552457809448
176023,0.940226852894
176025,0.954214215279
176027,0.782016336918
176029,0.932491242886
176030,0.547024786472
176031,0.926783442497
176032,0.841878831387
176033,0.472178608179
176034,0.815973341465
176036,0.981388449669
176037,0.578364312649
176040,0.8609354496
176044,0.851043760777
176045,0.921962559223
176046,0.821791112423
176047,0.715961873531
176048,0.699114620686
176051,0.540129601955
176052,0.816771686077
176053,0.90876698494
176055,0.683252155781
176057,0.823165774345
176060,0.502944767475
176064,0.925634205341
176065,0.950899779797
176070,0.906194388866
176071,0.903706729412
176072,0.819064736366
176073,0.765822410583
176075,0.925059020519
176077,0.734456598759
176079,0.942471623421
176080,0.921693503857
176082,0.833740115166
176085,0.925719678402
176088,0.915232360363
176090,0.878957629204
176092,0.806466937065
176094,0.739013433456
176096,0.817828714848
176101,0.937582492828
176104,0.843824088573
176107,0.933150708675
176109,0.868095099926
176112,0.892805933952
176113,0.83669257164
176118,0.724480807781
176119,0.745569467545
176120,0.858714640141
176121,0.743459224701
176122,0.918104588985
176125,0.67446243763
176126,0.720752418041
176130,0.486452579498
176131,0.957885682583
176134,0.959954202175
176135,0.937887370586
176136,0.662822544575
176138,0.75854486227
176141,0.0946715697646
176142,0.723994016647
176143,0.975449502468
176145,0.94129961729
176149,0.49582695961
176150,0.890702605247
176151,0.98944246769
176153,0.542873501778
176156,0.444616347551
176157,0.92673933506
176158,0.845948338509
176159,0.79864937067
176161,0.878547132015
176162,0.693081498146
176163,0.673452675343
176166,0.771281719208
176167,0.36989697814
176168,0.928011000156
176171,0.969115555286
176172,0.887163579464
176174,0.539055466652
176175,0.774809062481
176176,0.573479712009
176177,0.795336186886
176179,0.760999858379
176180,0.606718361378
176182,0.982879042625
176183,0.0962119102478
176188,0.825867772102
176189,0.979539752007
176191,0.59690362215
176193,0.995077848434
176194,0.700734734535
176195,0.872396409512
176196,0.572360694408
176198,0.233942046762
176200,0.893164396286
176201,0.0900039896369
176203,0.833236813545
176208,0.795765936375
176210,0.825609445572
176213,0.523068130016
176215,0.491440147161
176218,0.470627516508
176221,0.606474399567
176223,0.432984381914
176224,0.529706656933
176225,0.914286136627
176226,0.24445874989
176228,0.405632406473
176229,0.673086643219
176231,0.624016344547
176232,0.723278701305
176233,0.936767816544
176234,0.587908506393
176237,0.760884523392
176239,0.643049895763
176240,0.580775082111
176243,0.938076138496
176245,0.769387364388
176247,0.59605640173
176250,0.945919930935
176254,0.855869472027
176260,0.916390478611
176261,0.966410458088
176262,0.977533400059
176263,0.938171088696
176264,0.862620413303
176266,0.939986944199
176269,0.957610547543
176273,0.938319385052
176274,0.663121759892
176276,0.704680919647
176280,0.967754483223
176281,0.539850950241
176283,0.838176190853
176285,0.5604429245
176286,0.512339472771
176289,0.848860263824
176291,0.849430799484
176292,0.336846530437
176297,0.589420795441
176298,0.786705255508
176299,0.739748954773
176300,0.616908788681
176301,0.984075367451
176302,0.912301242352
176303,0.956352293491
176306,0.869908511639
176307,0.769516468048
176308,0.953731238842
176310,0.905120313168
176316,0.877910256386
176318,0.246050745249
176319,0.988261282444
176320,0.813467979431
176321,0.819769203663
176324,0.688353002071
176330,0.515254080296
176331,0.916508615017
176333,0.0513305403292
176335,0.988172352314
176337,0.835168540478
176338,0.621193706989
176341,0.949552595615
176342,0.890995621681
176343,0.815216183662
176345,0.885215640068
176346,0.860373914242
176348,0.738501667976
176349,0.596473574638
176351,0.709248960018
176352,0.964038491249
176354,0.960293889046
176357,0.978675663471
176360,0.933533847332
176366,0.111758053303
176367,0.747388243675
176369,0.835307657719
176373,0.918759644032
176374,0.476009577513
176375,0.94534611702
176378,0.669274568558
176379,0.845592975616
176380,0.943595588207
176384,0.435573905706
176387,0.837980806828
176389,0.903974354267
176392,0.800391435623
176395,0.934688866138
176399,0.976878166199
176402,0.940267920494
176407,0.918954193592
176410,0.490064799786
176411,0.717711806297
176412,0.65913438797
176414,0.950535833836
176415,0.961964905262
176416,0.766521155834
176418,0.915960073471
176420,0.972182631493
176422,0.806170284748
176426,0.430533826351
176427,0.90532630682
176429,0.929682075977
176431,0.511302828789
176432,0.958314299583
176433,0.932643949986
176434,0.473323792219
176440,0.907545208931
176445,0.954844117165
176446,0.948145151138
176448,0.800750911236
176451,0.962451398373
176452,0.909483373165
176455,0.851490795612
176456,0.947859764099
176458,0.94016212225
176459,0.775312185287
176461,0.498552769423
176465,0.644697964191
176467,0.641576528549
176469,0.87268859148
176474,0.132821202278
176475,0.815640628338
176476,0.990964174271
176477,0.978978931904
176478,0.924218654633
176479,0.830191552639
176480,0.906943976879
176481,0.841208934784
176482,0.882879137993
176486,0.672474622726
176488,0.791131019592
176489,0.472869902849
176491,0.489244580269
176492,0.73572987318
176493,0.901557743549
176494,0.651725590229
176495,0.859089374542
176496,0.829238474369
176498,0.568910300732
176500,0.826571524143
176501,0.961974918842
176502,0.591828644276
176504,0.901402235031
176508,0.771588921547
176511,0.934539914131
176512,0.861758053303
176513,0.737154603004
176515,0.322336554527
176517,0.443418204784
176518,0.856576442719
176521,0.608701467514
176522,0.692525207996
176528,0.474484711885
176530,0.721623063087
176533,0.947169244289
176536,0.6502404809
176539,0.67665708065
176540,0.754290699959
176541,0.990234375
176542,0.978276789188
176549,0.846324086189
176552,0.968351364136
176553,0.960794687271
176555,0.898732960224
176558,0.722086668015
176561,0.769034087658
176562,0.535020947456
176563,0.929849326611
176565,0.93941116333
176567,0.85462731123
176569,0.928750395775
176570,0.671594202518
176572,0.909515142441
176573,0.806014597416
176574,0.642618298531
176575,0.181595504284
176576,0.841724157333
176578,0.779885590076
176580,0.902795493603
176582,0.844216406345
176590,0.981608450413
176594,0.745503485203
176598,0.655880272388
176599,0.889343500137
176601,0.850854516029
176603,0.966092467308
176604,0.946608185768
176605,0.593207299709
176606,0.664245665073
176608,0.643612086773
176610,0.798852562904
176612,0.940485715866
176613,0.89527875185
176614,0.707965314388
176615,0.910510420799
176616,0.50975894928
176621,0.849282503128
176625,0.833018362522
176628,0.681540071964
176629,0.633111000061
176633,0.273520708084
176636,0.720978677273
176638,0.790400922298
176642,0.861959397793
176644,0.871766865253
176647,0.949000597
176648,0.978596448898
176652,0.421814829111
176653,0.931569993496
176654,0.447901338339
176657,0.670440137386
176659,0.879138350487
176660,0.597082734108
176663,0.598911762238
176668,0.128484815359
176670,0.760056197643
176672,0.707080006599
176674,0.279400199652
176681,0.71528929472
176683,0.664035022259
176685,0.424227923155
176686,0.900704145432
176687,0.972566068172
176689,0.524616837502
176692,0.756320059299
176693,0.670176684856
176694,0.816678643227
176696,0.987514317036
176698,0.650121212006
176699,0.985763728619
176701,0.667482554913
176703,0.933644890785
176704,0.779248595238
176707,0.523866832256
176708,0.880689620972
176712,0.910929858685
176716,0.813592255116
176719,0.688650488853
176720,0.723763465881
176721,0.959222972393
176722,0.681007385254
176723,0.83298766613
176726,0.726647555828
176730,0.727391004562
176731,0.9166187644
176737,0.398058503866
176738,0.487969011068
176739,0.980634450912
176743,0.832408368587
176745,0.932568669319
176747,0.880502700806
176750,0.534936606884
176751,0.784446001053
176752,0.934119999409
176754,0.832693397999
176755,0.973258137703
176758,0.866675019264
176761,0.979424715042
176765,0.77273106575
176766,0.749023258686
176768,0.547566771507
176770,0.840442121029
176771,0.850685954094
176773,0.807797729969
176775,0.555516660213
176779,0.727767705917
176784,0.83979088068
176785,0.900878071785
176787,0.566392123699
176789,0.912135958672
176790,0.927823066711
176791,0.486131548882
176792,0.959171175957
176794,0.858935058117
176795,0.786927759647
176798,0.85840690136
176800,0.723241508007
176804,0.831653535366
176805,0.748000502586
176806,0.740127027035
176808,0.930382192135
176810,0.472439944744
176811,0.355346143246
176812,0.547096729279
176813,0.974343657494
176814,0.662233769894
176819,0.817851483822
176823,0.847843885422
176826,0.845370173454
176828,0.795984327793
176829,0.856934666634
176830,0.309594839811
176832,0.957777798176
176834,0.960739791393
176840,0.9618486166
176841,0.984599411488
176847,0.947009265423
176848,0.784851253033
176849,0.884277164936
176851,0.865805089474
176852,0.954542338848
176853,0.81116527319
176855,0.922034561634
176857,0.379961580038
176859,0.412370383739
176860,0.956890583038
176862,0.687773108482
176868,0.837646365166
176869,0.985980987549
176870,0.727381765842
176871,0.992675364017
176874,0.61079531908
176875,0.949036300182
176877,0.832357525826
176878,0.868131935596
176879,0.917169868946
176881,0.84455537796
176884,0.850254833698
176891,0.913126885891
176892,0.930064320564
176894,0.716364920139
176895,0.933046638966
176901,0.916432797909
176903,0.953221142292
176904,0.908194959164
176906,0.985966861248
176907,0.959992468357
176911,0.791653871536
176912,0.827131688595
176913,0.980924248695
176914,0.875473618507
176915,0.776411831379
176916,0.940099656582
176917,0.64043533802
176919,0.725086987019
176920,0.780671000481
176922,0.847490608692
176925,0.923922359943
176933,0.528396904469
176936,0.807672679424
176939,0.375102072954
176941,0.915412843227
176942,0.754601955414
176947,0.824775457382
176948,0.723444461823
176950,0.773123919964
176955,0.890154540539
176956,0.883715093136
176959,0.936634361744
176960,0.888396143913
176961,0.593616068363
176963,0.868809640408
176965,0.882899820805
176972,0.500344395638
176973,0.916737556458
176975,0.949003577232
176977,0.993047893047
176978,0.688189208508
176979,0.950363874435
176980,0.924424409866
176982,0.769096910954
176983,0.570857584476
176986,0.640852928162
176988,0.592798769474
176989,0.719269692898
176992,0.764592409134
176994,0.80665820837
176997,0.801225304604
176998,0.721595168114
177003,0.576966941357
177006,0.829629600048
177007,0.745145499706
177008,0.511474490166
177009,0.717113494873
177012,0.85365664959
177014,0.91613805294
177016,0.877691626549
177018,0.784497261047
177019,0.861655116081
177020,0.403135806322
177021,0.984646916389
177022,0.723600208759
177027,0.933066010475
177030,0.699982941151
177032,0.916331768036
177034,0.326748907566
177035,0.73523658514
177036,0.836774528027
177037,0.755734682083
177039,0.735209286213
177042,0.927294373512
177046,0.759844243526
177047,0.811818659306
177053,0.724865615368
177054,0.592372953892
177055,0.914205014706
177057,0.807508170605
177059,0.411967456341
177062,0.633629202843
177063,0.736753582954
177064,0.851130783558
177066,0.706389188766
177067,0.494156658649
177068,0.709702670574
177070,0.746787309647
177072,0.9419080019
177073,0.797616779804
177074,0.892953336239
177077,0.849010050297
177078,0.988012433052
177079,0.910294353962
177080,0.834829747677
177081,0.849294900894
177085,0.762326776981
177086,0.887318491936
177087,0.59892821312
177090,0.624581515789
177092,0.879270553589
177093,0.978826165199
177096,0.954988777637
177097,0.800937235355
177099,0.805533826351
177100,0.89041864872
177101,0.611886441708
177102,0.690211236477
177103,0.864575684071
177105,0.270569890738
177107,0.917392551899
177109,0.760691106319
177111,0.599445044994
177113,0.726584792137
177115,0.673586070538
177118,0.923983752728
177119,0.547948002815
177120,0.829232633114
177122,0.420601069927
177123,0.810161650181
177125,0.639156460762
177127,0.678890228271
177128,0.558398485184
177130,0.948405861855
177131,0.805976092815
177132,0.871545016766
177137,0.906633377075
177138,0.72572606802
177140,0.816027224064
177143,0.964462459087
177146,0.973314344883
177147,0.791323006153
177149,0.336963713169
177153,0.881785750389
177156,0.963169276714
177159,0.516824901104
177160,0.987539410591
177161,0.873782932758
177166,0.604371190071
177170,0.980783164501
177171,0.942695319653
177173,0.963078796864
177175,0.956878483295
177178,0.790059447289
177180,0.691195964813
177181,0.700269818306
177183,0.803798615932
177186,0.704020261765
177187,0.796228945255
177191,0.533412396908
177194,0.903925359249
177195,0.866233885288
177198,0.565319657326
177199,0.878503918648
177201,0.716839909554
177202,0.593872070312
177203,0.094810128212
177204,0.889010131359
177205,0.841450810432
177206,0.503762543201
177207,0.98812776804
177209,0.979516625404
177211,0.764769077301
177212,0.812604188919
177213,0.937895536423
177214,0.417856752872
177215,0.90288823843
177216,0.567951381207
177218,0.911556005478
177222,0.699387669563
177224,0.736811816692
177226,0.469022810459
177228,0.857527554035
177229,0.881807863712
177230,0.772441327572
177232,0.844115316868
177233,0.672192513943
177234,0.880055010319
177236,0.73658233881
177237,0.908238708973
177238,0.941648185253
177242,0.958988249302
177243,0.732484340668
177248,0.977491140366
177250,0.644742429256
177252,0.880909979343
177253,0.544938147068
177255,0.990578174591
177257,0.73025316
177258,0.527030229568
177260,0.9195920825
177261,0.927068412304
177262,0.841291308403
177263,0.94220072031
177264,0.8201649189
177265,0.295513957739
177269,0.912526786327
177271,0.747768163681
177273,0.990086615086
177275,0.880407869816
177276,0.91943615675
177277,0.722164928913
177281,0.928787589073
177284,0.985825479031
177286,0.383600860834
177287,0.984466314316
177288,0.779459893703
177294,0.808577299118
177295,0.987710773945
177296,0.57926684618
177297,0.372010320425
177299,0.978623986244
177300,0.929041564465
177303,0.972881019115
177304,0.904455900192
177306,0.830354869366
177308,0.958813428879
177309,0.831021606922
177310,0.902097284794
177313,0.902125597
177314,0.833530187607
177315,0.563985466957
177317,0.827668428421
177319,0.859328389168
177320,0.862298309803
177321,0.671938598156
177323,0.155508264899
177324,0.47584182024
177327,0.65147459507
177328,0.962517857552
177330,0.762456297874
177333,0.761774897575
177335,0.9577678442
177336,0.691459834576
177338,0.96533793211
177339,0.976464927197
177341,0.961088240147
177343,0.852258622646
177344,0.981630086899
177345,0.86732250452
177346,0.734420835972
177347,0.611948013306
177351,0.729530453682
177352,0.618601799011
177353,0.954227268696
177354,0.858265578747
177356,0.915204823017
177359,0.54695045948
177361,0.631949901581
177362,0.701342880726
177363,0.624537348747
177365,0.980461597443
177366,0.862686216831
177367,0.557520985603
177369,0.801420211792
177370,0.52772629261
177371,0.778560340405
177372,0.580747723579
177373,0.875722527504
177376,0.956624865532
177380,0.975968003273
177383,0.832982540131
177384,0.660762965679
177387,0.182748883963
177389,0.542204558849
177390,0.954154849052
177391,0.793633878231
177392,0.821503520012
177393,0.659437000751
177394,0.470499753952
177395,0.701877355576
177396,0.985788285732
177400,0.885341703892
177401,0.632092416286
177402,0.988514840603
177403,0.695773899555
177404,0.984767019749
177405,0.574845671654
177406,0.677742421627
177407,0.95009291172
177408,0.814126193523
177413,0.90339589119
177415,0.833494603634
177416,0.361227154732
177418,0.459138035774
177420,0.778610289097
177421,0.499244749546
177422,0.624007642269
177423,0.888998568058
177424,0.794741809368
177425,0.867082893848
177429,0.583311140537
177430,0.846381127834
177435,0.92102265358
177436,0.918638288975
177438,0.658200144768
177441,0.970895707607
177443,0.883992612362
177444,0.784814298153
177445,0.916061639786
177447,0.683952391148
177450,0.687488913536
177451,0.879020690918
177453,0.772442936897
177455,0.882044434547
177456,0.978820264339
177457,0.80345594883
177458,0.734117865562
177459,0.599502027035
177462,0.82797729969
177465,0.795725882053
177469,0.815989971161
177471,0.512925863266
177475,0.817026734352
177478,0.930563271046
177480,0.877789914608
177481,0.601457536221
177482,0.952093660831
177486,0.526154816151
177487,0.726597189903
177488,0.923100054264
177490,0.566541135311
177494,0.837645232677
177496,0.912333548069
177497,0.97104293108
177498,0.739603638649
177499,0.884757697582
177505,0.792349040508
177508,0.959574818611
177509,0.77449297905
177511,0.807395339012
177513,0.683664321899
177514,0.889517605305
177515,0.62052321434
177516,0.918897211552
177518,0.648604333401
177521,0.806663990021
177523,0.685103952885
177525,0.925264179707
177527,0.741807758808
177530,0.184618756175
177532,0.668712079525
177534,0.89430475235
177535,0.359059840441
177536,0.739799261093
177537,0.990676641464
177538,0.952724933624
177541,0.694785475731
177543,0.589069545269
177544,0.774909675121
177545,0.935644447803
177546,0.870976865292
177547,0.873363912106
177549,0.683390676975
177550,0.813085913658
177552,0.308623194695
177553,0.818204164505
177558,0.748364090919
177560,0.726499676704
177561,0.93378341198
177566,0.934127211571
177567,0.779922246933
177568,0.687397658825
177571,0.865659117699
177572,0.639855325222
177573,0.792057275772
177575,0.660677433014
177576,0.78729569912
177578,0.681661128998
177583,0.747549116611
177584,0.824219584465
177587,0.530616044998
177588,0.957790374756
177592,0.628648221493
177593,0.958064079285
177594,0.87274056673
177596,0.588152766228
177598,0.926515042782
177599,0.885699391365
177600,0.218764916062
177604,0.792359471321
177606,0.93458366394
177607,0.644430875778
177608,0.63163125515
177609,0.712401211262
177611,0.568607389927
177612,0.7914108634
177613,0.973134338856
177614,0.325763970613
177615,0.826370716095
177619,0.973945260048
177623,0.625002145767
177627,0.959726333618
177629,0.661824643612
177630,0.960997879505
177632,0.59522151947
177633,0.853864192963
177634,0.74134093523
177636,0.566416323185
177637,0.301360547543
177641,0.844436764717
177644,0.759408712387
177646,0.968706846237
177648,0.902283847332
177649,0.814045608044
177650,0.971144676208
177652,0.841798603535
177656,0.792815804482
177660,0.977601885796
177662,0.6930783391
177663,0.935484886169
177664,0.634726285934
177666,0.584332883358
177669,0.881089389324
177672,0.342703819275
177680,0.217031434178
177681,0.776262164116
177682,0.908030688763
177683,0.626975178719
177685,0.93822824955
177686,0.625459432602
177687,0.172600328922
177688,0.71254748106
177690,0.462413579226
177694,0.886551678181
177698,0.797314047813
177700,0.991237521172
177701,0.842445254326
177702,0.818544983864
177703,0.909834325314
177706,0.467752933502
177711,0.881351113319
177713,0.882799386978
177714,0.264191448689
177715,0.874179184437
177720,0.833319783211
177731,0.85155659914
177732,0.661194384098
177733,0.632940471172
177735,0.810335040092
177737,0.885618746281
177738,0.743628740311
177740,0.868852615356
177742,0.75215780735
177743,0.68353676796
177746,0.837051510811
177749,0.817736148834
177751,0.406740427017
177756,0.520914793015
177757,0.61755913496
177764,0.283989161253
177765,0.815654754639
177766,0.809720396996
177767,0.514783918858
177768,0.355650901794
177769,0.883421838284
177778,0.862588703632
177780,0.750673472881
177781,0.934059679508
177782,0.914528429508
177785,0.883150815964
177788,0.49487054348
177789,0.814427554607
177790,0.635097801685
177792,0.581859350204
177793,0.759263813496
177794,0.946332335472
177796,0.702535331249
177797,0.87290585041
177798,0.894145905972
177800,0.625895619392
177801,0.470152050257
177805,0.92203193903
177806,0.624518930912
177807,0.848238825798
177808,0.825679898262
177810,0.964784681797
177811,0.920229613781
177812,0.536872327328
177813,0.603405833244
177814,0.879854977131
177818,0.434600621462
177820,0.554933667183
177821,0.952201843262
177822,0.77081733942
177824,0.722510099411
177828,0.819738686085
177830,0.772274076939
177831,0.977638065815
177834,0.880023300648
177836,0.940247476101
177837,0.872174739838
177838,0.684182405472
177840,0.759763538837
177841,0.991931378841
177842,0.783831179142
177843,0.886666595936
177844,0.684409320354
177845,0.984903931618
177849,0.916087806225
177852,0.856163799763
177854,0.985067009926
177856,0.878619194031
177859,0.55256485939
177862,0.888679862022
177864,0.177240014076
177865,0.623708248138
177868,0.947064936161
177869,0.32787579298
177870,0.921054005623
177872,0.866149902344
177873,0.808535933495
177874,0.825687110424
177878,0.916636109352
177879,0.964746773243
177881,0.927440941334
177884,0.952618300915
177888,0.984690606594
177889,0.482592046261
177891,0.463130056858
177896,0.646564364433
177897,0.743342518806
177899,0.935131788254
177900,0.498296022415
177902,0.966948926449
177906,0.842322826385
177907,0.655309200287
177908,0.662970483303
177909,0.930597603321
177912,0.0673544034362
177913,0.493272513151
177914,0.820292711258
177916,0.977461874485
177919,0.490541219711
177920,0.512304544449
177922,0.9039260149
177926,0.835192620754
177932,0.331410109997
177935,0.536994576454
177941,0.70133715868
177942,0.754496276379
177945,0.8718110919
177948,0.44491571188
177951,0.858993530273
177952,0.481683671474
177953,0.0866489335895
177955,0.666465580463
177956,0.840504229069
177957,0.381203860044
177960,0.722887516022
177965,0.909243345261
177967,0.926050066948
177968,0.936321139336
177971,0.818096220493
177977,0.499245584011
177980,0.88102722168
177982,0.776858627796
177986,0.737568378448
177990,0.702155828476
177992,0.973041832447
177993,0.855944275856
177995,0.707050979137
177996,0.507957160473
177998,0.942436337471
178001,0.872598946095
178003,0.755402445793
178004,0.9368968606
178005,0.823361217976
178006,0.99112200737
178009,0.802643060684
178010,0.863469779491
178012,0.704439878464
178013,0.840755283833
178015,0.725273609161
178016,0.915209889412
178025,0.978755295277
178027,0.925041139126
178029,0.944805502892
178030,0.334063977003
178031,0.785018801689
178036,0.880715548992
178038,0.986111402512
178043,0.356003046036
178044,0.747134506702
178049,0.554141759872
178051,0.756655216217
178052,0.868864715099
178053,0.987359464169
178054,0.823667824268
178055,0.726102411747
178056,0.987970769405
178058,0.823344528675
178059,0.839608490467
178060,0.702555716038
178061,0.736544370651
178067,0.811457693577
178068,0.9458116889
178069,0.938350439072
178070,0.8805321455
178072,0.987485945225
178074,0.883225023746
178077,0.958870649338
178078,0.21247766912
178079,0.64068365097
178082,0.984402060509
178084,0.950209915638
178085,0.51796066761
178086,0.857289791107
178088,0.746443748474
178089,0.791210591793
178092,0.991120994091
178093,0.831224858761
178094,0.742739319801
178096,0.799587905407
178097,0.872824311256
178098,0.558574140072
178099,0.294178336859
178100,0.874777793884
178101,0.958805143833
178103,0.725875794888
178104,0.768252909184
178105,0.311752051115
178106,0.899987399578
178107,0.508530497551
178108,0.981394946575
178109,0.649555325508
178110,0.854523897171
178111,0.972251474857
178112,0.50390958786
178115,0.664965569973
178117,0.895562052727
178118,0.880329310894
178119,0.882773041725
178121,0.72993683815
178122,0.809451162815
178123,0.669481575489
178125,0.966885745525
178126,0.612368106842
178127,0.618746161461
178129,0.761670231819
178131,0.544957399368
178133,0.926173090935
178134,0.951745092869
178135,0.59043943882
178137,0.449146032333
178139,0.979289293289
178142,0.289335846901
178143,0.844730496407
178144,0.389281004667
178146,0.921068370342
178148,0.617883861065
178151,0.740745425224
178152,0.455923527479
178154,0.636780202389
178155,0.789522945881
178156,0.823363959789
178158,0.352810323238
178160,0.867847621441
178164,0.330783635378
178165,0.583648085594
178166,0.803670227528
178168,0.887372076511
178169,0.697212994099
178170,0.986963689327
178173,0.96538579464
178181,0.702930808067
178182,0.710012078285
178184,0.725503563881
178185,0.851081848145
178186,0.97619831562
178187,0.468191713095
178190,0.515547990799
178191,0.212492913008
178196,0.81824952364
178197,0.701988637447
178198,0.82707285881
178200,0.940675973892
178201,0.742891252041
178204,0.626943230629
178206,0.770376086235
178207,0.760054349899
178208,0.650482773781
178211,0.918203115463
178212,0.837822318077
178213,0.669548332691
178217,0.91420340538
178219,0.786682724953
178222,0.99124443531
178223,0.87656801939
178224,0.910036861897
178228,0.70724439621
178230,0.826159000397
178231,0.973775446415
178236,0.87349998951
178237,0.94133490324
178239,0.700064599514
178241,0.896726548672
178249,0.958461761475
178250,0.818731844425
178251,0.468494087458
178253,0.982069611549
178255,0.955085754395
178257,0.540303766727
178260,0.633743941784
178267,0.405038028955
178270,0.634626746178
178272,0.677778244019
178273,0.414507299662
178276,0.665867030621
178279,0.734776496887
178281,0.710119664669
178283,0.397616356611
178284,0.700346291065
178287,0.96348631382
178290,0.841725051403
178292,0.637029469013
178293,0.706237971783
178294,0.897923052311
178295,0.945725381374
178296,0.97282987833
178297,0.539893388748
178298,0.811102986336
178299,0.579213440418
178303,0.936592042446
178305,0.952574133873
178306,0.396557033062
178307,0.906377792358
178308,0.852246701717
178310,0.776818692684
178311,0.920193374157
178312,0.92902302742
178313,0.749373853207
178315,0.533068239689
178316,0.754574656487
178317,0.945258617401
178318,0.803496837616
178320,0.555006444454
178321,0.836658358574
178324,0.895947158337
178328,0.861370146275
178330,0.774043500423
178332,0.721910774708
178334,0.853163778782
178336,0.711158156395
178338,0.821219146252
178339,0.592602074146
178342,0.877968132496
178346,0.0622698366642
178347,0.397241264582
178348,0.951155781746
178349,0.979632496834
178351,0.818603932858
178355,0.677067160606
178356,0.973752856255
178359,0.904221773148
178362,0.993173658848
178363,0.548766553402
178368,0.906552433968
178370,0.949400305748
178372,0.776114761829
178374,0.828389108181
178375,0.801988899708
178381,0.816723823547
178382,0.840448141098
178383,0.978015840054
178385,0.737007915974
178386,0.979478895664
178387,0.68433868885
178388,0.981664657593
178389,0.426309943199
178390,0.546477913857
178391,0.915572583675
178394,0.886471569538
178395,0.645695447922
178398,0.141356781125
178399,0.912267386913
178400,0.732518255711
178402,0.933121263981
178407,0.948783755302
178408,0.90820556879
178410,0.799016475677
178411,0.949150443077
178413,0.58585947752
178414,0.842189610004
178417,0.98000472784
178419,0.849669635296
178420,0.954563081264
178424,0.918788909912
178425,0.972940206528
178427,0.443544954062
178428,0.535018026829
178430,0.963664054871
178431,0.689651548862
178432,0.961624145508
178436,0.969115793705
178439,0.844751596451
178442,0.917060673237
178443,0.539428770542
178444,0.741938173771
178445,0.811189174652
178446,0.917124629021
178449,0.768460869789
178453,0.528082787991
178454,0.447541564703
178455,0.624891996384
178457,0.195072457194
178458,0.489859849215
178460,0.952112257481
178462,0.696450471878
178463,0.769585072994
178464,0.693406999111
178467,0.819399178028
178468,0.731303334236
178473,0.90453016758
178475,0.666455149651
178476,0.979185640812
178479,0.420604974031
178480,0.955516576767
178481,0.885392963886
178482,0.474799960852
178483,0.806609332561
178485,0.937011957169
178486,0.453693181276
178489,0.646297693253
178490,0.961037397385
178491,0.611295521259
178496,0.749829113483
178498,0.546239852905
178499,0.795016467571
178500,0.926418483257
178501,0.418156534433
178502,0.74731272459
178503,0.681651890278
178507,0.949743747711
178510,0.407412260771
178511,0.84045702219
178512,0.650978803635
178515,0.774936676025
178518,0.593067586422
178519,0.471495687962
178520,0.818887889385
178522,0.629804909229
178523,0.921970129013
178526,0.91282582283
178527,0.529410839081
178530,0.711912095547
178531,0.310328215361
178537,0.858728051186
178539,0.689407706261
178540,0.8081407547
178542,0.972572147846
178543,0.923639953136
178544,0.496369034052
178545,0.271221190691
178546,0.982597768307
178548,0.757889389992
178551,0.46070805192
178554,0.522981703281
178559,0.976400911808
178561,0.773657858372
178562,0.786666989326
178563,0.512883424759
178569,0.139292433858
178571,0.966352880001
178575,0.901529073715
178576,0.966816306114
178580,0.944334149361
178582,0.895196020603
178583,0.884152293205
178584,0.863629341125
178585,0.900760352612
178586,0.876269876957
178587,0.929587543011
178588,0.855842530727
178589,0.807473659515
178590,0.576198875904
178595,0.884347319603
178598,0.815238595009
178599,0.899324178696
178600,0.936456501484
178605,0.735949933529
178606,0.815222203732
178607,0.45912706852
178608,0.633591771126
178612,0.919815599918
178613,0.452223956585
178614,0.96347028017
178615,0.80630582571
178616,0.965774476528
178617,0.861644744873
178618,0.956986546516
178619,0.982846319675
178620,0.981927633286
178621,0.933487057686
178622,0.722024321556
178626,0.869544565678
178627,0.924749732018
178630,0.899539709091
178632,0.477132886648
178633,0.819969773293
178634,0.980047166348
178639,0.59468460083
178640,0.968027830124
178646,0.578982055187
178648,0.900754153728
178651,0.763981997967
178652,0.775058865547
178653,0.984109461308
178654,0.604251801968
178655,0.72639644146
178656,0.908623337746
178657,0.882841110229
178658,0.897907197475
178660,0.863798558712
178663,0.853827118874
178665,0.700026869774
178668,0.8564016819
178669,0.852111637592
178670,0.897589087486
178672,0.928170681
178674,0.873009324074
178678,0.851417481899
178679,0.756947278976
178683,0.897530555725
178684,0.824381768703
178687,0.648998737335
178689,0.681468069553
178690,0.76943397522
178691,0.957643091679
178693,0.689982116222
178695,0.775941371918
178696,0.835330247879
178698,0.924848675728
178699,0.880921065807
178701,0.668181061745
178702,0.687843978405
178703,0.969569981098
178704,0.892356097698
178705,0.727110266685
178706,0.929034769535
178710,0.814317286015
178716,0.903251230717
178720,0.468703240156
178724,0.884783744812
178725,0.951139509678
178726,0.292813539505
178728,0.942813873291
178729,0.806336700916
178730,0.515709340572
178732,0.933922231197
178733,0.940815865993
178734,0.83251273632
178736,0.643157660961
178737,0.881461918354
178739,0.969701766968
178740,0.805032610893
178741,0.863365590572
178744,0.886255502701
178745,0.720058500767
178746,0.845022082329
178748,0.60780608654
178753,0.612189650536
178754,0.843603432178
178755,0.932759046555
178756,0.968923687935
178757,0.824355363846
178759,0.632056117058
178760,0.788417041302
178762,0.467734396458
178763,0.968242824078
178765,0.71039044857
178766,0.971242725849
178771,0.663091361523
178772,0.945715069771
178773,0.900707900524
178774,0.933128833771
178776,0.840140402317
178777,0.940516293049
178779,0.579470276833
178780,0.736664891243
178782,0.833631515503
178783,0.926540970802
178788,0.788390994072
178789,0.884819686413
178790,0.882911384106
178791,0.783830583096
178792,0.615295946598
178793,0.951032221317
178794,0.550620377064
178796,0.649480104446
178799,0.74322193861
178801,0.900801241398
178803,0.873716771603
178804,0.659126937389
178805,0.724997997284
178809,0.88201457262
178810,0.57935744524
178812,0.94340467453
178817,0.887904644012
178818,0.968963325024
178820,0.768283367157
178826,0.92018532753
178829,0.953354179859
178831,0.898823261261
178833,0.98907405138
178834,0.940562605858
178836,0.98684245348
178837,0.908221781254
178839,0.599556267262
178843,0.636992692947
178846,0.443676620722
178847,0.649717032909
178855,0.718470811844
178856,0.918858885765
178857,0.733359336853
178860,0.982673287392
178864,0.554158449173
178865,0.860438287258
178871,0.749051749706
178872,0.975495874882
178874,0.98191422224
178876,0.747555315495
178878,0.830571711063
178880,0.676516652107
178884,0.955072283745
178887,0.738239884377
178888,0.925126433372
178890,0.622203946114
178891,0.584720015526
178892,0.622110784054
178894,0.706734895706
178895,0.815489590168
178896,0.941246390343
178899,0.772563636303
178900,0.619832158089
178903,0.0543098300695
178905,0.804716467857
178906,0.709219098091
178907,0.466730773449
178908,0.62414598465
178909,0.938047111034
178910,0.735405087471
178913,0.744525074959
178916,0.891827046871
178919,0.831604540348
178920,0.906560957432
178925,0.720408499241
178926,0.98757648468
178929,0.829819977283
178932,0.95568561554
178933,0.752284824848
178934,0.738864898682
178939,0.910352408886
178941,0.880874574184
178943,0.913999915123
178944,0.750680863857
178945,0.586519241333
178946,0.792107403278
178947,0.908970594406
178950,0.89716386795
178951,0.775644361973
178952,0.689955174923
178954,0.856269717216
178955,0.830121517181
178956,0.460952430964
178957,0.87563675642
178961,0.846031367779
178964,0.589464902878
178965,0.956486642361
178967,0.350569725037
178968,0.761722445488
178971,0.795685172081
178972,0.576899766922
178973,0.843711912632
178978,0.748315632343
178980,0.944181084633
178981,0.507521986961
178982,0.41445979476
178983,0.927815258503
178984,0.780773460865
178986,0.942101478577
178988,0.754299521446
178990,0.515520215034
178991,0.993684351444
178993,0.931920647621
178997,0.380049109459
178998,0.973499834538
178999,0.869040310383
179002,0.57529515028
179003,0.903559744358
179006,0.85371363163
179008,0.974497139454
179009,0.975985467434
179011,0.966462254524
179012,0.606427192688
179015,0.852798104286
179017,0.611143410206
179018,0.849636852741
179020,0.867756485939
179021,0.369906723499
179022,0.808271586895
179023,0.932095706463
179025,0.987979769707
179028,0.451567649841
179029,0.757451295853
179030,0.696968257427
179032,0.836027920246
179033,0.686923623085
179034,0.583656132221
179037,0.95262414217
179038,0.590107142925
179043,0.934622943401
179045,0.882746338844
179047,0.965828299522
179050,0.921497046947
179053,0.982213616371
179055,0.843473672867
179056,0.855137765408
179059,0.87771487236
179062,0.651795506477
179063,0.449580341578
179064,0.822054445744
179065,0.987264275551
179069,0.964605867863
179071,0.877550423145
179074,0.868195593357
179075,0.919796764851
179077,0.614325106144
179079,0.810520291328
179080,0.972959518433
179081,0.678067445755
179084,0.984293162823
179085,0.992572128773
179087,0.938003897667
179088,0.668812990189
179089,0.97420746088
179090,0.803578197956
179091,0.957795977592
179093,0.928625941277
179094,0.890456736088
179095,0.912198066711
179096,0.807202160358
179097,0.353210151196
179099,0.837282717228
179100,0.949130177498
179106,0.943094849586
179115,0.685865819454
179116,0.912150740623
179117,0.718495547771
179120,0.791996240616
179127,0.681578397751
179130,0.700298607349
179131,0.915253043175
179133,0.904961764812
179134,0.527306079865
179135,0.801192343235
179136,0.671497106552
179137,0.871960520744
179146,0.978990316391
179149,0.709033727646
179150,0.855757832527
179151,0.97838550806
179152,0.670806050301
179155,0.811074972153
179157,0.912164628506
179159,0.620361506939
179160,0.895169854164
179162,0.74808627367
179163,0.814298689365
179164,0.912401258945
179165,0.772576868534
179166,0.732611238956
179170,0.765483617783
179173,0.682034909725
179174,0.955502390862
179175,0.792653620243
179176,0.90707474947
179178,0.124336443841
179182,0.499618589878
179183,0.0981552377343
179184,0.659965395927
179185,0.947026491165
179186,0.979471564293
179188,0.60375636816
179189,0.968677997589
179190,0.890753149986
179191,0.680982589722
179192,0.807441174984
179193,0.829568088055
179194,0.825502038002
179195,0.724640786648
179197,0.731413543224
179200,0.435894221067
179201,0.506706893444
179203,0.862384855747
179204,0.705060601234
179206,0.089772388339
179207,0.964520215988
179208,0.730730831623
179218,0.880975186825
179219,0.751715600491
179220,0.821175932884
179225,0.703922986984
179226,0.797986447811
179227,0.799547970295
179228,0.704120457172
179229,0.893443048
179232,0.804286360741
179233,0.763110637665
179236,0.747798681259
179237,0.88387721777
179239,0.639499306679
179241,0.987070381641
179242,0.970190644264
179243,0.912332415581
179245,0.959031462669
179247,0.757784664631
179248,0.963372647762
179250,0.389628469944
179251,0.979818224907
179252,0.744658052921
179253,0.962956607342
179254,0.979268074036
179260,0.581017196178
179263,0.789583206177
179267,0.967690944672
179270,0.817290723324
179272,0.931990385056
179273,0.694725096226
179275,0.478352457285
179276,0.685063123703
179281,0.612477242947
179284,0.970548510551
179285,0.0804665312171
179286,0.837581992149
179287,0.857228219509
179288,0.606674194336
179296,0.970961034298
179297,0.977210700512
179299,0.863341212273
179300,0.945769309998
179301,0.96961671114
179312,0.932543039322
179313,0.712309837341
179314,0.812849938869
179316,0.903667092323
179320,0.734357178211
179324,0.779447376728
179327,0.989889860153
179330,0.946048974991
179331,0.50212174654
179332,0.551903247833
179333,0.745777606964
179334,0.759047269821
179335,0.864919006824
179338,0.587693989277
179344,0.654550075531
179348,0.899505198002
179350,0.489238798618
179352,0.933534145355
179360,0.889745056629
179365,0.677838921547
179366,0.778083086014
179368,0.949145317078
179373,0.607656896114
179374,0.823789715767
179378,0.984035789967
179379,0.912000477314
179382,0.968128740788
179384,0.990897357464
179385,0.827565431595
179386,0.808798730373
179388,0.731309652328
179390,0.951177000999
179392,0.803527474403
179393,0.99180239439
179394,0.815002202988
179395,0.801539063454
179397,0.870651781559
179399,0.873019874096
179401,0.907883942127
179402,0.717032015324
179403,0.856171309948
179407,0.985987365246
179412,0.95341861248
179414,0.794300019741
179417,0.223317921162
179418,0.97628647089
179419,0.978750348091
179420,0.861686527729
179422,0.895554482937
179423,0.866316795349
179424,0.914765000343
179425,0.54872661829
179428,0.756314396858
179429,0.664495646954
179430,0.416538566351
179434,0.68423551321
179438,0.648300349712
179439,0.960564434528
179440,0.852271795273
179441,0.921058118343
179444,0.911986649036
179446,0.928256750107
179450,0.469175964594
179451,0.899314343929
179453,0.902992904186
179454,0.698922932148
179455,0.928367674351
179456,0.922532439232
179458,0.988053500652
179460,0.726340949535
179461,0.97967082262
179466,0.896701037884
179468,0.532271802425
179469,0.970258533955
179470,0.0924932360649
179471,0.409211248159
179472,0.95335739851
179473,0.912333071232
179479,0.70017427206
179480,0.590951383114
179483,0.829919099808
179485,0.759232282639
179486,0.722762823105
179487,0.83555918932
179488,0.605618417263
179490,0.868823051453
179491,0.408222645521
179493,0.900421559811
179494,0.615231454372
179495,0.83008658886
179496,0.918084323406
179498,0.736725091934
179499,0.650785505772
179502,0.802444219589
179503,0.94861894846
179504,0.646214425564
179506,0.981465041637
179508,0.864845097065
179510,0.949474990368
179512,0.90904802084
179517,0.812502563
179518,0.760316312313
179519,0.614449203014
179521,0.706634044647
179522,0.850686907768
179523,0.887073814869
179524,0.246923223138
179525,0.82005751133
179526,0.635363638401
179530,0.75600451231
179531,0.69451123476
179532,0.776493728161
179535,0.976259589195
179538,0.895449817181
179539,0.882132589817
179542,0.592882573605
179543,0.70481210947
179544,0.688067376614
179545,0.977824866772
179546,0.707124829292
179550,0.191578134894
179551,0.982245564461
179553,0.759554564953
179554,0.663838922977
179555,0.352645874023
179556,0.920735359192
179557,0.847212553024
179558,0.947806835175
179559,0.783978998661
179560,0.97947961092
179561,0.46355253458
179562,0.863483726978
179563,0.363562852144
179565,0.739757180214
179566,0.135045066476
179570,0.96799737215
179573,0.487064361572
179576,0.707523524761
179577,0.825705349445
179579,0.618920683861
179582,0.772240936756
179583,0.771367907524
179585,0.86739885807
179586,0.941275537014
179588,0.881087720394
179589,0.513681769371
179592,0.907091498375
179593,0.940304756165
179595,0.760502994061
179596,0.617669761181
179597,0.66848641634
179598,0.538157045841
179605,0.902888417244
179606,0.692874252796
179608,0.96437984705
179610,0.489229679108
179611,0.442914843559
179615,0.784237265587
179616,0.962642908096
179618,0.65950858593
179619,0.863279879093
179623,0.532025158405
179624,0.67212253809
179630,0.930588304996
179631,0.913416206837
179632,0.921675980091
179635,0.939660847187
179637,0.811384856701
179638,0.740163862705
179639,0.894169569016
179640,0.97287184
179641,0.842915058136
179642,0.690667033195
179643,0.580050170422
179644,0.753188431263
179645,0.917392134666
179647,0.594577610493
179649,0.937815189362
179650,0.948513388634
179651,0.733545601368
179653,0.971294224262
179654,0.795941412449
179658,0.920845508575
179663,0.856035292149
179664,0.936039566994
179666,0.99349206686
179668,0.699717819691
179672,0.586817681789
179673,0.864189207554
179674,0.973139345646
179676,0.589966893196
179677,0.977860331535
179681,0.539849758148
179682,0.753402769566
179683,0.71898663044
179685,0.837439358234
179686,0.818678081036
179689,0.956689119339
179693,0.934819221497
179695,0.850596547127
179696,0.788042008877
179697,0.810975909233
179698,0.349587738514
179701,0.526006996632
179703,0.809726297855
179704,0.0885912328959
179711,0.870098352432
179712,0.315164923668
179713,0.951061546803
179715,0.971846878529
179717,0.283024311066
179718,0.972789525986
179719,0.862967014313
179721,0.708997368813
179722,0.881694376469
179723,0.316999822855
179727,0.912312865257
179728,0.92850714922
179730,0.807094037533
179731,0.962404131889
179735,0.876371502876
179737,0.474118024111
179738,0.928712844849
179741,0.965746581554
179745,0.712027490139
179748,0.950017273426
179751,0.518669605255
179752,0.805355191231
179754,0.565267980099
179755,0.708218932152
179756,0.939580857754
179758,0.934091925621
179760,0.887623250484
179761,0.835479259491
179763,0.679949223995
179765,0.465569853783
179766,0.823444902897
179768,0.780979216099
179770,0.938064694405
179771,0.909310162067
179776,0.655596852303
179778,0.977189838886
179779,0.352485954762
179780,0.913671374321
179782,0.708432912827
179783,0.916539251804
179784,0.763387024403
179785,0.901286900043
179786,0.976672291756
179787,0.794036090374
179789,0.937058091164
179790,0.855959177017
179793,0.11112190038
179794,0.647868335247
179795,0.631055355072
179797,0.974840521812
179798,0.175103873014
179800,0.949671626091
179807,0.777055382729
179808,0.907774627209
179811,0.849333226681
179812,0.860450685024
179813,0.697330772877
179814,0.978531599045
179816,0.959071695805
179819,0.975409209728
179821,0.80447858572
179822,0.557296037674
179829,0.821911513805
179831,0.950542807579
179832,0.825816869736
179833,0.985834419727
179836,0.939461827278
179838,0.769180834293
179839,0.829457342625
179840,0.701497614384
179841,0.440179735422
179842,0.673122346401
179844,0.922332048416
179845,0.461512297392
179846,0.755883932114
179849,0.77276456356
179850,0.658803105354
179851,0.947286784649
179852,0.725922167301
179854,0.47700303793
179855,0.957050919533
179856,0.497820317745
179862,0.799031794071
179864,0.699796974659
179865,0.911574959755
179866,0.955084979534
179870,0.759914517403
179873,0.910145282745
179874,0.604427814484
179879,0.55279225111
179881,0.736846208572
179884,0.893392503262
179885,0.93554520607
179886,0.934577524662
179887,0.897170424461
179892,0.834117174149
179895,0.818018198013
179896,0.844620406628
179897,0.662296712399
179898,0.912221252918
179899,0.876582682133
179901,0.822298943996
179904,0.929877460003
179905,0.92508661747
179906,0.880841970444
179908,0.509457170963
179910,0.893741548061
179911,0.899082005024
179913,0.452138155699
179915,0.864112257957
179916,0.344365298748
179917,0.794609904289
179919,0.535718202591
179921,0.936917245388
179923,0.483765512705
179924,0.696552634239
179926,0.913223981857
179930,0.799422740936
179931,0.680319547653
179932,0.504479706287
179936,0.911752521992
179937,0.639338672161
179940,0.565269529819
179941,0.681983947754
179942,0.733467638493
179947,0.84391272068
179950,0.820247471333
179955,0.720072507858
179958,0.926423251629
179959,0.951578080654
179961,0.678159296513
179962,0.663733184338
179966,0.691634774208
179967,0.633892774582
179971,0.732305526733
179973,0.536775529385
179974,0.939941346645
179980,0.903479158878
179985,0.713538110256
179986,0.989766180515
179989,0.773066282272
179990,0.909640789032
179993,0.911464631557
179994,0.983153522015
179995,0.960988640785
179997,0.92732912302
179998,0.980874121189
180000,0.962822437286
180001,0.880478382111
180002,0.890909433365
180003,0.879964113235
180005,0.527344703674
180006,0.668653905392
180008,0.962399601936
180010,0.853053569794
180012,0.833164811134
180013,0.977857708931
180015,0.672438204288
180018,0.990325331688
180019,0.695415198803
180021,0.96975839138
180023,0.703291356564
180028,0.917645633221
180029,0.850299477577
180031,0.656719624996
180035,0.752619087696
180036,0.861901044846
180037,0.888154804707
180038,0.803651094437
180041,0.879378318787
180043,0.604243516922
180048,0.915834665298
180049,0.983033120632
180050,0.918880403042
180051,0.745580792427
180053,0.957540810108
180056,0.983690083027
180057,0.850703537464
180058,0.984281718731
180062,0.866771638393
180063,0.528167247772
180064,0.743727385998
180065,0.93363827467
180067,0.567920923233
180069,0.381316453218
180070,0.920905172825
180073,0.882033705711
180075,0.986161828041
180076,0.771463394165
180078,0.655334532261
180085,0.890824437141
180086,0.988377392292
180087,0.620140850544
180089,0.828037381172
180090,0.469099402428
180093,0.949097514153
180094,0.857560694218
180097,0.720814466476
180098,0.816173315048
180100,0.791873753071
180101,0.562677681446
180105,0.581314325333
180106,0.966540157795
180109,0.976595103741
180110,0.790795266628
180111,0.915347933769
180113,0.516554653645
180117,0.588505685329
180120,0.828509390354
180123,0.559227347374
180124,0.825434684753
180125,0.410826206207
180126,0.669188439846
180128,0.458808064461
180130,0.816287219524
180133,0.655430972576
180134,0.945141792297
180141,0.939997136593
180142,0.762654960155
180144,0.874330163002
180150,0.928429365158
180152,0.843225181103
180155,0.937173366547
180157,0.983049929142
180158,0.941041648388
180159,0.686917066574
180161,0.933325469494
180163,0.666721522808
180164,0.89491134882
180165,0.774861216545
180168,0.868034958839
180169,0.940577685833
180171,0.400243759155
180173,0.940884768963
180175,0.908270478249
180176,0.970528662205
180180,0.991205155849
180182,0.786340534687
180184,0.670578479767
180185,0.429816037416
180188,0.887976109982
180191,0.765810191631
180192,0.977930188179
180193,0.855842769146
180195,0.53784519434
180196,0.521606564522
180199,0.959828436375
180201,0.983383595943
180204,0.956649839878
180206,0.722988128662
180207,0.97399353981
180213,0.963830947876
180215,0.913099229336
180216,0.881299614906
180217,0.172480762005
180220,0.637820422649
180221,0.881926894188
180222,0.680591464043
180223,0.867600679398
180225,0.508732974529
180228,0.69540387392
180229,0.451520502567
180230,0.861357808113
180231,0.883882045746
180232,0.477819561958
180234,0.923856437206
180235,0.955408394337
180236,0.814979314804
180238,0.653684020042
180239,0.978697121143
180242,0.939858973026
180244,0.903950214386
180245,0.586656987667
180248,0.693502187729
180249,0.850666761398
180251,0.935804843903
180252,0.935092449188
180253,0.392462730408
180256,0.599357903004
180257,0.415199190378
180258,0.92546659708
180259,0.944542467594
180262,0.679864704609
180267,0.887837767601
180268,0.817180275917
180273,0.682795345783
180274,0.280056834221
180278,0.939529299736
180281,0.499850094318
180284,0.737342536449
180286,0.988467633724
180287,0.601820349693
180289,0.816571652889
180290,0.794877767563
180291,0.730042934418
180293,0.953808546066
180296,0.747151911259
180297,0.943051278591
180301,0.934842348099
180302,0.987688362598
180303,0.795259058475
180304,0.92972278595
180305,0.722455203533
180307,0.802541911602
180308,0.481475770473
180309,0.862189590931
180312,0.904185891151
180313,0.652686357498
180315,0.493949621916
180320,0.90850675106
180321,0.0642517134547
180322,0.735786795616
180323,0.815061748028
180324,0.79525744915
180327,0.952624022961
180330,0.949857413769
180332,0.769078373909
180333,0.978725373745
180335,0.919743597507
180336,0.893359839916
180337,0.913608074188
180338,0.654672622681
180339,0.728686213493
180340,0.652389585972
180341,0.89328956604
180342,0.189033582807
180344,0.695221841335
180345,0.892175495625
180346,0.966559529305
180348,0.986936151981
180351,0.615742266178
180352,0.929362714291
180353,0.909893751144
180356,0.0876180678606
180357,0.896602749825
180359,0.865174770355
180360,0.569079995155
180361,0.949480831623
180364,0.693478882313
180365,0.867990016937
180366,0.819827198982
180367,0.9355686903
180375,0.043387118727
180376,0.483583569527
180378,0.872577190399
180381,0.838407874107
180383,0.983980417252
180384,0.953231394291
180386,0.621474564075
180387,0.642494380474
180389,0.948661625385
180390,0.937058508396
180391,0.774141073227
180393,0.94621270895
180395,0.502123832703
180398,0.619558513165
180399,0.568867683411
180400,0.786028981209
180401,0.847452282906
180403,0.607900381088
180404,0.981423914433
180406,0.973012804985
180408,0.743993341923
180411,0.964386284351
180412,0.977757513523
180414,0.942699015141
180415,0.969645738602
180416,0.986368894577
180417,0.697485625744
180418,0.945839166641
180419,0.885275244713
180420,0.945463299751
180422,0.8430544734
180424,0.917327940464
180427,0.935306727886
180428,0.937133252621
180430,0.435548812151
180433,0.791716516018
180440,0.402806967497
180443,0.605330944061
180444,0.660681009293
180445,0.723079264164
180449,0.614436507225
180450,0.877116382122
180452,0.954656660557
180454,0.979675292969
180455,0.982700645924
180456,0.189183026552
180457,0.48579493165
180461,0.91597789526
180463,0.90027320385
180464,0.758813619614
180465,0.674667835236
180466,0.886434495449
180467,0.890741884708
180468,0.786480247974
180470,0.5895627141
180474,0.352074056864
180475,0.33760792017
180477,0.443512916565
180478,0.845062792301
180480,0.87805467844
180481,0.677052497864
180482,0.860026657581
180483,0.789320468903
180485,0.894649922848
180487,0.948734045029
180494,0.925382912159
180495,0.794066309929
180497,0.9522985816
180499,0.937964618206
180500,0.648017048836
180502,0.66073602438
180504,0.604896843433
180505,0.74577242136
180506,0.7722915411
180508,0.688972473145
180511,0.865653455257
180512,0.976803898811
180514,0.44948720932
180515,0.979841589928
180520,0.938757896423
180522,0.845880270004
180524,0.776019454002
180525,0.626581370831
180526,0.858433365822
180528,0.110533773899
180529,0.882912695408
180530,0.234267622232
180532,0.504963874817
180533,0.662205338478
180534,0.910521686077
180536,0.750745236874
180537,0.648998618126
180538,0.677147448063
180540,0.887536108494
180541,0.931425690651
180544,0.907071888447
180545,0.928211867809
180546,0.960721194744
180547,0.606346428394
180548,0.600171864033
180550,0.974585711956
180551,0.952549397945
180555,0.877725958824
180557,0.74076962471
180558,0.734360158443
180559,0.797349989414
180560,0.968360304832
180561,0.738896071911
180562,0.552424788475
180563,0.691493630409
180564,0.854294598103
180565,0.768986523151
180567,0.429894894361
180568,0.841623485088
180569,0.925005018711
180570,0.832720637321
180576,0.933391332626
180577,0.844068050385
180578,0.73388504982
180579,0.978754818439
180580,0.675325453281
180582,0.773167669773
180585,0.750331401825
180586,0.934634685516
180588,0.574702262878
180589,0.766649067402
180590,0.774874806404
180592,0.710089206696
180593,0.808581233025
180595,0.625785112381
180596,0.698154449463
180598,0.774687409401
180599,0.980978369713
180601,0.701896071434
180602,0.741764903069
180603,0.614699721336
180604,0.174561649561
180605,0.671360909939
180608,0.957797944546
180609,0.843864560127
180610,0.973688423634
180614,0.956367373466
180616,0.853017747402
180618,0.961817443371
180620,0.856471657753
180624,0.677831113338
180625,0.830390155315
180627,0.990904390812
180629,0.894597828388
180631,0.896953880787
180636,0.968912959099
180637,0.708337306976
180639,0.924119710922
180640,0.758614838123
180641,0.767717897892
180643,0.994244754314
180644,0.929917871952
180645,0.603595793247
180646,0.779647350311
180648,0.801458775997
180649,0.790173470974
180653,0.960868954659
180655,0.781188964844
180657,0.936742544174
180665,0.956745505333
180672,0.729867756367
180673,0.975394904613
180674,0.875056385994
180676,0.850363254547
180678,0.837560892105
180679,0.564396500587
180682,0.983236134052
180685,0.463165402412
180688,0.981126487255
180689,0.97418898344
180691,0.681465625763
180696,0.754563510418
180697,0.634284853935
180699,0.546359300613
180700,0.864762663841
180704,0.883522987366
180709,0.946646630764
180711,0.965309023857
180712,0.910796821117
180713,0.828993618488
180714,0.900437951088
180716,0.763701558113
180718,0.921402752399
180719,0.914157092571
180724,0.405123233795
180726,0.856313347816
180727,0.98873436451
180729,0.829076886177
180730,0.675857841969
180732,0.838465988636
180733,0.891480028629
180735,0.959333837032
180738,0.606218039989
180741,0.720144033432
180742,0.800620734692
180744,0.968178212643
180745,0.656138420105
180747,0.691998243332
180749,0.821260631084
180750,0.959684610367
180753,0.811209201813
180754,0.902733743191
180756,0.867556631565
180759,0.887996971607
180760,0.691327810287
180762,0.833469569683
180763,0.889529109001
180764,0.936726093292
180766,0.959415793419
180767,0.308782190084
180768,0.71648055315
180770,0.77568334341
180771,0.958912551403
180772,0.688286781311
180774,0.967350900173
180775,0.617042243481
180776,0.955992996693
180778,0.921329379082
180779,0.867758989334
180780,0.767977416515
180781,0.750766038895
180783,0.553964555264
180784,0.940444409847
180785,0.789188563824
180786,0.870656132698
180787,0.777029037476
180790,0.935076713562
180792,0.102967903018
180794,0.484322935343
180795,0.767388164997
180796,0.521245419979
180797,0.573982954025
180798,0.788464486599
180802,0.860711336136
180803,0.796944379807
180805,0.549377322197
180806,0.721919417381
180807,0.891931355
180808,0.8698310256
180813,0.807520031929
180814,0.118786476552
180816,0.976917028427
180817,0.447910904884
180818,0.853736281395
180819,0.815185785294
180821,0.686264693737
180823,0.876654148102
180824,0.894241631031
180825,0.900354266167
180827,0.932757198811
180828,0.979136168957
180829,0.684789657593
180830,0.750316023827
180831,0.856464922428
180834,0.520077764988
180836,0.944446206093
180837,0.943452000618
180838,0.958500742912
180841,0.981919169426
180845,0.907051861286
180846,0.73739951849
180847,0.961436212063
180849,0.825389266014
180851,0.70762193203
180853,0.9658177495
180855,0.921467006207
180857,0.939191758633
180858,0.903982996941
180860,0.893517434597
180862,0.829227745533
180865,0.813284397125
180866,0.94769859314
180867,0.381059527397
180868,0.884036660194
180869,0.914214551449
180870,0.908215761185
180879,0.626833021641
180880,0.935693562031
180883,0.848633468151
180885,0.770067453384
180886,0.959552764893
180889,0.506510615349
180890,0.851069808006
180892,0.98089236021
180893,0.827219605446
180894,0.867689073086
180896,0.899190723896
180897,0.878224313259
180900,0.85914093256
180901,0.86932528019
180902,0.890279054642
180904,0.986019730568
180906,0.794575631618
180913,0.942089319229
180915,0.416637271643
180917,0.577675700188
180918,0.869771420956
180920,0.946126997471
180921,0.969282507896
180924,0.558834135532
180929,0.966208636761
180930,0.791322588921
180931,0.731913983822
180932,0.981756210327
180934,0.803058743477
180935,0.284463047981
180937,0.738341033459
180938,0.947421550751
180939,0.805771529675
180942,0.739696264267
180944,0.960252463818
180945,0.618427753448
180948,0.951092898846
180949,0.812726914883
180952,0.746440291405
180953,0.98848348856
180956,0.9248483181
180961,0.661240935326
180962,0.915625751019
180963,0.364813894033
180965,0.206516265869
180970,0.768561065197
180971,0.87423324585
180973,0.790319561958
180976,0.920021593571
180977,0.405666530132
180978,0.918048977852
180980,0.742776095867
180985,0.942544698715
180986,0.923180103302
180989,0.712495207787
180992,0.929157614708
180993,0.914370596409
180995,0.569810330868
180996,0.931579828262
180997,0.809738099575
181000,0.842587292194
181001,0.676508247852
181003,0.536924958229
181006,0.391929626465
181013,0.881963431835
181015,0.432070791721
181021,0.869261145592
181025,0.965292811394
181027,0.987592995167
181028,0.641448318958
181029,0.567186415195
181030,0.735069513321
181031,0.87309974432
181032,0.595617651939
181033,0.71762752533
181036,0.799783706665
181038,0.8775832057
181040,0.411859124899
181042,0.784825980663
181045,0.582413136959
181047,0.966779768467
181051,0.650758743286
181054,0.873240113258
181056,0.240685388446
181057,0.831702888012
181058,0.823375999928
181060,0.948102474213
181061,0.665038466454
181062,0.857084989548
181066,0.879951477051
181068,0.971725285053
181069,0.851676285267
181071,0.227326184511
181073,0.837545096874
181076,0.801411926746
181086,0.889852166176
181087,0.837993085384
181089,0.908412873745
181090,0.851319372654
181091,0.428287386894
181092,0.869585156441
181093,0.928618371487
181094,0.538973510265
181096,0.861501693726
181098,0.827713310719
181099,0.443331569433
181100,0.930237472057
181103,0.871641337872
181106,0.441709190607
181115,0.807314217091
181116,0.803384006023
181117,0.976661026478
181119,0.969032287598
181120,0.905657947063
181121,0.545473098755
181124,0.926218986511
181127,0.87711173296
181128,0.730145931244
181133,0.485593140125
181137,0.927781403065
181139,0.987250566483
181141,0.898289263248
181142,0.781721413136
181144,0.225890904665
181146,0.928432106972
181148,0.711841166019
181149,0.466615080833
181150,0.909952104092
181151,0.804817914963
181153,0.888774394989
181154,0.816130101681
181155,0.720868825912
181156,0.964727461338
181158,0.953892827034
181160,0.34807485342
181161,0.883996903896
181162,0.281566143036
181163,0.852369904518
181164,0.965405166149
181167,0.92331880331
181170,0.942497253418
181175,0.789528310299
181176,0.944872915745
181177,0.258961975574
181178,0.911295413971
181179,0.974657177925
181180,0.864591479301
181184,0.643275678158
181188,0.324404448271
181189,0.930356502533
181191,0.337490826845
181192,0.75723439455
181193,0.901477813721
181196,0.775656282902
181198,0.727333724499
181203,0.544123828411
181204,0.94612455368
181205,0.847548186779
181207,0.876790702343
181209,0.950339198112
181211,0.755459010601
181213,0.673924207687
181214,0.684697687626
181215,0.457020312548
181216,0.973795473576
181217,0.902293205261
181219,0.937851786613
181221,0.680775821209
181224,0.975926220417
181226,0.825138092041
181229,0.877554476261
181233,0.738092422485
181236,0.901956319809
181238,0.587529778481
181239,0.904522120953
181240,0.975125968456
181241,0.511386752129
181245,0.946949839592
181246,0.952128052711
181247,0.954527258873
181248,0.930526196957
181249,0.721470236778
181250,0.842983841896
181251,0.923720598221
181252,0.819753825665
181254,0.778978347778
181255,0.0700175315142
181258,0.893906950951
181261,0.947581350803
181263,0.734063923359
181264,0.83654499054
181265,0.200689464808
181266,0.580981969833
181269,0.657205283642
181271,0.805423557758
181276,0.794343590736
181277,0.951924622059
181278,0.802781701088
181279,0.854421377182
181280,0.950220167637
181281,0.73064994812
181283,0.762149691582
181287,0.369017153978
181290,0.750918090343
181295,0.396859109402
181296,0.907598316669
181299,0.892109751701
181301,0.933300673962
181302,0.556544601917
181303,0.837468028069
181305,0.876914620399
181306,0.520390152931
181308,0.740833640099
181309,0.554722547531
181310,0.880716502666
181313,0.766321778297
181315,0.7489772439
181318,0.651620984077
181321,0.972313463688
181325,0.961040258408
181328,0.905976712704
181333,0.530266702175
181334,0.740412294865
181336,0.732627034187
181338,0.0838310420513
181345,0.811411738396
181347,0.813436746597
181348,0.942665755749
181349,0.940954267979
181351,0.94941163063
181353,0.614494860172
181354,0.326398730278
181355,0.475532710552
181358,0.693547904491
181359,0.967695653439
181362,0.892239391804
181363,0.826505064964
181365,0.924804985523
181366,0.700776815414
181367,0.845096230507
181371,0.885792553425
181376,0.645845711231
181378,0.944311797619
181379,0.974988162518
181380,0.971062958241
181382,0.972390174866
181384,0.598987102509
181388,0.508936941624
181397,0.971467018127
181398,0.623054981232
181400,0.816574692726
181401,0.684033811092
181405,0.920623004436
181406,0.936715722084
181411,0.532006502151
181412,0.971700549126
181414,0.869187533855
181415,0.7522367239
181416,0.671676039696
181418,0.98841547966
181421,0.719674706459
181423,0.982784807682
181427,0.853765904903
181428,0.438541412354
181429,0.917728841305
181431,0.878710150719
181433,0.806653082371
181434,0.799467921257
181440,0.817401409149
181443,0.988486528397
181445,0.899906218052
181447,0.984799265862
181450,0.724432766438
181452,0.892244696617
181455,0.674753606319
181458,0.707969307899
181463,0.641673028469
181464,0.882616043091
181466,0.844252049923
181468,0.977545559406
181469,0.954851269722
181470,0.891774892807
181472,0.102650500834
181473,0.860962569714
181475,0.97602045536
181477,0.838283061981
181478,0.699402928352
181479,0.711944103241
181480,0.82368260622
181481,0.861577153206
181482,0.946155369282
181485,0.934052824974
181486,0.599208474159
181488,0.806234419346
181490,0.821162045002
181491,0.963936805725
181493,0.853150188923
181495,0.720937609673
181500,0.947195768356
181501,0.583945035934
181502,0.910364568233
181503,0.936682164669
181504,0.773565948009
181505,0.874125897884
181507,0.434543073177
181508,0.862696588039
181511,0.574473321438
181512,0.806383013725
181515,0.938005745411
181517,0.675138294697
181522,0.857985556126
181523,0.72297513485
181524,0.789031863213
181525,0.773393809795
181526,0.316082537174
181529,0.661257624626
181530,0.496640414
181531,0.978364884853
181533,0.590219557285
181535,0.993980765343
181536,0.969181358814
181539,0.930602192879
181540,0.957350552082
181543,0.642697036266
181544,0.984401881695
181545,0.535250127316
181546,0.817356705666
181547,0.799204945564
181548,0.627791762352
181549,0.884871482849
181553,0.926235795021
181555,0.912848353386
181556,0.600482344627
181557,0.918402314186
181559,0.618355453014
181560,0.911105453968
181561,0.961674869061
181566,0.754513025284
181567,0.970311999321
181569,0.758821189404
181571,0.872085630894
181574,0.80996721983
181580,0.768941640854
181582,0.943043112755
181584,0.563149213791
181585,0.978809833527
181586,0.886108100414
181587,0.928449392319
181589,0.357219547033
181590,0.566865801811
181591,0.982304573059
181592,0.643325269222
181593,0.654734313488
181594,0.796763002872
181598,0.869123697281
181599,0.778834760189
181602,0.706453323364
181603,0.719113528728
181605,0.803143322468
181609,0.988601148129
181610,0.974670290947
181612,0.508928954601
181614,0.855030119419
181617,0.930672347546
181619,0.898147106171
181620,0.366203904152
181623,0.522658705711
181625,0.793455541134
181627,0.776650071144
181630,0.707965672016
181631,0.921806037426
181636,0.704336106777
181637,0.343076229095
181638,0.835051476955
181641,0.41602152586
181643,0.761116147041
181644,0.57609051466
181648,0.921045303345
181649,0.787444829941
181650,0.944741904736
181651,0.761488497257
181655,0.892633080482
181656,0.893972992897
181657,0.894470453262
181658,0.450064003468
181661,0.905982792377
181662,0.596754312515
181665,0.944679677486
181666,0.601103782654
181667,0.978644490242
181668,0.862209320068
181669,0.888775765896
181670,0.928142011166
181676,0.367688596249
181677,0.765617489815
181679,0.829170525074
181680,0.904987633228
181681,0.743824243546
181684,0.953466951847
181685,0.968513250351
181688,0.977984905243
181691,0.597523212433
181692,0.852479875088
181693,0.962762355804
181694,0.89103525877
181696,0.954950511456
181698,0.929026246071
181699,0.858536481857
181701,0.803354620934
181705,0.665323913097
181706,0.505316972733
181707,0.898834228516
181708,0.877190887928
181709,0.746536433697
181712,0.985475420952
181714,0.784140467644
181715,0.952514469624
181716,0.804225087166
181717,0.956473588943
181721,0.578288674355
181726,0.990509033203
181729,0.953906476498
181732,0.786833941936
181734,0.7335537076
181735,0.914553165436
181736,0.736771047115
181742,0.871133983135
181743,0.317736238241
181746,0.794262647629
181747,0.990909636021
181748,0.75636857748
181751,0.951372802258
181752,0.739877045155
181753,0.810662865639
181756,0.938542127609
181758,0.943112552166
181759,0.472713649273
181762,0.881475269794
181766,0.866573572159
181767,0.387123912573
181768,0.765703499317
181769,0.664215445518
181771,0.948623001575
181772,0.979602217674
181775,0.875317215919
181786,0.955466091633
181791,0.757057011127
181793,0.98362237215
181795,0.412715762854
181798,0.952821075916
181800,0.740294992924
181801,0.630389511585
181802,0.700741350651
181804,0.873331069946
181805,0.906110405922
181806,0.642320811749
181807,0.928521633148
181810,0.923154890537
181811,0.906213283539
181813,0.869355976582
181815,0.895139932632
181816,0.498928517103
181821,0.961768686771
181822,0.754270136356
181828,0.793188095093
181830,0.959728956223
181834,0.983803272247
181839,0.98010879755
181840,0.914048016071
181841,0.7884567976
181842,0.905424833298
181844,0.93951267004
181845,0.959164619446
181846,0.637285113335
181847,0.773097872734
181850,0.704025626183
181851,0.920077323914
181852,0.790318787098
181853,0.926777422428
181854,0.901738703251
181859,0.962197184563
181861,0.621156334877
181862,0.358943045139
181865,0.148656785488
181866,0.832991063595
181869,0.52824306488
181870,0.877752959728
181871,0.964141011238
181872,0.802236258984
181873,0.702343344688
181874,0.836236834526
181876,0.736430048943
181877,0.922847807407
181879,0.977795004845
181881,0.808173239231
181882,0.672224283218
181884,0.514204621315
181885,0.461296975613
181886,0.94223088026
181887,0.471738785505
181888,0.913739979267
181889,0.976609885693
181890,0.819855630398
181891,0.548855662346
181892,0.840283572674
181894,0.775139927864
181895,0.510605931282
181896,0.621054708958
181897,0.569841265678
181899,0.68630617857
181903,0.780223846436
181904,0.762076973915
181905,0.678779840469
181906,0.533972263336
181909,0.598980545998
181910,0.798102259636
181912,0.889998495579
181914,0.721555411816
181915,0.805377483368
181916,0.59779471159
181918,0.922952055931
181926,0.672549188137
181927,0.837311863899
181928,0.826159417629
181931,0.932848870754
181932,0.794110834599
181935,0.895610153675
181937,0.657295107841
181938,0.643888890743
181940,0.972300469875
181941,0.697462916374
181947,0.715600848198
181953,0.382835537195
181954,0.854754626751
181956,0.786648571491
181957,0.837737560272
181958,0.904243469238
181959,0.809893965721
181960,0.696368277073
181961,0.878824532032
181964,0.585171341896
181966,0.91637134552
181970,0.695513904095
181971,0.717794120312
181974,0.958014845848
181977,0.764272451401
181983,0.928472399712
181986,0.865953028202
181987,0.858924150467
181988,0.869510412216
181989,0.774598002434
181992,0.636628627777
181993,0.758895754814
181995,0.875177621841
181998,0.989044547081
182001,0.766518712044
182002,0.787013173103
182004,0.889773249626
182006,0.981883645058
182007,0.54058098793
182011,0.925151050091
182015,0.850061893463
182017,0.955765008926
182018,0.967129409313
182019,0.424363285303
182020,0.786821305752
182023,0.881992340088
182024,0.754484474659
182027,0.420942246914
182028,0.630351424217
182029,0.799393832684
182030,0.599668622017
182031,0.934843540192
182032,0.484760165215
182034,0.91910046339
182036,0.895462751389
182037,0.059441242367
182039,0.813718378544
182043,0.496024280787
182044,0.94299018383
182046,0.50303196907
182048,0.83729839325
182049,0.875042974949
182051,0.841554641724
182052,0.812071084976
182053,0.794085323811
182054,0.891680002213
182056,0.24778111279
182057,0.673825025558
182058,0.750271201134
182060,0.812910676003
182065,0.729214727879
182067,0.892032921314
182069,0.680734395981
182072,0.72355568409
182074,0.902723133564
182077,0.871221840382
182078,0.961028039455
182079,0.883898258209
182081,0.937038123608
182082,0.637923002243
182083,0.986672639847
182085,0.784503936768
182086,0.616485476494
182089,0.797982990742
182090,0.935488760471
182091,0.45317274332
182095,0.944999039173
182100,0.776783645153
182103,0.906698644161
182107,0.910937666893
182109,0.842302262783
182112,0.875842392445
182113,0.913539946079
182116,0.878215372562
182117,0.582790374756
182121,0.72500950098
182122,0.938031435013
182123,0.811570823193
182125,0.645845115185
182127,0.936781346798
182129,0.907839715481
182133,0.581908285618
182134,0.185122102499
182135,0.819674432278
182136,0.813309729099
182137,0.749671459198
182147,0.71924841404
182149,0.788143098354
182152,0.625456511974
182153,0.634720087051
182156,0.782185077667
182161,0.670381128788
182164,0.826280772686
182165,0.9506483078
182166,0.97908860445
182168,0.909999787807
182169,0.802753269672
182172,0.839717507362
182174,0.965485274792
182181,0.933916270733
182182,0.449693620205
182184,0.883573710918
182186,0.969431817532
182187,0.772123336792
182190,0.782893955708
182191,0.805949270725
182193,0.979655206203
182194,0.989316344261
182198,0.46128693223
182199,0.0459246374667
182200,0.39848741889
182201,0.294475734234
182203,0.682913422585
182205,0.547916650772
182206,0.50158315897
182207,0.813236534595
182208,0.768248617649
182209,0.950458824635
182210,0.959856808186
182211,0.863632977009
182212,0.902031302452
182213,0.793272674084
182214,0.971379637718
182216,0.548371255398
182217,0.221401572227
182218,0.791605710983
182220,0.82272362709
182222,0.945751130581
182223,0.9912135005
182226,0.856513798237
182227,0.782681167126
182228,0.968844711781
182229,0.649134218693
182232,0.954804420471
182233,0.954504370689
182235,0.770554363728
182238,0.597791612148
182240,0.824848592281
182241,0.690499067307
182242,0.969426214695
182246,0.437477111816
182247,0.848691642284
182250,0.705033123493
182251,0.8982000947
182255,0.316745460033
182257,0.938956677914
182258,0.72080296278
182260,0.633488118649
182262,0.942349851131
182264,0.717521190643
182265,0.891234099865
182267,0.731732666492
182269,0.233293548226
182271,0.630766868591
182272,0.638806402683
182273,0.940692126751
182275,0.069018304348
182276,0.733585834503
182277,0.617071151733
182278,0.659136295319
182279,0.31758326292
182280,0.975138008595
182281,0.970495939255
182282,0.887275516987
182285,0.523668169975
182288,0.829406380653
182290,0.78874284029
182292,0.862941861153
182293,0.678472936153
182298,0.951965212822
182299,0.888432502747
182300,0.720763266087
182304,0.563202023506
182305,0.921680629253
182306,0.908712923527
182308,0.712230980396
182309,0.765980839729
182314,0.517306745052
182316,0.861118555069
182319,0.413155794144
182324,0.599635481834
182330,0.904830753803
182333,0.845780134201
182334,0.561958968639
182335,0.957396626472
182336,0.908525466919
182337,0.403642982244
182341,0.868781030178
182342,0.769076347351
182344,0.812951385975
182345,0.949722826481
182347,0.935928165913
182348,0.79447799921
182349,0.767957568169
182351,0.788912832737
182352,0.509421229362
182353,0.544482588768
182354,0.788242340088
182355,0.693537175655
182356,0.935650169849
182357,0.949647843838
182358,0.815535247326
182359,0.504225075245
182361,0.780522346497
182366,0.745109498501
182367,0.91560959816
182368,0.626133859158
182369,0.68321621418
182371,0.928950846195
182373,0.867773115635
182374,0.76911687851
182376,0.679028153419
182378,0.854617059231
182379,0.86747020483
182381,0.950120389462
182386,0.913102805614
182388,0.875182628632
182389,0.576091051102
182390,0.955491423607
182391,0.982278347015
182392,0.650339603424
182395,0.4561830163
182396,0.614270865917
182398,0.906326949596
182399,0.630230009556
182400,0.655197560787
182401,0.930670022964
182407,0.6653419137
182408,0.225387856364
182413,0.678737282753
182414,0.548748493195
182415,0.845822870731
182417,0.685544848442
182418,0.635866463184
182419,0.656496226788
182422,0.959659337997
182424,0.77154147625
182426,0.599013566971
182427,0.885932505131
182428,0.809210896492
182430,0.60683131218
182431,0.61500865221
182432,0.4633012712
182433,0.929359197617
182437,0.952979326248
182441,0.973165512085
182442,0.764848172665
182445,0.824290335178
182446,0.964466869831
182447,0.964313030243
182448,0.721230566502
182449,0.738219022751
182450,0.624869048595
182452,0.654792845249
182454,0.466645181179
182455,0.43990406394
182457,0.61917668581
182458,0.599295020103
182461,0.868454992771
182463,0.938815891743
182465,0.939403116703
182467,0.769190728664
182469,0.153370067477
182471,0.193739801645
182472,0.887267053127
182473,0.505842745304
182475,0.773366630077
182477,0.862216711044
182479,0.751063525677
182480,0.677202224731
182486,0.85914003849
182488,0.867131471634
182489,0.926664710045
182490,0.971889793873
182491,0.886855840683
182493,0.749803125858
182495,0.963419377804
182498,0.617064297199
182500,0.577565968037
182501,0.801734089851
182502,0.897965729237
182505,0.912073910236
182507,0.942319333553
182508,0.470269978046
182509,0.804266273975
182513,0.807365298271
182514,0.756107330322
182516,0.832267820835
182519,0.773604273796
182522,0.806623280048
182524,0.807358145714
182525,0.904473364353
182526,0.756068885326
182529,0.899840831757
182530,0.797405004501
182531,0.69371265173
182533,0.969652235508
182534,0.81344974041
182535,0.93109858036
182536,0.983313024044
182537,0.960900127888
182539,0.204140886664
182542,0.808500766754
182543,0.423522144556
182544,0.208386316895
182547,0.877205908298
182549,0.851512253284
182550,0.922984480858
182552,0.655385136604
182553,0.935401618481
182554,0.817807972431
182557,0.271970063448
182558,0.938877880573
182561,0.577528774738
182562,0.812322378159
182565,0.918992936611
182567,0.901557922363
182568,0.951197385788
182569,0.897413551807
182572,0.845253109932
182573,0.922493100166
182577,0.672196090221
182578,0.875307738781
182582,0.648277282715
182584,0.765298545361
182585,0.922437727451
182586,0.970530092716
182588,0.0624802336097
182593,0.620938718319
182594,0.899788618088
182598,0.811416089535
182599,0.793567299843
182603,0.567370533943
182604,0.896555900574
182605,0.791761159897
182606,0.895488262177
182607,0.902848005295
182608,0.781627476215
182610,0.824431121349
182611,0.918331384659
182612,0.771380364895
182620,0.78842407465
182621,0.776700973511
182623,0.596167743206
182626,0.548854231834
182627,0.783439218998
182628,0.971711099148
182630,0.947865188122
182635,0.938047409058
182636,0.946535587311
182637,0.596280455589
182638,0.755953133106
182639,0.855669677258
182640,0.213520973921
182642,0.958811998367
182646,0.394144952297
182650,0.503936052322
182652,0.872127771378
182653,0.894342601299
182654,0.960366249084
182655,0.875273108482
182657,0.967058837414
182658,0.952458500862
182660,0.928746163845
182662,0.650506317616
182663,0.981122374535
182667,0.902232646942
182669,0.867064416409
182672,0.961841881275
182674,0.849939823151
182676,0.943692803383
182678,0.947615623474
182679,0.467829942703
182680,0.967269718647
182681,0.668168067932
182684,0.924974620342
182686,0.358057290316
182690,0.778613388538
182691,0.825299739838
182692,0.718467593193
182695,0.913546144962
182696,0.840683579445
182697,0.985099077225
182698,0.437664180994
182700,0.890364646912
182707,0.671806156635
182708,0.705190360546
182709,0.553119957447
182710,0.815856039524
182712,0.824606716633
182713,0.818403840065
182715,0.870761573315
182717,0.384273588657
182718,0.523639500141
182721,0.758677244186
182725,0.849416136742
182727,0.683307528496
182728,0.950055480003
182730,0.784936070442
182731,0.779965281487
182734,0.642017006874
182735,0.865385174751
182739,0.81537270546
182740,0.877639174461
182742,0.925290703773
182745,0.736968815327
182746,0.978246986866
182751,0.497863531113
182752,0.838276028633
182753,0.322087168694
182756,0.885354876518
182758,0.802065193653
182759,0.66861230135
182760,0.204097896814
182762,0.922256410122
182763,0.680966556072
182765,0.965920805931
182768,0.456014543772
182770,0.985403478146
182772,0.903524041176
182775,0.985119879246
182777,0.962158322334
182781,0.784357905388
182782,0.840836405754
182783,0.836495757103
182784,0.959044516087
182785,0.974977970123
182786,0.729492485523
182788,0.901311099529
182789,0.789292812347
182792,0.724176168442
182793,0.840094745159
182794,0.709211528301
182798,0.941605687141
182799,0.768614768982
182803,0.681826472282
182805,0.913038611412
182807,0.671354234219
182812,0.911163747311
182814,0.772770822048
182816,0.801790714264
182823,0.750128805637
182824,0.594794690609
182826,0.590013325214
182827,0.439188659191
182830,0.885151267052
182831,0.938899636269
182832,0.895763754845
182834,0.769544243813
182837,0.853693723679
182838,0.895707666874
182839,0.701811134815
182841,0.365383416414
182844,0.981364190578
182847,0.978961348534
182848,0.890458524227
182851,0.950176954269
182852,0.871689379215
182855,0.965342581272
182858,0.626455187798
182859,0.779598653316
182864,0.664058804512
182865,0.950147151947
182866,0.884948849678
182867,0.18818949163
182868,0.919944703579
182869,0.314466834068
182871,0.42509496212
182875,0.705493807793
182877,0.960604906082
182878,0.919461965561
182881,0.975457847118
182885,0.773323714733
182886,0.529618144035
182887,0.939884603024
182888,0.674606978893
182891,0.725758314133
182892,0.825480282307
182893,0.543307602406
182898,0.769951760769
182899,0.270151287317
182900,0.970290541649
182901,0.916690409184
182902,0.876521229744
182904,0.963328421116
182907,0.639381527901
182911,0.588236093521
182912,0.906095743179
182913,0.602130889893
182922,0.343696951866
182924,0.646255493164
182925,0.660413503647
182928,0.43223875761
182929,0.82854950428
182930,0.632816672325
182931,0.73641705513
182932,0.913277506828
182934,0.95047801733
182937,0.637978255749
182938,0.82483714819
182939,0.779188394547
182940,0.987946212292
182944,0.955423951149
182945,0.971227645874
182946,0.986239373684
182947,0.835593700409
182948,0.866220712662
182950,0.798753857613
182951,0.750630617142
182957,0.17250700295
182960,0.593615114689
182961,0.914298772812
182964,0.544761896133
182966,0.908112466335
182967,0.584585368633
182968,0.973360002041
182969,0.912431240082
182970,0.929043114185
182971,0.766706347466
182972,0.849200844765
182975,0.654737770557
182976,0.865623295307
182978,0.849535703659
182979,0.692165374756
182980,0.938871741295
182982,0.813812315464
182984,0.792333543301
182987,0.899047255516
182989,0.80817759037
182990,0.457170754671
182991,0.881773471832
182993,0.473822146654
182997,0.955071508884
182998,0.71348297596
182999,0.697926342487
183000,0.801239848137
183004,0.716212511063
183005,0.921863138676
183006,0.789858460426
183010,0.727756440639
183012,0.97226703167
183015,0.91436880827
183017,0.991839647293
183021,0.493842899799
183024,0.442994147539
183026,0.851619839668
183030,0.152353689075
183032,0.965362250805
183034,0.915527045727
183035,0.84169369936
183037,0.965030670166
183038,0.789752960205
183042,0.913566529751
183044,0.985846936703
183046,0.939716517925
183047,0.682485342026
183049,0.449875980616
183054,0.918969392776
183055,0.910826206207
183057,0.58629155159
183060,0.834416806698
183062,0.630684196949
183066,0.989848434925
183067,0.942215025425
183068,0.735947966576
183069,0.551753759384
183070,0.530746519566
183071,0.93271112442
183072,0.809581160545
183075,0.711675167084
183077,0.983628034592
183078,0.927321016788
183080,0.651073515415
183081,0.751963853836
183082,0.605139732361
183083,0.689262568951
183084,0.774288415909
183085,0.731090545654
183087,0.686104536057
183088,0.973832845688
183089,0.842892289162
183092,0.365073263645
183094,0.804208934307
183097,0.935640156269
183098,0.93201649189
183100,0.932061851025
183101,0.533146202564
183102,0.119130246341
183103,0.550486505032
183105,0.92771011591
183106,0.985928058624
183107,0.849845826626
183108,0.490510702133
183109,0.727405905724
183111,0.609494328499
183113,0.601459801197
183114,0.977332949638
183116,0.881152391434
183117,0.979666411877
183123,0.869190216064
183124,0.89961618185
183125,0.919102609158
183127,0.787917673588
183128,0.941321134567
183129,0.747414648533
183134,0.719063997269
183135,0.922192335129
183139,0.522636532784
183143,0.804394721985
183145,0.853247821331
183148,0.807141900063
183149,0.674372017384
183151,0.779654622078
183152,0.555850863457
183154,0.0424220338464
183157,0.860362350941
183158,0.480086892843
183159,0.358321607113
183160,0.935178458691
183161,0.960842549801
183164,0.935492932796
183165,0.910280108452
183166,0.21626482904
183174,0.523869216442
183176,0.842078745365
183177,0.907467722893
183179,0.855931043625
183181,0.582584559917
183183,0.748687148094
183184,0.358551025391
183185,0.210736051202
183186,0.956847012043
183187,0.665803730488
183188,0.816642642021
183190,0.959894001484
183191,0.893357872963
183192,0.831334412098
183193,0.717220067978
183196,0.977607131004
183199,0.936696946621
183200,0.836804926395
183207,0.953228294849
183211,0.785362660885
183215,0.977478265762
183219,0.624949932098
183220,0.840824067593
183221,0.641016602516
183222,0.851968407631
183225,0.977647185326
183226,0.847837984562
183231,0.858789026737
183232,0.755325317383
183233,0.749321818352
183234,0.679587185383
183236,0.914444863796
183238,0.875381112099
183240,0.886858761311
183241,0.590992510319
183244,0.917730569839
183246,0.971482217312
183248,0.777486920357
183249,0.955826997757
183250,0.103135079145
183256,0.982702851295
183259,0.946857273579
183261,0.785293340683
183262,0.986911177635
183263,0.741975128651
183264,0.879869878292
183271,0.918060302734
183273,0.80801731348
183278,0.922478318214
183280,0.859217703342
183283,0.696744441986
183285,0.663562595844
183286,0.959925889969
183289,0.737573623657
183290,0.850708782673
183291,0.847899913788
183295,0.807209014893
183296,0.858326554298
183299,0.457569241524
183304,0.83986979723
183305,0.731977939606
183306,0.745655357838
183307,0.900133728981
183308,0.841600120068
183310,0.539113342762
183311,0.933945119381
183316,0.90622484684
183319,0.96863424778
183322,0.990349173546
183323,0.681012034416
183325,0.921523153782
183327,0.794969260693
183329,0.884920358658
183333,0.675040483475
183334,0.613169193268
183335,0.517620384693
183338,0.849961459637
183340,0.922984242439
183341,0.876281797886
183342,0.57156252861
183343,0.923604846001
183345,0.806184768677
183347,0.92205953598
183350,0.609362006187
183351,0.904584109783
183352,0.942108333111
183353,0.954793870449
183356,0.967673420906
183358,0.520139157772
183363,0.899559736252
183364,0.606581270695
183365,0.846928656101
183366,0.772709667683
183369,0.846618115902
183372,0.927821338177
183375,0.935627281666
183376,0.71736574173
183377,0.827847361565
183385,0.765767216682
183388,0.694091260433
183389,0.935443997383
183390,0.727657198906
183391,0.946335554123
183393,0.847442269325
183395,0.901964366436
183396,0.804780423641
183399,0.925551235676
183400,0.472135454416
183402,0.250780016184
183404,0.956940233707
183405,0.161660984159
183406,0.935963451862
183409,0.525470376015
183417,0.712589800358
183419,0.84224653244
183421,0.908630549908
183422,0.986274957657
183423,0.331463068724
183424,0.705722332001
183425,0.852645158768
183428,0.641035735607
183432,0.98457378149
183433,0.648835241795
183434,0.559254169464
183435,0.57277816534
183436,0.988631188869
183441,0.836387872696
183447,0.286095261574
183448,0.958759665489
183454,0.926539003849
183458,0.870802521706
183460,0.784104585648
183462,0.581741333008
183470,0.8232203722
183472,0.918482780457
183475,0.787952959538
183476,0.93159365654
183477,0.922743618488
183482,0.655698478222
183483,0.559759914875
183486,0.754439532757
183487,0.84625774622
183488,0.468641728163
183496,0.809232950211
183498,0.516198158264
183499,0.948715806007
183500,0.835161209106
183501,0.963220596313
183504,0.68967294693
183505,0.915920197964
183506,0.973831534386
183509,0.763508200645
183514,0.588598012924
183515,0.894730269909
183517,0.962838709354
183519,0.880180895329
183523,0.67979234457
183531,0.702665448189
183532,0.532757997513
183535,0.903667509556
183536,0.790212392807
183541,0.729098200798
183542,0.726685881615
183543,0.859085321426
183544,0.727809488773
183548,0.828075528145
183550,0.572770595551
183552,0.916463315487
183555,0.927632749081
183558,0.962105572224
183560,0.937592446804
183563,0.967820584774
183566,0.346676975489
183567,0.96596133709
183568,0.677268505096
183570,0.977249860764
183573,0.843248069286
183574,0.895981013775
183578,0.694393873215
183579,0.967992901802
183586,0.877037286758
183587,0.966501116753
183588,0.776855170727
183594,0.945316135883
183595,0.982935905457
183596,0.669866681099
183597,0.704883635044
183599,0.976781785488
183601,0.964012801647
183602,0.905425786972
183603,0.468033313751
183604,0.781958341599
183606,0.846242487431
183609,0.597589075565
183610,0.971200108528
183613,0.942845106125
183614,0.948856413364
183616,0.927970647812
183619,0.427785485983
183620,0.82883888483
183621,0.943392336369
183622,0.487563937902
183625,0.961141467094
183626,0.940836668015
183627,0.956622123718
183629,0.783007323742
183634,0.96593028307
183636,0.783375322819
183641,0.669795632362
183642,0.781811118126
183643,0.808445930481
183644,0.811038613319
183646,0.522210538387
183649,0.886578381062
183653,0.96783387661
183655,0.479965806007
183657,0.91297441721
183660,0.818141102791
183662,0.969820618629
183664,0.205154165626
183673,0.874719142914
183674,0.871619045734
183675,0.783075094223
183677,0.939411342144
183678,0.822188675404
183679,0.841947436333
183680,0.979548931122
183682,0.822548568249
183685,0.984503269196
183689,0.748174786568
183691,0.390940487385
183693,0.151965945959
183695,0.753333032131
183697,0.626215159893
183700,0.739320993423
183706,0.829871535301
183708,0.967945873737
183709,0.904207408428
183710,0.841116905212
183713,0.933314859867
183716,0.741496086121
183718,0.949651181698
183719,0.885176420212
183720,0.975392222404
183721,0.707517683506
183722,0.729047298431
183723,0.917418003082
183727,0.913212060928
183729,0.591260790825
183730,0.959129393101
183731,0.690886259079
183732,0.935363352299
183733,0.912550032139
183734,0.785541296005
183735,0.920545697212
183736,0.923093259335
183737,0.768833994865
183739,0.776513636112
183740,0.383535832167
183741,0.978406846523
183742,0.872022211552
183744,0.958194196224
183747,0.992920339108
183750,0.8649289608
183751,0.755189239979
183754,0.980830430984
183755,0.90581715107
183757,0.883007347584
183761,0.696194052696
183762,0.738299250603
183763,0.875348031521
183764,0.80123925209
183765,0.595031559467
183766,0.899258434772
183767,0.776764690876
183770,0.844333589077
183772,0.810115873814
183773,0.752437353134
183776,0.786334216595
183777,0.604959309101
183778,0.584664463997
183779,0.63440155983
183780,0.548116087914
183781,0.844528436661
183788,0.748539209366
183790,0.709779381752
183793,0.91037017107
183795,0.906843304634
183796,0.93002974987
183797,0.823237895966
183801,0.94486874342
183802,0.686559438705
183807,0.822141885757
183811,0.859126448631
183813,0.899595379829
183814,0.742000520229
183815,0.912526726723
183816,0.790819764137
183818,0.609427690506
183819,0.530644774437
183820,0.377317339182
183821,0.498724848032
183822,0.839402914047
183824,0.9133913517
183825,0.81637519598
183826,0.848152279854
183827,0.78764551878
183828,0.424850732088
183829,0.489651858807
183830,0.627627134323
183835,0.673279225826
183836,0.730009734631
183839,0.789685487747
183843,0.831347227097
183845,0.949413537979
183848,0.986873924732
183849,0.950355768204
183855,0.932335972786
183856,0.636525034904
183858,0.655244827271
183860,0.779776275158
183861,0.757206737995
183863,0.88437628746
183865,0.906941473484
183866,0.646212935448
183867,0.921706557274
183868,0.403411030769
183869,0.772816777229
183870,0.928847134113
183871,0.540784478188
183872,0.868145227432
183875,0.650496065617
183878,0.443798452616
183881,0.873524427414
183882,0.903034985065
183883,0.927947461605
183884,0.927335977554
183885,0.901048362255
183886,0.914448559284
183889,0.579429805279
183891,0.916961431503
183895,0.875577628613
183897,0.981273889542
183899,0.760747015476
183900,0.960792124271
183901,0.957944154739
183903,0.95431137085
183904,0.917531430721
183905,0.977971494198
183912,0.932008862495
183913,0.952496826649
183914,0.743218660355
183915,0.471563756466
183916,0.837238967419
183917,0.639778196812
183918,0.640157938004
183923,0.958401799202
183926,0.949804723263
183928,0.446658283472
183932,0.887596130371
183935,0.869837522507
183938,0.738635718822
183940,0.602350413799
183943,0.81372833252
183944,0.962120473385
183948,0.995334088802
183949,0.734272122383
183950,0.716884970665
183952,0.920526683331
183953,0.789977550507
183954,0.0869345068932
183956,0.670618653297
183958,0.901033759117
183959,0.769616603851
183960,0.849324822426
183961,0.561118125916
183963,0.964489638805
183966,0.800001680851
183967,0.0648759528995
183975,0.931431293488
183980,0.492503881454
183986,0.846076726913
183987,0.780884325504
183989,0.885082364082
183992,0.923192322254
183993,0.97845351696
183994,0.590905725956
183995,0.735640823841
183998,0.348954051733
184000,0.965720653534
184002,0.832458198071
184011,0.957415997982
184012,0.982346773148
184014,0.390450030565
184015,0.636838436127
184016,0.677676260471
184018,0.954814732075
184019,0.761408805847
184021,0.869775772095
184024,0.580675542355
184025,0.865172088146
184027,0.623529613018
184028,0.895827949047
184030,0.729999244213
184031,0.912900924683
184032,0.259996980429
184033,0.516226053238
184034,0.921637773514
184035,0.405541568995
184036,0.787852823734
184037,0.875513553619
184038,0.580330073833
184043,0.766285121441
184044,0.49483281374
184048,0.98307043314
184049,0.633207559586
184052,0.701256334782
184053,0.979864239693
184055,0.988154768944
184061,0.971685409546
184063,0.727096259594
184064,0.968819856644
184065,0.424873501062
184066,0.762113392353
184068,0.728079557419
184069,0.823217272758
184070,0.879091203213
184071,0.964017689228
184073,0.519445240498
184074,0.950777292252
184076,0.950519025326
184078,0.906775295734
184080,0.984518766403
184083,0.76911431551
184088,0.803880512714
184092,0.551245987415
184093,0.546353280544
184095,0.960106492043
184100,0.991732001305
184102,0.73913025856
184103,0.947583496571
184105,0.731361985207
184106,0.718295037746
184109,0.96934825182
184112,0.756513774395
184115,0.653196811676
184116,0.994112432003
184117,0.926322698593
184119,0.881247758865
184120,0.690968215466
184121,0.951644599438
184125,0.759917199612
184126,0.870196044445
184127,0.860869169235
184130,0.715683758259
184133,0.88936573267
184134,0.62524831295
184136,0.946817696095
184137,0.924712300301
184142,0.820647120476
184143,0.867459356785
184145,0.965617418289
184146,0.870798766613
184147,0.853313863277
184150,0.962806642056
184151,0.720668673515
184154,0.702227950096
184155,0.863199651241
184156,0.965747117996
184158,0.64787209034
184162,0.853716909885
184163,0.82923489809
184165,0.684647202492
184166,0.421960651875
184168,0.863531827927
184170,0.962974429131
184171,0.769325911999
184173,0.9041467309
184175,0.96705776453
184177,0.801803171635
184178,0.610902488232
184179,0.515814006329
184180,0.883651316166
184181,0.794011414051
184184,0.912840306759
184190,0.859823048115
184191,0.77299028635
184193,0.892575085163
184194,0.9560328722
184196,0.411037176847
184198,0.305539101362
184200,0.892244696617
184201,0.290504574776
184202,0.617877781391
184205,0.93115645647
184206,0.731601178646
184207,0.952350378036
184208,0.738987803459
184209,0.98919159174
184211,0.762339115143
184213,0.526038885117
184216,0.925102353096
184218,0.906181454659
184220,0.474802523851
184221,0.832422673702
184222,0.766748130322
184227,0.3663418293
184233,0.796821892262
184236,0.793773412704
184237,0.974660634995
184238,0.985578417778
184240,0.864543199539
184241,0.711622595787
184243,0.817349135876
184245,0.934544086456
184246,0.703693509102
184247,0.84457308054
184251,0.912561178207
184252,0.629417777061
184253,0.947369337082
184255,0.917142868042
184257,0.968510091305
184259,0.646423399448
184260,0.901679456234
184261,0.456459254026
184262,0.770308315754
184263,0.873505532742
184264,0.789822399616
184265,0.969288349152
184267,0.651490867138
184268,0.906559765339
184269,0.897863566875
184275,0.819410264492
184276,0.944070577621
184279,0.351140797138
184282,0.597995758057
184285,0.636634230614
184289,0.881720066071
184290,0.798841536045
184291,0.971589446068
184292,0.987679958344
184293,0.382416248322
184294,0.900008141994
184296,0.929788351059
184300,0.724515080452
184301,0.782355487347
184302,0.793997466564
184303,0.524371445179
184305,0.917125821114
184307,0.920955717564
184308,0.87636089325
184311,0.954442679882
184314,0.947249650955
184315,0.918180465698
184316,0.930060148239
184317,0.8221539855
184318,0.794809222221
184319,0.902631521225
184320,0.683526217937
184321,0.947992324829
184323,0.745669662952
184326,0.909399628639
184327,0.854514420033
184328,0.515089631081
184329,0.549720704556
184332,0.820075750351
184333,0.805000722408
184336,0.587932646275
184339,0.97033405304
184340,0.799339771271
184341,0.985859453678
184342,0.506139814854
184344,0.943344175816
184345,0.442594200373
184346,0.744703471661
184348,0.910307168961
184350,0.804004907608
184351,0.961601674557
184352,0.932236492634
184354,0.407619863749
184355,0.666086494923
184356,0.936298370361
184358,0.620904564857
184359,0.902175486088
184361,0.855116844177
184363,0.967873036861
184365,0.428121447563
184366,0.535429656506
184368,0.775558829308
184369,0.788612306118
184371,0.909243226051
184372,0.857905685902
184374,0.438859581947
184375,0.887605309486
184382,0.864165306091
184385,0.527415633202
184386,0.545872211456
184391,0.946434080601
184392,0.255988001823
184393,0.972961425781
184395,0.939524054527
184398,0.680067062378
184399,0.89792984724
184400,0.781466126442
184402,0.407607853413
184403,0.944272816181
184406,0.693551063538
184407,0.866113603115
184408,0.865041911602
184410,0.773041427135
184412,0.515889585018
184413,0.843766450882
184414,0.894334375858
184418,0.799347698689
184419,0.760767579079
184422,0.724690556526
184424,0.627170503139
184425,0.766273915768
184426,0.611912786961
184427,0.803108632565
184429,0.831870019436
184431,0.666051983833
184432,0.641021668911
184433,0.918487012386
184434,0.816658139229
184435,0.784881830215
184436,0.524460375309
184438,0.967764377594
184441,0.841178834438
184443,0.91700732708
184444,0.953321218491
184445,0.605195343494
184446,0.73541533947
184448,0.852400660515
184451,0.534387588501
184457,0.560533821583
184460,0.946364045143
184464,0.917071402073
184465,0.957949995995
184466,0.807366430759
184467,0.741940915585
184473,0.926977097988
184474,0.564634978771
184476,0.548385560513
184477,0.67585504055
184479,0.731512546539
184480,0.614635765553
184481,0.965010762215
184482,0.970294773579
184486,0.973529756069
184493,0.538241922855
184495,0.492318600416
184503,0.946103334427
184506,0.980457007885
184508,0.832442939281
184509,0.823640823364
184510,0.899388849735
184512,0.547960460186
184513,0.938860297203
184515,0.463596403599
184516,0.982124388218
184518,0.877956926823
184519,0.924736857414
184520,0.874411761761
184521,0.663014173508
184522,0.928870201111
184523,0.824432075024
184526,0.675932645798
184529,0.962030947208
184530,0.837536990643
184536,0.978403091431
184538,0.716615438461
184541,0.716744542122
184542,0.509094774723
184543,0.864935576916
184545,0.722478151321
184550,0.431971848011
184551,0.947809815407
184552,0.601945877075
184554,0.73654127121
184555,0.724237322807
184556,0.362073212862
184559,0.641658186913
184561,0.954489886761
184562,0.769529938698
184565,0.939393699169
184566,0.944778263569
184570,0.947360277176
184573,0.485709607601
184575,0.851131558418
184577,0.309393525124
184578,0.945588290691
184579,0.834678292274
184580,0.917073726654
184581,0.900660037994
184582,0.839130342007
184585,0.698002755642
184591,0.780800819397
184592,0.833356738091
184593,0.972802340984
184594,0.876222133636
184599,0.306931257248
184600,0.955418169498
184603,0.795300126076
184606,0.932101845741
184607,0.800361275673
184608,0.687709629536
184609,0.817380666733
184611,0.408538907766
184614,0.984217643738
184616,0.856335639954
184620,0.0832226425409
184622,0.697287321091
184628,0.700893104076
184630,0.63979101181
184633,0.866428911686
184634,0.811351001263
184635,0.391047775745
184638,0.904712378979
184639,0.94995456934
184641,0.870952069759
184645,0.949473917484
184649,0.914987564087
184652,0.80797368288
184653,0.95199328661
184654,0.350770205259
184658,0.980171322823
184660,0.691257953644
184661,0.844825267792
184662,0.905629634857
184664,0.617013394833
184667,0.832326292992
184670,0.956227362156
184674,0.832352817059
184675,0.97126442194
184678,0.727114021778
184680,0.462623327971
184682,0.825986981392
184687,0.867271780968
184689,0.895678699017
184691,0.896965801716
184692,0.918833673
184693,0.841660141945
184695,0.520581305027
184696,0.418412148952
184701,0.636108636856
184713,0.942320764065
184714,0.889694392681
184718,0.701642334461
184719,0.725176274776
184723,0.686803996563
184724,0.528870344162
184725,0.817664980888
184726,0.83177292347
184727,0.791098237038
184730,0.742483139038
184731,0.982230961323
184732,0.674329102039
184733,0.906463980675
184735,0.743606030941
184738,0.773468017578
184741,0.64480060339
184746,0.707460463047
184750,0.907900869846
184751,0.663480699062
184753,0.912075638771
184756,0.608204483986
184757,0.937143623829
184761,0.366565555334
184762,0.771195650101
184763,0.94397687912
184765,0.57575148344
184768,0.672031283379
184770,0.789014339447
184772,0.890315771103
184773,0.885199189186
184774,0.49547958374
184776,0.98645222187
184777,0.78746175766
184779,0.992497503757
184784,0.637492477894
184787,0.811647057533
184788,0.970946073532
184791,0.269193738699
184792,0.798114299774
184793,0.913408756256
184796,0.642212927341
184798,0.507114112377
184799,0.653642654419
184802,0.882492363453
184803,0.874452888966
184805,0.614244878292
184808,0.950031042099
184812,0.829015672207
184814,0.676824331284
184816,0.812127768993
184817,0.943998992443
184820,0.587204813957
184821,0.495240300894
184822,0.966338992119
184823,0.912920892239
184825,0.861306428909
184826,0.981167137623
184827,0.449370324612
184829,0.578688561916
184830,0.757741808891
184832,0.948841273785
184833,0.700648725033
184835,0.618564248085
184838,0.451959848404
184839,0.799332141876
184840,0.77489566803
184841,0.857492208481
184843,0.649584412575
184845,0.884676516056
184846,0.423366338015
184851,0.977974414825
184853,0.776236176491
184854,0.740240573883
184856,0.808681130409
184857,0.818446695805
184861,0.967795789242
184863,0.882182121277
184864,0.952067017555
184865,0.312821000814
184866,0.824648141861
184872,0.969952702522
184873,0.780712962151
184874,0.979239583015
184875,0.806466042995
184880,0.964016914368
184882,0.829429864883
184884,0.768939495087
184885,0.920132100582
184887,0.829487204552
184888,0.974824011326
184889,0.488925933838
184891,0.844544172287
184892,0.576238155365
184893,0.976576864719
184895,0.769882977009
184897,0.701523065567
184898,0.575876057148
184899,0.961807072163
184900,0.981702804565
184902,0.82936668396
184903,0.548468053341
184904,0.85921806097
184907,0.739596307278
184910,0.947204113007
184913,0.501617610455
184914,0.723677575588
184917,0.971752882004
184918,0.891278326511
184919,0.675129532814
184920,0.597875893116
184923,0.954948425293
184924,0.967246949673
184925,0.449351638556
184927,0.928217709064
184929,0.715630292892
184930,0.873091876507
184932,0.847960114479
184936,0.806438326836
184937,0.946433484554
184938,0.94933450222
184941,0.85144507885
184942,0.976621448994
184947,0.792551755905
184949,0.847620904446
184952,0.873697817326
184955,0.971454977989
184958,0.932441353798
184959,0.770617365837
184960,0.818130135536
184961,0.789948105812
184963,0.870542287827
184964,0.982025146484
184966,0.647114932537
184967,0.609779179096
184968,0.829850792885
184969,0.99161362648
184970,0.967448651791
184972,0.823646008968
184973,0.656239032745
184981,0.727034628391
184982,0.622655034065
184983,0.6919028759
184986,0.930062353611
184989,0.868955254555
184990,0.675301969051
184994,0.920927882195
184995,0.719122827053
184997,0.285063832998
184998,0.269795387983
185002,0.698285520077
185004,0.758270800114
185007,0.448451250792
185012,0.913594067097
185013,0.84058535099
185015,0.614234387875
185020,0.883131206036
185023,0.745955884457
185027,0.667407333851
185028,0.886385798454
185029,0.96266669035
185033,0.652859866619
185034,0.830452203751
185035,0.701937377453
185037,0.74738317728
185040,0.478708982468
185041,0.990115821362
185042,0.683811783791
185044,0.72454559803
185046,0.971542537212
185047,0.974689304829
185048,0.597578108311
185049,0.800827860832
185051,0.81758248806
185055,0.854187309742
185056,0.822391748428
185057,0.851763129234
185058,0.362913459539
185059,0.678414404392
185060,0.961282551289
185061,0.71508961916
185062,0.556812405586
185063,0.847694039345
185065,0.754216432571
185068,0.983159184456
185069,0.964899897575
185071,0.837517082691
185072,0.973253905773
185073,0.883340358734
185076,0.733147263527
185077,0.351350486279
185078,0.883385002613
185081,0.623440444469
185082,0.933154463768
185083,0.168016821146
185085,0.988373100758
185088,0.419869244099
185089,0.87146872282
185095,0.983965277672
185097,0.93192756176
185099,0.464184224606
185100,0.875919759274
185103,0.592924177647
185104,0.800713300705
185110,0.793554127216
185111,0.984856963158
185112,0.537111103535
185113,0.761987090111
185114,0.447882592678
185117,0.76069444418
185118,0.557587563992
185119,0.628086209297
185120,0.900029480457
185121,0.66250193119
185126,0.79862844944
185127,0.83226454258
185132,0.954843342304
185133,0.97078204155
185135,0.652044832706
185138,0.94200605154
185139,0.715535342693
185141,0.726186513901
185146,0.967768073082
185147,0.914519846439
185148,0.77890008688
185151,0.918727040291
185153,0.886845529079
185154,0.977374196053
185157,0.928438603878
185159,0.990031242371
185160,0.646530032158
185162,0.982108056545
185163,0.552514493465
185165,0.674268066883
185167,0.851711332798
185169,0.982295393944
185172,0.987279653549
185177,0.572293877602
185180,0.57974421978
185181,0.366628885269
185183,0.880192697048
185187,0.798920094967
185191,0.567708551884
185192,0.589095950127
185193,0.775081574917
185195,0.413168430328
185203,0.532826542854
185206,0.958254277706
185207,0.589569211006
185209,0.933272123337
185212,0.812306642532
185213,0.936972618103
185215,0.980313003063
185219,0.928850412369
185220,0.792941987514
185221,0.955598831177
185222,0.927896976471
185225,0.844713926315
185227,0.89083468914
185228,0.650527000427
185229,0.341252267361
185234,0.837186932564
185236,0.948510944843
185237,0.877262413502
185238,0.92562276125
185239,0.947189986706
185241,0.244966119528
185242,0.970437467098
185245,0.496841371059
185249,0.809490203857
185250,0.852390170097
185252,0.727095961571
185253,0.537488937378
185255,0.694572985172
185257,0.861310243607
185258,0.944259703159
185259,0.138405248523
185261,0.687497794628
185262,0.991639077663
185263,0.820217192173
185264,0.886615335941
185266,0.808337509632
185267,0.772592782974
185271,0.714654922485
185272,0.742720663548
185276,0.990993559361
185281,0.753681778908
185282,0.57682967186
185288,0.768417239189
185291,0.621214866638
185292,0.982272148132
185295,0.905294001102
185298,0.754376709461
185299,0.587115228176
185300,0.245180517435
185305,0.565843105316
185307,0.874085843563
185308,0.758888721466
185310,0.582171022892
185312,0.834720671177
185315,0.59716552496
185316,0.592480838299
185319,0.899456739426
185323,0.735437572002
185324,0.614503741264
185329,0.863552987576
185335,0.832164347172
185336,0.703075826168
185337,0.950610995293
185338,0.646948933601
185340,0.819045841694
185341,0.747676670551
185342,0.934997081757
185344,0.714031159878
185346,0.906782746315
185348,0.42261660099
185351,0.930749416351
185352,0.960969150066
185353,0.816762387753
185354,0.650017976761
185356,0.925586879253
185357,0.761489152908
185358,0.806525886059
185359,0.678644955158
185360,0.988834917545
185362,0.774477124214
185363,0.919107139111
185365,0.596886813641
185366,0.612715005875
185368,0.823913276196
185371,0.803937971592
185372,0.965422689915
185377,0.750805974007
185378,0.838987588882
185379,0.720715224743
185383,0.98214173317
185384,0.958947718143
185387,0.638798475266
185389,0.596935749054
185391,0.939060330391
185392,0.453417241573
185393,0.957234323025
185394,0.853067994118
185396,0.375515013933
185397,0.213238805532
185398,0.690962135792
185399,0.882151782513
185401,0.752816975117
185405,0.670593976974
185409,0.893767178059
185410,0.840626895428
185411,0.762647867203
185412,0.591543316841
185415,0.923825502396
185416,0.902450621128
185419,0.545833706856
185420,0.908031046391
185421,0.416232913733
185422,0.840103805065
185423,0.778605163097
185424,0.849232137203
185426,0.631716549397
185427,0.865743458271
185430,0.921605288982
185432,0.77709120512
185434,0.559204816818
185436,0.508081674576
185438,0.54718375206
185444,0.521771013737
185445,0.966363608837
185446,0.88316988945
185447,0.977747738361
185448,0.908726513386
185449,0.210917592049
185450,0.740717709064
185451,0.940648674965
185454,0.791605532169
185455,0.96297711134
185457,0.97779160738
185458,0.590680837631
185459,0.720453560352
185460,0.856367766857
185461,0.847859025002
185463,0.73110216856
185470,0.882899284363
185474,0.798075258732
185481,0.645647168159
185483,0.977075815201
185489,0.642140328884
185490,0.888301551342
185495,0.980760812759
185502,0.845631241798
185503,0.988582253456
185506,0.579331576824
185507,0.608662366867
185510,0.793030917645
185512,0.881984651089
185513,0.819152891636
185514,0.716002643108
185517,0.870057046413
185518,0.66741424799
185521,0.916528940201
185522,0.393422484398
185523,0.880652427673
185524,0.902866363525
185528,0.853259921074
185535,0.508171439171
185536,0.986984908581
185538,0.979936361313
185540,0.926175951958
185542,0.992554724216
185543,0.0801040828228
185544,0.372465878725
185558,0.841059863567
185560,0.0919560492039
185561,0.889688909054
185562,0.973116219044
185563,0.478047549725
185564,0.967103660107
185565,0.862249314785
185566,0.86846101284
185568,0.892430722713
185569,0.83665895462
185571,0.537700116634
185577,0.942000329494
185580,0.659942567348
185581,0.904567182064
185583,0.830406367779
185585,0.465228259563
185588,0.773047864437
185589,0.972844779491
185590,0.881961166859
185592,0.457842767239
185594,0.949839770794
185596,0.85457700491
185598,0.736429214478
185600,0.895977973938
185601,0.554275155067
185602,0.731301128864
185603,0.810294926167
185606,0.909506917
185607,0.590161025524
185608,0.864819407463
185610,0.97550868988
185613,0.926383376122
185615,0.721703886986
185616,0.929375648499
185617,0.987640798092
185618,0.882578730583
185622,0.608099281788
185626,0.949623227119
185628,0.886086821556
185631,0.523076891899
185632,0.485001713037
185633,0.915095806122
185636,0.702166497707
185637,0.343290388584
185638,0.676993787289
185639,0.831406474113
185640,0.955453336239
185643,0.727212905884
185646,0.940997183323
185648,0.485974043608
185649,0.743225574493
185651,0.947240531445
185652,0.640793263912
185654,0.569311082363
185656,0.919227302074
185657,0.791510105133
185659,0.976829588413
185661,0.67994171381
185663,0.360421031713
185664,0.907262563705
185667,0.776177346706
185675,0.618688941002
185676,0.711455702782
185679,0.920874655247
185680,0.714332938194
185682,0.71841019392
185684,0.957406938076
185685,0.65477091074
185692,0.184620112181
185693,0.485368698835
185696,0.633589506149
185698,0.946195304394
185699,0.961437880993
185701,0.738945484161
185702,0.82552921772
185704,0.794679164886
185708,0.955518424511
185712,0.901643037796
185713,0.813270747662
185717,0.941206693649
185727,0.44223690033
185728,0.787340760231
185729,0.880424380302
185730,0.650884926319
185733,0.68943798542
185734,0.643896996975
185735,0.939220845699
185736,0.952298164368
185737,0.978498280048
185738,0.610162615776
185739,0.771873950958
185740,0.99050360918
185741,0.796016097069
185742,0.697692632675
185743,0.95113915205
185746,0.733363032341
185747,0.957845211029
185749,0.815342664719
185752,0.892549932003
185755,0.976363539696
185756,0.987970530987
185757,0.963193595409
185759,0.616137862206
185760,0.812349915504
185761,0.719485878944
185765,0.928246974945
185768,0.545455515385
185770,0.964040696621
185771,0.39089807868
185772,0.565060913563
185773,0.94404900074
185774,0.830020844936
185777,0.777111470699
185778,0.826943933964
185779,0.796199083328
185781,0.0919834673405
185785,0.939877390862
185788,0.811499655247
185789,0.939756214619
185790,0.88095676899
185792,0.851700723171
185797,0.940162956715
185798,0.951040148735
185799,0.793231666088
185801,0.896437823772
185802,0.88313305378
185804,0.730292201042
185806,0.911150693893
185808,0.564979672432
185813,0.605112850666
185816,0.815086841583
185818,0.944515883923
185819,0.891076147556
185820,0.768035054207
185824,0.829756200314
185825,0.714771330357
185826,0.578468084335
185828,0.801300048828
185829,0.482210338116
185830,0.736892819405
185832,0.845942080021
185833,0.931032478809
185835,0.785624504089
185836,0.83135175705
185840,0.880116641521
185844,0.784968495369
185845,0.446090549231
185847,0.974676966667
185848,0.833300769329
185849,0.683158457279
185851,0.924920797348
185853,0.898229718208
185855,0.612420320511
185857,0.718616783619
185858,0.850279450417
185859,0.87513333559
185860,0.95207464695
185861,0.582128882408
185865,0.855441212654
185866,0.730064213276
185867,0.76835590601
185868,0.642251133919
185869,0.936167359352
185870,0.253788679838
185880,0.977476894855
185886,0.863235831261
185887,0.688607275486
185890,0.636744499207
185893,0.577151715755
185894,0.941600441933
185895,0.793366312981
185899,0.971212804317
185901,0.709801435471
185903,0.976370334625
185908,0.979696929455
185911,0.949580907822
185912,0.82929879427
185914,0.636950314045
185915,0.945542693138
185917,0.66412883997
185918,0.795812308788
185919,0.97690320015
185920,0.473425000906
185928,0.977287769318
185929,0.919475853443
185934,0.990261137486
185935,0.789279222488
185937,0.802555441856
185939,0.156896829605
185941,0.880989074707
185943,0.711228132248
185944,0.712305366993
185945,0.990181982517
185946,0.888037204742
185947,0.870075285435
185948,0.562812387943
185951,0.90676009655
185952,0.961479663849
185956,0.886066734791
185960,0.838541150093
185963,0.624230980873
185964,0.929495453835
185965,0.94993442297
185966,0.856366634369
185967,0.769810914993
185968,0.661051511765
185970,0.373586207628
185972,0.982686519623
185973,0.736857235432
185974,0.922975122929
185977,0.938006818295
185978,0.84092861414
185982,0.914716780186
185985,0.812873482704
185986,0.912861645222
185988,0.819953978062
185989,0.788069248199
185991,0.726667761803
185992,0.80903172493
185994,0.483669996262
186000,0.79484295845
186002,0.86424934864
186003,0.77538973093
186007,0.961355566978
186009,0.479644060135
186010,0.928397715092
186011,0.912812709808
186012,0.917914927006
186013,0.901889026165
186014,0.699649989605
186017,0.987055659294
186018,0.528207719326
186022,0.916446626186
186024,0.901005268097
186027,0.128243997693
186030,0.698731184006
186034,0.961804270744
186035,0.917949199677
186037,0.697719871998
186038,0.772952198982
186039,0.707331478596
186041,0.984411895275
186044,0.251895427704
186047,0.682626307011
186048,0.90791529417
186049,0.927677094936
186053,0.800399839878
186057,0.987382829189
186058,0.608172178268
186059,0.930247962475
186060,0.577477514744
186062,0.644545853138
186064,0.844922184944
186069,0.641464948654
186071,0.964560270309
186072,0.744964838028
186073,0.906788706779
186074,0.94384175539
186076,0.543918728828
186078,0.884850263596
186080,0.643460273743
186082,0.765794992447
186087,0.815341353416
186088,0.974490463734
186090,0.621407806873
186091,0.868647217751
186092,0.753598093987
186093,0.915953993797
186094,0.628743231297
186095,0.945519685745
186098,0.463187128305
186099,0.990432322025
186100,0.909293413162
186104,0.881570398808
186105,0.0592720806599
186109,0.877164304256
186113,0.6295992136
186114,0.44750341773
186115,0.702947676182
186117,0.825724601746
186119,0.662308871746
186120,0.917846560478
186123,0.898745298386
186124,0.884553015232
186125,0.813682854176
186126,0.896095395088
186127,0.964167714119
186128,0.771890640259
186129,0.659933149815
186130,0.851427078247
186131,0.882348418236
186132,0.836145102978
186134,0.980383455753
186135,0.905685842037
186136,0.487260252237
186138,0.856041908264
186141,0.861518323421
186142,0.957670331001
186143,0.415476351976
186148,0.687704384327
186152,0.806358456612
186153,0.929183959961
186154,0.881793856621
186155,0.561730444431
186156,0.601955890656
186158,0.638612985611
186159,0.879228830338
186160,0.773412048817
186162,0.543562591076
186164,0.643440067768
186166,0.86949968338
186167,0.969409227371
186168,0.195123225451
186169,0.735353946686
186170,0.873140096664
186173,0.821338176727
186174,0.856495499611
186176,0.730976462364
186177,0.661818742752
186180,0.634497523308
186181,0.715932905674
186183,0.730413913727
186189,0.929615557194
186190,0.916997909546
186191,0.811385095119
186193,0.921243369579
186194,0.973725914955
186195,0.520252346992
186197,0.894087612629
186198,0.971785843372
186199,0.779163360596
186200,0.900817096233
186202,0.46601036191
186205,0.637333154678
186209,0.974127113819
186215,0.807306528091
186216,0.892361521721
186222,0.988623201847
186224,0.914400041103
186228,0.923411607742
186229,0.947074234486
186230,0.903112471104
186231,0.778288543224
186233,0.785723924637
186236,0.84189337492
186237,0.292129337788
186239,0.697747945786
186240,0.773775935173
186242,0.912659943104
186246,0.208120211959
186247,0.735801100731
186248,0.938223838806
186252,0.942383825779
186257,0.799561858177
186258,0.924721777439
186259,0.829160928726
186262,0.832360804081
186263,0.378510445356
186264,0.786105155945
186265,0.936423897743
186267,0.808426856995
186268,0.684374153614
186269,0.867449343204
186273,0.833584845066
186274,0.883450567722
186276,0.782923877239
186277,0.713079094887
186279,0.935600996017
186280,0.964640796185
186282,0.618691444397
186283,0.852378070354
186284,0.696830809116
186287,0.474535346031
186288,0.951146364212
186289,0.918996274471
186290,0.963052928448
186291,0.606268644333
186293,0.577725529671
186295,0.643037676811
186296,0.706225812435
186297,0.628001868725
186299,0.576294362545
186301,0.745965838432
186302,0.918594241142
186306,0.6617141366
186307,0.831342875957
186310,0.782644093037
186312,0.902073442936
186317,0.918832600117
186320,0.581350624561
186321,0.670514941216
186322,0.949687838554
186323,0.752723753452
186326,0.823578476906
186327,0.889931082726
186328,0.88706111908
186331,0.770436286926
186334,0.741622924805
186335,0.964156866074
186337,0.381070911884
186341,0.877221405506
186342,0.842419207096
186344,0.737417757511
186348,0.952368557453
186352,0.842072606087
186356,0.809379994869
186357,0.756495952606
186358,0.885727763176
186360,0.949410319328
186365,0.844810366631
186366,0.920113623142
186367,0.796154737473
186370,0.601749777794
186377,0.845725893974
186379,0.990116417408
186380,0.922003269196
186382,0.489569216967
186383,0.929640889168
186385,0.397651046515
186386,0.934475898743
186393,0.97515976429
186394,0.979751884937
186395,0.558014452457
186398,0.91404402256
186400,0.0808585509658
186402,0.619979500771
186403,0.76456797123
186404,0.674506962299
186407,0.955236196518
186409,0.636050283909
186410,0.875988960266
186411,0.945424735546
186412,0.683521866798
186415,0.910347104073
186419,0.731194317341
186421,0.787362396717
186422,0.403106182814
186424,0.976596236229
186426,0.941853225231
186427,0.347008526325
186430,0.701978027821
186433,0.544164538383
186434,0.84655469656
186435,0.890758693218
186436,0.585630893707
186439,0.96700745821
186440,0.674116611481
186443,0.962154209614
186447,0.968202233315
186449,0.708963274956
186452,0.883601129055
186453,0.601744234562
186454,0.795132339001
186456,0.825901091099
186458,0.295523792505
186459,0.986609876156
186460,0.951156616211
186462,0.611893236637
186463,0.938194692135
186465,0.631810367107
186466,0.97026604414
186467,0.65073621273
186469,0.982309639454
186473,0.705626606941
186474,0.80910140276
186476,0.0857072770596
186479,0.847181916237
186481,0.963704705238
186482,0.671117603779
186484,0.94946706295
186487,0.921040773392
186489,0.797363460064
186490,0.929777085781
186491,0.341317713261
186493,0.758385121822
186494,0.452031850815
186495,0.541415095329
186496,0.404796272516
186497,0.816909849644
186498,0.991473197937
186501,0.0395911261439
186504,0.524766385555
186505,0.920802175999
186509,0.743229746819
186511,0.840378165245
186512,0.969622313976
186513,0.804126501083
186514,0.7033624053
186515,0.810631453991
186516,0.784722924232
186517,0.963001608849
186520,0.971750378609
186521,0.63953012228
186522,0.855902850628
186523,0.766859948635
186524,0.795053064823
186530,0.98148983717
186534,0.964612424374
186536,0.818649470806
186538,0.942299246788
186539,0.98829972744
186541,0.579026520252
186542,0.522905647755
186544,0.487024694681
186545,0.650457382202
186546,0.23507077992
186547,0.680003345013
186548,0.792648673058
186549,0.973981916904
186551,0.951361238956
186555,0.658330142498
186556,0.35256883502
186557,0.548823177814
186558,0.813320398331
186559,0.599595367908
186560,0.358883589506
186562,0.987537562847
186564,0.888874769211
186565,0.580089151859
186569,0.843902468681
186570,0.885322511196
186571,0.746222198009
186572,0.986465096474
186574,0.886412084103
186575,0.675222933292
186576,0.771823585033
186579,0.788410365582
186581,0.97670674324
186582,0.713334262371
186584,0.820819973946
186585,0.571450352669
186586,0.906096041203
186587,0.948675513268
186588,0.851316928864
186589,0.91590988636
186591,0.26071947813
186592,0.908615589142
186593,0.972879767418
186596,0.946445345879
186599,0.401383817196
186600,0.914421856403
186603,0.654908418655
186604,0.868823826313
186605,0.559453189373
186608,0.751292169094
186610,0.910619854927
186611,0.747971892357
186613,0.882753252983
186615,0.993570446968
186616,0.841736018658
186617,0.979095458984
186619,0.451375424862
186622,0.837612509727
186627,0.697383880615
186628,0.529570758343
186629,0.753622889519
186630,0.838144540787
186633,0.984778344631
186635,0.965839445591
186636,0.830021262169
186638,0.82747811079
186639,0.817235767841
186640,0.956199288368
186645,0.907878756523
186646,0.960140049458
186651,0.898652434349
186655,0.98349827528
186656,0.808044672012
186657,0.828076660633
186658,0.623145520687
186660,0.980973660946
186666,0.60458612442
186667,0.786469936371
186668,0.770081937313
186669,0.883301019669
186670,0.979171037674
186672,0.941959500313
186675,0.875385463238
186676,0.881905019283
186677,0.746559262276
186680,0.492955863476
186682,0.978145599365
186685,0.956029713154
186687,0.95709758997
186688,0.910721957684
186689,0.934213638306
186690,0.910305798054
186692,0.74792355299
186694,0.636101841927
186696,0.920733213425
186697,0.536926448345
186698,0.911202907562
186699,0.826633572578
186700,0.981493711472
186702,0.716095209122
186704,0.955474257469
186705,0.79490250349
186706,0.513851046562
186709,0.939790129662
186713,0.943588852882
186714,0.910633981228
186715,0.901371181011
186716,0.877424657345
186717,0.987928569317
186719,0.956820189953
186723,0.668631792068
186727,0.586212992668
186728,0.848486304283
186729,0.630370438099
186730,0.933976173401
186731,0.84010964632
186733,0.876286745071
186738,0.834036171436
186740,0.881433069706
186742,0.656630456448
186744,0.224316313863
186746,0.647502779961
186748,0.975813150406
186749,0.876994907856
186750,0.610462427139
186751,0.754069447517
186753,0.972062170506
186754,0.977667272091
186756,0.918480455875
186758,0.867783486843
186759,0.704206705093
186760,0.836311399937
186762,0.260921388865
186764,0.981777012348
186767,0.817974925041
186768,0.726498544216
186769,0.88427978754
186770,0.96228325367
186777,0.868244469166
186778,0.739652872086
186780,0.951283574104
186781,0.807622849941
186782,0.932622492313
186783,0.69906026125
186784,0.951033592224
186785,0.826861202717
186787,0.933129131794
186791,0.711606144905
186793,0.848031401634
186794,0.67842310667
186795,0.814081907272
186796,0.967531442642
186797,0.856898188591
186798,0.822950601578
186800,0.909385383129
186802,0.483183860779
186803,0.788596332073
186806,0.783107101917
186807,0.975484311581
186809,0.759309053421
186811,0.537853002548
186813,0.710007846355
186815,0.942781984806
186816,0.945034384727
186817,0.297913968563
186818,0.628624379635
186821,0.715539216995
186826,0.983765184879
186831,0.511545479298
186836,0.685794591904
186842,0.730436861515
186844,0.917436778545
186849,0.790503323078
186854,0.839323163033
186856,0.878403544426
186857,0.987810730934
186859,0.591479420662
186860,0.613707959652
186865,0.833643376827
186866,0.9656265378
186867,0.713956415653
186868,0.221429854631
186869,0.956959366798
186872,0.939519405365
186874,0.893595516682
186875,0.906681358814
186876,0.761859297752
186877,0.434330046177
186880,0.920193552971
186881,0.717405736446
186882,0.0555902682245
186883,0.686853766441
186884,0.985996305943
186886,0.987903535366
186888,0.741581261158
186891,0.917239546776
186892,0.794458448887
186894,0.533330142498
186895,0.908816993237
186898,0.885848999023
186901,0.734906792641
186904,0.7988935709
186905,0.734453737736
186906,0.93206602335
186911,0.973185420036
186912,0.709280610085
186913,0.825374901295
186914,0.914273560047
186920,0.759689986706
186921,0.8204677701
186922,0.91610956192
186923,0.414018690586
186926,0.987376093864
186927,0.753388762474
186928,0.493442714214
186929,0.727965831757
186930,0.606254756451
186932,0.834434390068
186934,0.800871610641
186938,0.943867385387
186940,0.281035512686
186942,0.234865695238
186943,0.761422991753
186944,0.879942119122
186947,0.933559298515
186950,0.462792485952
186951,0.905178129673
186953,0.902341246605
186955,0.967721641064
186956,0.55185765028
186959,0.904120981693
186960,0.91317486763
186962,0.698266267776
186965,0.696303904057
186966,0.804135084152
186968,0.98137742281
186969,0.981367766857
186974,0.706002175808
186975,0.655376672745
186976,0.834958732128
186982,0.958591461182
186986,0.825211167336
186988,0.711079657078
186989,0.669779360294
186990,0.698303878307
186992,0.849974274635
186993,0.706104278564
186994,0.839422285557
186997,0.9881092906
187001,0.97523444891
187002,0.829510331154
187004,0.773448824883
187005,0.799097239971
187006,0.869532346725
187007,0.86729490757
187009,0.874509215355
187011,0.957506239414
187012,0.867302238941
187013,0.875027418137
187014,0.722162127495
187018,0.461172699928
187020,0.902094244957
187021,0.412438035011
187027,0.789908111095
187029,0.413570761681
187030,0.878887653351
187031,0.844368934631
187033,0.95472151041
187034,0.838737487793
187035,0.662469565868
187037,0.941457033157
187040,0.631443321705
187041,0.698685348034
187043,0.115403167903
187045,0.924417376518
187046,0.873946070671
187047,0.843690097332
187049,0.890096843243
187050,0.938728451729
187051,0.759765684605
187052,0.29369148612
187054,0.983574151993
187055,0.91440820694
187056,0.297629624605
187057,0.98818641901
187059,0.852109730244
187061,0.883168876171
187063,0.927128553391
187064,0.543340981007
187065,0.681196570396
187067,0.330891698599
187069,0.909184813499
187072,0.938354849815
187073,0.621805548668
187074,0.822749853134
187076,0.263059109449
187077,0.794466197491
187078,0.88655346632
187080,0.489862889051
187081,0.976194143295
187082,0.741030693054
187083,0.281062871218
187084,0.688730895519
187086,0.416451931
187088,0.671369552612
187092,0.987746238708
187094,0.728982508183
187095,0.852185726166
187098,0.786935031414
187103,0.827936530113
187104,0.552463293076
187106,0.732354700565
187107,0.897390425205
187112,0.718148112297
187113,0.953842699528
187116,0.598052799702
187117,0.475940048695
187118,0.932254135609
187119,0.441789358854
187121,0.733102202415
187122,0.81320643425
187123,0.793914496899
187124,0.982256293297
187125,0.392495989799
187127,0.988261044025
187128,0.632618010044
187132,0.704456984997
187133,0.761572062969
187135,0.944469690323
187136,0.992421209812
187137,0.873588681221
187139,0.977096378803
187140,0.520437180996
187141,0.686278998852
187144,0.945498585701
187146,0.584524214268
187148,0.950569748878
187153,0.734910428524
187157,0.726203918457
187159,0.717751324177
187162,0.481799215078
187163,0.867335796356
187164,0.805382788181
187166,0.643984138966
187167,0.926299273968
187169,0.679790198803
187170,0.801431596279
187172,0.815620183945
187173,0.663048446178
187174,0.728155732155
187175,0.784100830555
187176,0.895654261112
187177,0.535821199417
187178,0.975407958031
187179,0.985798597336
187180,0.411162137985
187181,0.791145980358
187182,0.751870155334
187186,0.626139938831
187187,0.963195681572
187189,0.984712839127
187191,0.90956312418
187192,0.97578728199
187196,0.786091148853
187197,0.707484602928
187207,0.543815493584
187209,0.948537230492
187211,0.980534493923
187213,0.898779094219
187214,0.987644851208
187215,0.915967166424
187217,0.636287152767
187222,0.934020459652
187223,0.941207230091
187224,0.983962476254
187225,0.676402151585
187229,0.668406367302
187230,0.957881271839
187231,0.723621249199
187232,0.742830753326
187236,0.811723649502
187238,0.972199738026
187240,0.754889130592
187242,0.659581124783
187243,0.664431989193
187244,0.900093615055
187246,0.598193049431
187249,0.933134317398
187251,0.977063834667
187252,0.722253143787
187253,0.76910918951
187256,0.884132087231
187259,0.892520546913
187263,0.889088332653
187264,0.980530977249
187267,0.287819862366
187268,0.988273501396
187270,0.931328058243
187272,0.745858967304
187273,0.701880633831
187275,0.730503618717
187277,0.962677180767
187278,0.804486870766
187282,0.87379783392
187286,0.946152806282
187288,0.895170450211
187289,0.727197051048
187292,0.966663599014
187293,0.862819731236
187294,0.762711465359
187295,0.982804834843
187297,0.423868089914
187298,0.873955368996
187299,0.895235955715
187304,0.949230730534
187306,0.727076768875
187307,0.925605595112
187308,0.877050757408
187313,0.782876074314
187314,0.947494447231
187315,0.961462676525
187316,0.950042128563
187318,0.976756691933
187319,0.905448079109
187321,0.901691973209
187322,0.795880794525
187323,0.774534642696
187325,0.734075248241
187326,0.605565786362
187328,0.937339246273
187329,0.727125823498
187331,0.907572865486
187334,0.966545283794
187335,0.982958376408
187336,0.832760155201
187337,0.589758574963
187338,0.837159872055
187340,0.97277200222
187341,0.779605925083
187344,0.856061995029
187345,0.822933256626
187351,0.947554171085
187353,0.768379449844
187354,0.223441377282
187356,0.765682160854
187357,0.946952998638
187358,0.738902747631
187359,0.753757238388
187361,0.610845685005
187363,0.910846352577
187364,0.937243521214
187366,0.758902668953
187367,0.955102920532
187369,0.824662804604
187370,0.976836740971
187372,0.764889419079
187374,0.398632735014
187379,0.74078142643
187383,0.627702653408
187384,0.593004703522
187385,0.642151474953
187386,0.971743047237
187388,0.900307238102
187390,0.750383377075
187396,0.722608447075
187397,0.944359958172
187398,0.869512856007
187402,0.710078418255
187403,0.872899055481
187404,0.702140986919
187406,0.656424105167
187408,0.394350767136
187411,0.899483680725
187412,0.860894620419
187414,0.776488304138
187415,0.884517014027
187416,0.530306041241
187417,0.825955569744
187418,0.922746658325
187422,0.881926953793
187423,0.274315655231
187425,0.889819681644
187426,0.982700109482
187430,0.856699228287
187433,0.226335436106
187434,0.909292578697
187438,0.527832984924
187443,0.500867247581
187445,0.757858276367
187446,0.107091516256
187451,0.854249417782
187452,0.831171572208
187457,0.934386372566
187459,0.96621721983
187460,0.436723411083
187461,0.729850411415
187463,0.750976860523
187469,0.866399049759
187473,0.787564098835
187475,0.834734857082
187476,0.862153589725
187477,0.624530315399
187481,0.606321036816
187482,0.293055295944
187484,0.942874550819
187486,0.69575470686
187487,0.717109978199
187488,0.320766329765
187489,0.687505066395
187490,0.671722531319
187492,0.97013771534
187493,0.644696891308
187497,0.913180947304
187498,0.813083767891
187500,0.974415540695
187502,0.972560107708
187505,0.909285485744
187506,0.514415681362
187508,0.68535721302
187509,0.912048578262
187512,0.820718169212
187513,0.827821493149
187515,0.716397345066
187516,0.696840047836
187517,0.0380544960499
187518,0.853926539421
187520,0.720769703388
187522,0.80933457613
187530,0.917449235916
187531,0.95810854435
187533,0.293904364109
187537,0.918294072151
187542,0.647079527378
187543,0.872390687466
187545,0.967030405998
187546,0.919734418392
187547,0.0460045933723
187549,0.917285323143
187552,0.428733915091
187553,0.723985612392
187556,0.914751708508
187559,0.8447291255
187561,0.88568508625
187563,0.666154026985
187565,0.891176223755
187566,0.967308342457
187568,0.251012861729
187571,0.760315239429
187573,0.924024045467
187574,0.733312129974
187576,0.615640580654
187577,0.843283414841
187579,0.865841448307
187581,0.582097947598
187588,0.635671079159
187590,0.85159277916
187591,0.918572723866
187593,0.899416029453
187595,0.960282564163
187596,0.821050882339
187597,0.858574092388
187598,0.890673816204
187603,0.438516765833
187605,0.831027925014
187606,0.897559404373
187607,0.958373844624
187610,0.789674818516
187611,0.696065723896
187612,0.673697590828
187613,0.841166436672
187614,0.842971026897
187616,0.953961372375
187618,0.918289124966
187621,0.781128406525
187624,0.606760144234
187625,0.781024694443
187627,0.549167096615
187631,0.431730747223
187632,0.918672978878
187633,0.947970509529
187636,0.765493690968
187640,0.729809105396
187641,0.682363927364
187642,0.882621645927
187643,0.88135933876
187645,0.502752780914
187646,0.98618131876
187647,0.596713244915
187649,0.686709821224
187650,0.989382266998
187652,0.337975472212
187653,0.961760878563
187654,0.953849434853
187655,0.966593384743
187656,0.87217181921
187657,0.696166813374
187659,0.724065601826
187660,0.374959468842
187661,0.702201664448
187663,0.890603244305
187664,0.701653897762
187666,0.431224822998
187668,0.736597239971
187670,0.665496230125
187672,0.657611072063
187673,0.542656242847
187676,0.835588276386
187677,0.484153538942
187678,0.4521882236
187679,0.945962190628
187680,0.582437694073
187681,0.968986272812
187682,0.666963517666
187687,0.760180532932
187692,0.691787421703
187695,0.786893546581
187697,0.532421171665
187698,0.967943072319
187699,0.504010736942
187700,0.901219785213
187701,0.683203220367
187702,0.599391877651
187703,0.54276818037
187704,0.917156219482
187705,0.733848035336
187706,0.674949109554
187707,0.801029443741
187709,0.836835682392
187715,0.679844379425
187716,0.867943704128
187718,0.934301495552
187721,0.928143799305
187722,0.894423246384
187723,0.831285297871
187724,0.785662472248
187726,0.974543213844
187727,0.977300584316
187729,0.978891551495
187730,0.946285605431
187733,0.613342523575
187736,0.925003707409
187737,0.81514108181
187738,0.787375748158
187740,0.906889796257
187741,0.983899235725
187742,0.757994174957
187743,0.624958693981
187744,0.851426780224
187745,0.653236567974
187746,0.96624058485
187748,0.818924665451
187749,0.929973781109
187752,0.920796096325
187753,0.89041608572
187754,0.936736166477
187755,0.780737996101
187756,0.511708438396
187757,0.860000491142
187762,0.605568349361
187764,0.947791278362
187772,0.990463495255
187773,0.962346494198
187776,0.734404921532
187778,0.887905716896
187779,0.870223283768
187780,0.840683758259
187784,0.493400394917
187785,0.876636207104
187786,0.980724453926
187789,0.404492527246
187796,0.582258164883
187800,0.52987408638
187801,0.987310051918
187803,0.346856564283
187805,0.588276028633
187809,0.922298848629
187810,0.876006007195
187811,0.62481546402
187813,0.270624995232
187815,0.750780463219
187817,0.795342922211
187818,0.573848247528
187820,0.86165112257
187824,0.827844679356
187825,0.75555741787
187826,0.573679089546
187827,0.973688066006
187829,0.949422240257
187832,0.688972294331
187840,0.951140105724
187842,0.644456923008
187843,0.625291407108
187847,0.593345284462
187854,0.938900589943
187856,0.848926365376
187857,0.968732893467
187858,0.921325027943
187859,0.970264256001
187862,0.945991694927
187863,0.773662626743
187865,0.914472997189
187868,0.930353343487
187870,0.491279095411
187875,0.876613497734
187878,0.891285300255
187880,0.74323952198
187882,0.754147708416
187883,0.166377797723
187885,0.925576984882
187887,0.860175430775
187888,0.601901113987
187889,0.963782846928
187892,0.979659736156
187893,0.811475932598
187894,0.83167552948
187896,0.477939397097
187897,0.889144420624
187900,0.813366770744
187901,0.908432245255
187902,0.646079599857
187904,0.628194987774
187906,0.87489938736
187907,0.776111125946
187909,0.930238187313
187913,0.91635209322
187916,0.846951305866
187917,0.918333292007
187920,0.914497315884
187921,0.950830936432
187925,0.875571429729
187927,0.826589584351
187929,0.96630603075
187930,0.833623707294
187932,0.94594168663
187933,0.709059417248
187934,0.67851126194
187936,0.497941941023
187939,0.944172680378
187940,0.981910407543
187941,0.73022466898
187953,0.934038698673
187954,0.924397230148
187956,0.51859164238
187958,0.829510569572
187961,0.390978068113
187965,0.97211265564
187966,0.971685647964
187968,0.918714225292
187969,0.980358481407
187970,0.889858007431
187971,0.851645946503
187975,0.812177300453
187976,0.857093989849
187979,0.615802645683
187981,0.871540784836
187983,0.93467438221
187987,0.677776157856
187990,0.973715186119
187994,0.677051603794
187997,0.657038450241
187999,0.80861634016
188002,0.924031078815
188004,0.0848619639874
188007,0.93990445137
188008,0.902714908123
188009,0.837064862251
188010,0.958985090256
188012,0.942710220814
188013,0.365856051445
188016,0.967986404896
188017,0.937491476536
188020,0.7323808074
188021,0.548304915428
188023,0.952092707157
188024,0.633844256401
188026,0.853870749474
188027,0.9525847435
188028,0.883769929409
188029,0.753829419613
188030,0.46192663908
188033,0.889491260052
188034,0.958496630192
188036,0.931342244148
188038,0.51100307703
188042,0.343326926231
188043,0.820967495441
188044,0.847433686256
188045,0.882815182209
188048,0.89863973856
188049,0.842314958572
188052,0.391597568989
188053,0.968048095703
188056,0.88199365139
188057,0.933899760246
188060,0.849085211754
188061,0.800912439823
188063,0.81142270565
188064,0.980153203011
188068,0.902277350426
188069,0.541273415089
188070,0.802755177021
188075,0.774846851826
188076,0.77498716116
188078,0.98557394743
188080,0.335367113352
188083,0.853877425194
188087,0.822404026985
188088,0.959649503231
188090,0.864501416683
188092,0.942867279053
188095,0.927904486656
188096,0.842361390591
188098,0.906122088432
188102,0.951558887959
188104,0.986249804497
188107,0.61646348238
188108,0.866133451462
188111,0.644438266754
188112,0.650441467762
188116,0.583553910255
188117,0.869493424892
188119,0.664367556572
188120,0.961743295193
188123,0.987766385078
188125,0.660729587078
188126,0.965616166592
188127,0.743629813194
188131,0.900346815586
188132,0.829062342644
188135,0.989101827145
188139,0.655086815357
188140,0.321962743998
188142,0.394289374352
188143,0.739270687103
188148,0.488458633423
188150,0.801972031593
188151,0.645150184631
188152,0.218763336539
188153,0.801167607307
188154,0.978983819485
188158,0.974005520344
188161,0.709603130817
188162,0.933070063591
188163,0.958622694016
188165,0.765805840492
188169,0.924428105354
188172,0.986723601818
188174,0.624815821648
188176,0.984939754009
188177,0.953962922096
188178,0.983676671982
188179,0.580917716026
188186,0.886059582233
188187,0.64787620306
188189,0.949768304825
188194,0.828551769257
188195,0.976671040058
188198,0.984561860561
188199,0.711956143379
188200,0.812678396702
188201,0.825530529022
188203,0.822308242321
188205,0.303768932819
188207,0.934335291386
188208,0.941926300526
188209,0.822059810162
188212,0.538317620754
188214,0.909341514111
188215,0.566498279572
188216,0.596315443516
188217,0.883594930172
188218,0.702562749386
188219,0.975132107735
188220,0.71981137991
188222,0.939908802509
188224,0.739828050137
188226,0.544784963131
188230,0.489486157894
188231,0.537357032299
188232,0.836934864521
188233,0.752769231796
188234,0.710586667061
188238,0.940636873245
188242,0.892992854118
188244,0.617412686348
188246,0.918798983097
188248,0.847930431366
188251,0.377526402473
188252,0.897971451283
188253,0.792614579201
188254,0.977549135685
188255,0.953338861465
188257,0.919285297394
188258,0.982433199883
188259,0.137217506766
188260,0.887490272522
188261,0.912719011307
188269,0.420668244362
188271,0.941986382008
188273,0.639978826046
188274,0.807332932949
188278,0.348305583
188282,0.348527103662
188287,0.361983329058
188288,0.273793250322
188289,0.705636262894
188290,0.444301694632
188291,0.409587532282
188292,0.966658473015
188293,0.742378115654
188294,0.763303220272
188298,0.599965453148
188299,0.714350759983
188308,0.932182312012
188309,0.63266980648
188310,0.890828430653
188311,0.810501217842
188312,0.854661941528
188318,0.897057116032
188320,0.594631135464
188321,0.674848258495
188322,0.778323471546
188324,0.711018979549
188325,0.769272267818
188327,0.759291470051
188328,0.825003445148
188329,0.969487607479
188334,0.906581819057
188335,0.786585450172
188337,0.567575097084
188338,0.665748715401
188339,0.840116381645
188340,0.918652355671
188343,0.572788119316
188345,0.911793112755
188346,0.418171286583
188347,0.823179066181
188350,0.551713764668
188351,0.83825314045
188354,0.805225729942
188355,0.273405402899
188356,0.587857365608
188361,0.883300185204
188365,0.768486082554
188367,0.938788354397
188369,0.704954743385
188370,0.932636141777
188371,0.940319597721
188372,0.822639286518
188374,0.934833407402
188375,0.881270349026
188377,0.819010198116
188378,0.475899100304
188379,0.902410030365
188381,0.976242184639
188382,0.909458339214
188384,0.965204417706
188386,0.852400243282
188387,0.664316177368
188388,0.776566565037
188389,0.594972014427
188392,0.828304231167
188393,0.973531424999
188396,0.967030227184
188399,0.801457583904
188401,0.486655861139
188407,0.897189438343
188409,0.218147650361
188411,0.791128098965
188412,0.924568772316
188413,0.889178335667
188415,0.77793854475
188417,0.959277331829
188418,0.81029099226
188419,0.914022147655
188420,0.281092107296
188422,0.819827198982
188423,0.963154435158
188425,0.29098713398
188426,0.635256409645
188431,0.755013942719
188432,0.671378135681
188433,0.148482695222
188436,0.70533490181
188437,0.976889193058
188440,0.62625837326
188441,0.456112235785
188442,0.849740087986
188443,0.93013381958
188444,0.661925911903
188446,0.899193823338
188449,0.968912065029
188451,0.801906108856
188455,0.353749275208
188460,0.641906857491
188463,0.642914652824
188464,0.883127450943
188465,0.889116227627
188467,0.850512742996
188469,0.787186801434
188474,0.882638216019
188477,0.842930495739
188478,0.609585821629
188481,0.812002062798
188483,0.762017428875
188484,0.828374266624
188485,0.896057784557
188486,0.906130194664
188488,0.631336271763
188489,0.894920289516
188492,0.791348695755
188494,0.730446219444
188495,0.866904377937
188498,0.833687186241
188502,0.767194151878
188503,0.749140381813
188506,0.874578416348
188507,0.86870265007
188512,0.954819083214
188514,0.982074201107
188516,0.769845247269
188517,0.651179075241
188518,0.987128257751
188520,0.877266287804
188524,0.62613928318
188527,0.938774585724
188530,0.589994490147
188532,0.780317902565
188533,0.922797441483
188535,0.674914360046
188537,0.909518063068
188544,0.887164711952
188545,0.934146225452
188546,0.805427372456
188547,0.891058862209
188553,0.833536505699
188554,0.605336785316
188556,0.90650177002
188560,0.809769868851
188561,0.654236257076
188562,0.852312862873
188565,0.965491235256
188566,0.48529446125
188567,0.973044157028
188568,0.746960043907
188570,0.866069793701
188571,0.917822420597
188573,0.603907346725
188574,0.925612747669
188575,0.474423259497
188576,0.747403681278
188577,0.920762956142
188578,0.911684334278
188581,0.972421109676
188583,0.977120399475
188586,0.925609171391
188588,0.655696153641
188590,0.788792908192
188592,0.797230243683
188593,0.948071837425
188595,0.643895626068
188598,0.960752308369
188601,0.951947152615
188604,0.88913667202
188606,0.827864766121
188608,0.714944720268
188613,0.332306623459
188614,0.760918676853
188615,0.594857156277
188616,0.958676457405
188618,0.753369569778
188619,0.952369213104
188620,0.601466953754
188621,0.698171317577
188622,0.97337782383
188624,0.872908174992
188625,0.61000931263
188627,0.735710680485
188631,0.153169080615
188633,0.817397713661
188638,0.976270616055
188639,0.916523218155
188640,0.88804256916
188643,0.806997001171
188646,0.761660397053
188647,0.985440790653
188649,0.981811463833
188650,0.938421368599
188652,0.480618298054
188653,0.881946742535
188654,0.970580041409
188656,0.978122472763
188657,0.875682890415
188658,0.121423393488
188659,0.963634371758
188661,0.99084174633
188662,0.924579381943
188663,0.694007873535
188665,0.837631762028
188666,0.711197197437
188669,0.583413720131
188670,0.779781520367
188671,0.786994576454
188674,0.977144181728
188675,0.960638999939
188677,0.787757694721
188678,0.691899180412
188679,0.770614326
188680,0.843079209328
188681,0.970849752426
188684,0.953989923
188687,0.976036846638
188689,0.97933536768
188690,0.850311458111
188692,0.972145915031
188700,0.398641169071
188705,0.575432300568
188707,0.774914383888
188710,0.848451554775
188711,0.705800533295
188716,0.731152713299
188717,0.354672759771
188720,0.819483995438
188723,0.948437273502
188724,0.993923604488
188726,0.767743051052
188732,0.504773020744
188735,0.859171330929
188737,0.837837815285
188738,0.236063793302
188739,0.694317042828
188741,0.953287303448
188742,0.92376101017
188744,0.98240095377
188745,0.954403162003
188746,0.705216109753
188747,0.949528336525
188748,0.535487413406
188751,0.770832717419
188754,0.768969416618
188756,0.824465155602
188757,0.791751563549
188760,0.681787192822
188761,0.906133890152
188763,0.626503288746
188766,0.720399916172
188768,0.70766043663
188770,0.948808848858
188776,0.793948411942
188779,0.547855377197
188783,0.700143933296
188789,0.808960735798
188791,0.71943295002
188795,0.891180992126
188798,0.764045417309
188800,0.954060971737
188801,0.50581496954
188804,0.625985085964
188808,0.723478853703
188809,0.542887091637
188812,0.924813449383
188815,0.364686310291
188816,0.409284710884
188817,0.703961968422
188818,0.865993499756
188821,0.664340853691
188822,0.870298147202
188823,0.891269028187
188824,0.964533865452
188826,0.772519648075
188828,0.721283614635
188829,0.885581672192
188830,0.799080550671
188838,0.964254677296
188839,0.0379702188075
188841,0.879254519939
188843,0.92676204443
188844,0.984858036041
188846,0.708526611328
188848,0.599937200546
188850,0.46811491251
188855,0.819214165211
188856,0.514098763466
188857,0.935000419617
188862,0.720497965813
188863,0.934386909008
188871,0.961826682091
188873,0.496781051159
188874,0.463199615479
188876,0.877466082573
188881,0.694149792194
188882,0.396797686815
188887,0.785804629326
188892,0.619227707386
188893,0.935445249081
188894,0.82436221838
188897,0.973284304142
188898,0.910523831844
188900,0.909580588341
188902,0.344056099653
188903,0.921202778816
188904,0.875040948391
188905,0.652906477451
188907,0.869788229465
188912,0.897837877274
188913,0.875842213631
188916,0.619493842125
188918,0.716931939125
188919,0.0873626321554
188922,0.912832856178
188923,0.734985232353
188927,0.787662863731
188934,0.771641016006
188936,0.414039075375
188939,0.949055671692
188940,0.812680840492
188944,0.87104421854
188945,0.902252018452
188953,0.931670367718
188954,0.89337927103
188959,0.917903900146
188961,0.969684779644
188962,0.743862450123
188965,0.743480086327
188966,0.683976531029
188967,0.977622389793
188968,0.923498928547
188969,0.885928988457
188970,0.734729230404
188975,0.733814239502
188976,0.873872160912
188978,0.927375435829
188981,0.584133505821
188982,0.808759748936
188983,0.629849851131
188984,0.805899560452
188987,0.973703444004
188990,0.476153314114
188995,0.429786831141
188998,0.783030390739
188999,0.886121273041
189000,0.295347839594
189002,0.652630388737
189003,0.688221931458
189004,0.955425262451
189006,0.08054176718
189009,0.752363204956
189011,0.204429075122
189012,0.543058037758
189013,0.935899138451
189015,0.863358676434
189016,0.293700009584
189018,0.969219923019
189019,0.791377842426
189022,0.82388818264
189024,0.820421993732
189026,0.975360691547
189028,0.909188807011
189029,0.948914587498
189030,0.845851957798
189031,0.960884153843
189032,0.756577074528
189033,0.889163792133
189035,0.640955507755
189036,0.577259480953
189038,0.603403449059
189039,0.585550189018
189042,0.814071059227
189045,0.767418801785
189046,0.939236223698
189053,0.888103663921
189055,0.875350415707
189056,0.670396149158
189060,0.877123177052
189062,0.673281669617
189066,0.671484768391
189068,0.74166405201
189070,0.269345343113
189073,0.678705871105
189074,0.844635426998
189075,0.748378813267
189078,0.36788135767
189081,0.847845077515
189083,0.868993937969
189088,0.847940564156
189090,0.962943792343
189095,0.736511647701
189099,0.981506943703
189100,0.962558507919
189102,0.84267449379
189103,0.974305570126
189106,0.708990931511
189107,0.505272269249
189109,0.829055547714
189110,0.685555815697
189112,0.811896562576
189114,0.826347529888
189116,0.936064779758
189117,0.89238089323
189118,0.964025437832
189119,0.730409443378
189122,0.610064327717
189127,0.958959579468
189128,0.908196210861
189129,0.927420437336
189130,0.406892389059
189131,0.47789388895
189133,0.99263715744
189134,0.987767994404
189136,0.781611084938
189137,0.383653104305
189138,0.938127994537
189140,0.900266945362
189145,0.678974032402
189146,0.967769682407
189148,0.873643040657
189149,0.599621117115
189150,0.886824905872
189151,0.606162786484
189153,0.882668495178
189156,0.630248427391
189159,0.654007732868
189162,0.978305101395
189164,0.519751369953
189165,0.397930234671
189166,0.277547866106
189168,0.844892799854
189169,0.974587619305
189171,0.931598424911
189174,0.633060157299
189175,0.986786186695
189179,0.551407217979
189182,0.989778339863
189184,0.915477454662
189186,0.76643627882
189188,0.961218774319
189190,0.798304617405
189192,0.969972252846
189194,0.158286094666
189197,0.84930986166
189198,0.682732880116
189200,0.96983730793
189204,0.510550737381
189205,0.734325885773
189206,0.765288352966
189207,0.991523504257
189209,0.949903666973
189213,0.924673855305
189214,0.844669997692
189216,0.943905711174
189220,0.907714486122
189221,0.909870564938
189224,0.874796867371
189226,0.652021288872
189227,0.892604529858
189228,0.777884304523
189230,0.908995807171
189231,0.976244926453
189232,0.901007354259
189237,0.528568208218
189239,0.953131556511
189241,0.380976051092
189245,0.932009160519
189247,0.911630928516
189248,0.60769712925
189249,0.929078400135
189251,0.67237842083
189252,0.946385622025
189254,0.881533265114
189255,0.901180565357
189257,0.633087515831
189258,0.970006763935
189259,0.778267979622
189260,0.125405311584
189261,0.952638268471
189264,0.927725672722
189265,0.741754353046
189269,0.627421855927
189270,0.642738163471
189274,0.730189979076
189280,0.736723423004
189281,0.976116120815
189282,0.678368151188
189287,0.913400709629
189289,0.966738462448
189292,0.777191162109
189293,0.74446952343
189296,0.989500820637
189297,0.365805029869
189298,0.62038731575
189299,0.724563896656
189300,0.973963916302
189301,0.540489137173
189303,0.86390632391
189304,0.662179291248
189307,0.739288270473
189309,0.749499857426
189310,0.861207664013
189311,0.272071033716
189312,0.956718802452
189313,0.651155352592
189325,0.884608507156
189328,0.560409545898
189330,0.256537675858
189331,0.635573446751
189334,0.435248017311
189335,0.814969778061
189336,0.72532171011
189337,0.757831811905
189339,0.470905452967
189340,0.725576579571
189341,0.987894594669
189342,0.762523949146
189344,0.666180312634
189346,0.956531941891
189347,0.979011714458
189349,0.923396885395
189350,0.869786858559
189354,0.810483336449
189358,0.874903142452
189359,0.327751427889
189360,0.742452561855
189361,0.815967142582
189362,0.811381578445
189363,0.565502405167
189365,0.519022643566
189366,0.585060179234
189369,0.954564929008
189371,0.765979349613
189374,0.97351372242
189375,0.929217636585
189376,0.714308381081
189379,0.831056654453
189381,0.772194683552
189384,0.972812950611
189385,0.915198743343
189387,0.630456566811
189388,0.7177734375
189389,0.946948230267
189392,0.941221058369
189393,0.638437211514
189395,0.730655789375
189402,0.881595790386
189407,0.935190677643
189410,0.886149346828
189413,0.98444968462
189417,0.97328710556
189418,0.699784398079
189424,0.921772062778
189425,0.93486893177
189428,0.947498500347
189431,0.834506571293
189433,0.949516296387
189434,0.967018604279
189435,0.971619606018
189436,0.975942254066
189437,0.931411147118
189441,0.912248432636
189442,0.940379261971
189443,0.653674006462
189444,0.822413444519
189445,0.316477537155
189446,0.914455652237
189449,0.839457333088
189456,0.754962086678
189457,0.611824631691
189459,0.881107807159
189460,0.881606817245
189462,0.892775714397
189463,0.754534304142
189468,0.644797205925
189474,0.96594285965
189475,0.731498360634
189477,0.948248922825
189481,0.979564249516
189482,0.923170268536
189487,0.635519266129
189488,0.804795742035
189489,0.757571876049
189492,0.964549303055
189493,0.948815941811
189495,0.340749770403
189496,0.811097979546
189498,0.892871677876
189502,0.98265171051
189503,0.559661149979
189504,0.431317865849
189506,0.905818641186
189507,0.918276250362
189508,0.680091679096
189509,0.89414280653
189510,0.222096696496
189511,0.837631642818
189513,0.68444699049
189514,0.562039017677
189518,0.698137938976
189521,0.863150179386
189522,0.882435619831
189523,0.993450880051
189529,0.904933929443
189532,0.957967281342
189534,0.945493876934
189536,0.45858502388
189539,0.668783009052
189543,0.863466501236
189544,0.858456611633
189546,0.872808694839
189547,0.870897173882
189549,0.725973784924
189550,0.630463540554
189552,0.742609798908
189555,0.903678297997
189558,0.968115866184
189559,0.712733387947
189560,0.951225996017
189561,0.627838611603
189564,0.863893866539
189566,0.839204847813
189567,0.986373066902
189568,0.810192763805
189569,0.976858794689
189573,0.693084776402
189575,0.983439922333
189577,0.865066945553
189579,0.79722058773
189580,0.547085106373
189583,0.800088405609
189585,0.349717438221
189586,0.663842082024
189590,0.989982903004
189593,0.718603849411
189594,0.36092838645
189595,0.965934932232
189599,0.971455216408
189600,0.958115637302
189601,0.772490143776
189603,0.338566035032
189604,0.6240645051
189605,0.454305440187
189615,0.878732204437
189618,0.771165788174
189619,0.271166115999
189623,0.785123467445
189624,0.918838739395
189626,0.971814751625
189632,0.662918031216
189637,0.660989105701
189638,0.981730818748
189640,0.674284279346
189645,0.762565791607
189647,0.956692159176
189652,0.736002147198
189658,0.764037668705
189659,0.694529414177
189661,0.804647922516
189670,0.695801734924
189671,0.934755504131
189675,0.773148715496
189679,0.715235233307
189680,0.753027558327
189681,0.952119410038
189682,0.978496193886
189683,0.907488703728
189684,0.858270823956
189685,0.942874550819
189687,0.764920890331
189688,0.950863182545
189690,0.941090106964
189692,0.883916199207
189694,0.873198747635
189695,0.601940095425
189697,0.485613793135
189699,0.698596060276
189700,0.885467767715
189701,0.729220628738
189704,0.465144008398
189710,0.669074177742
189711,0.960422992706
189712,0.822067022324
189714,0.754350721836
189717,0.855006217957
189718,0.883420646191
189721,0.901192784309
189722,0.667074203491
189723,0.862274289131
189725,0.336962848902
189728,0.490150779486
189729,0.44868722558
189731,0.48769775033
189734,0.918060183525
189736,0.931518912315
189738,0.85471701622
189739,0.732067704201
189740,0.470859885216
189741,0.961228251457
189746,0.960333585739
189747,0.425374984741
189750,0.850739657879
189753,0.764117181301
189754,0.977613568306
189755,0.893991291523
189757,0.787455260754
189759,0.0987175777555
189761,0.823844611645
189762,0.599990606308
189768,0.571634352207
189769,0.870817840099
189770,0.872546613216
189771,0.399197250605
189772,0.852574646473
189773,0.687444865704
189776,0.495384722948
189778,0.923253536224
189781,0.79024887085
189783,0.830032885075
189784,0.899009287357
189786,0.909153938293
189787,0.968678772449
189788,0.706313192844
189789,0.437924742699
189790,0.802832961082
189792,0.310749471188
189795,0.854917764664
189796,0.985923409462
189797,0.983932614326
189803,0.678057789803
189804,0.958339691162
189805,0.889828085899
189807,0.784447014332
189812,0.687795698643
189813,0.902402281761
189816,0.86901563406
189817,0.842444896698
189818,0.672057390213
189819,0.973098814487
189820,0.928488314152
189821,0.924042761326
189822,0.777993381023
189823,0.834201216698
189827,0.804175794125
189828,0.672843456268
189829,0.932930648327
189832,0.910777509212
189834,0.947416305542
189835,0.58202278614
189837,0.937270104885
189838,0.506483435631
189839,0.694736838341
189840,0.270893543959
189841,0.973742008209
189843,0.464996635914
189845,0.977821707726
189849,0.24059151113
189850,0.534330487251
189852,0.721943616867
189854,0.992349386215
189859,0.916178047657
189860,0.804567098618
189865,0.832755923271
189866,0.984445989132
189868,0.759525001049
189869,0.486080050468
189870,0.72502297163
189871,0.821099281311
189872,0.85297447443
189875,0.825454115868
189876,0.832988739014
189878,0.307444900274
189879,0.609877288342
189880,0.794444620609
189882,0.489056706429
189885,0.994246900082
189888,0.692840337753
189889,0.593263566494
189890,0.890173435211
189891,0.888636887074
189892,0.946683287621
189893,0.920971870422
189894,0.569993019104
189895,0.921978831291
189896,0.802455425262
189898,0.607732474804
189900,0.943596184254
189902,0.60854357481
189903,0.744717419147
189904,0.752218067646
189905,0.970697641373
189906,0.845733582973
189907,0.980920314789
189908,0.563997209072
189909,0.458386659622
189912,0.910589754581
189914,0.617857694626
189915,0.965101897717
189917,0.136253803968
189918,0.974446892738
189923,0.221012637019
189924,0.83753913641
189925,0.475126862526
189926,0.954220950603
189928,0.981861352921
189929,0.907955467701
189930,0.675631821156
189931,0.737149119377
189932,0.777344167233
189939,0.563988089561
189942,0.811392426491
189945,0.637810707092
189946,0.836870789528
189947,0.882177591324
189951,0.712815761566
189952,0.980997502804
189954,0.704085290432
189956,0.503523409367
189958,0.905430495739
189960,0.599357545376
189961,0.792999744415
189963,0.795657277107
189965,0.790648460388
189966,0.693807184696
189967,0.532017230988
189970,0.916812598705
189975,0.866336762905
189976,0.536139130592
189978,0.548134863377
189979,0.833539068699
189981,0.950737178326
189982,0.611681342125
189983,0.980777680874
189985,0.812825024128
189989,0.66709035635
189990,0.849785149097
189991,0.889213681221
189994,0.840465724468
189995,0.852088391781
189996,0.786453604698
189999,0.740222930908
190000,0.737438976765
190001,0.878636658192
190003,0.68802601099
190006,0.934382557869
190009,0.428467899561
190013,0.472073286772
190016,0.62620562315
190017,0.295363128185
190020,0.59043776989
190021,0.494567394257
190022,0.884018421173
190024,0.927583634853
190025,0.620938003063
190026,0.977503120899
190028,0.948600947857
190029,0.955132961273
190031,0.81516289711
190032,0.785183310509
190033,0.438089042902
190035,0.813272893429
190036,0.851429402828
190038,0.823657512665
190039,0.818678557873
190040,0.971717059612
190047,0.382574766874
190049,0.698260605335
190051,0.130993023515
190056,0.743228256702
190063,0.813346922398
190064,0.84697586298
190066,0.796843469143
190067,0.801401555538
190068,0.442493975163
190069,0.992684423923
190074,0.669166386127
190075,0.986756086349
190076,0.975208282471
190077,0.797050714493
190078,0.485964357853
190080,0.782213509083
190083,0.927803754807
190084,0.505929529667
190089,0.97760027647
190093,0.835665524006
190094,0.89820677042
190103,0.985226213932
190104,0.518609881401
190105,0.684435784817
190107,0.269035995007
190110,0.5540843606
190111,0.60620456934
190115,0.943399906158
190117,0.672089099884
190121,0.0830334797502
190122,0.84756231308
190123,0.679372012615
190124,0.763421595097
190125,0.942362964153
190127,0.675928533077
190128,0.819519340992
190129,0.849894881248
190132,0.408207505941
190133,0.48494631052
190134,0.620963990688
190137,0.973316729069
190139,0.253262758255
190140,0.77098941803
190143,0.920288980007
190145,0.82956713438
190146,0.854462444782
190147,0.954755187035
190148,0.501399219036
190149,0.960912466049
190151,0.842609226704
190152,0.72404563427
190153,0.786560058594
190154,0.568213045597
190155,0.699272334576
190160,0.754380106926
190162,0.513639509678
190163,0.894427001476
190164,0.971179544926
190167,0.757496356964
190170,0.725291728973
190173,0.16827493906
190177,0.647175729275
190178,0.856572329998
190179,0.722363650799
190181,0.607566297054
190183,0.937606811523
190188,0.428476572037
190190,0.90386068821
190191,0.899898469448
190199,0.828624248505
190200,0.909568786621
190201,0.663084745407
190203,0.431027173996
190205,0.662307739258
190206,0.596925914288
190207,0.0519066080451
190209,0.721432924271
190211,0.681510686874
190213,0.888248562813
190214,0.436170995235
190216,0.726117670536
190217,0.91978341341
190218,0.450251668692
190219,0.766938209534
190221,0.605460345745
190222,0.780970335007
190224,0.71339994669
190226,0.917154729366
190227,0.795350372791
190231,0.983671367168
190233,0.881088733673
190234,0.762884497643
190236,0.792066335678
190237,0.891430914402
190238,0.820399343967
190239,0.901370108128
190241,0.943033576012
190242,0.19292332232
190244,0.896263897419
190245,0.970532000065
190247,0.93774998188
190252,0.343267679214
190253,0.813299834728
190254,0.965020120144
190255,0.821629822254
190260,0.962629973888
190261,0.82453417778
190264,0.861823141575
190268,0.822562873363
190269,0.417427212
190270,0.701200664043
190272,0.780738174915
190273,0.721034109592
190274,0.945746004581
190276,0.595336198807
190277,0.9616137743
190279,0.958250820637
190280,0.956436514854
190282,0.858819246292
190284,0.674103617668
190286,0.946580648422
190287,0.637809455395
190290,0.777702510357
190291,0.624550759792
190292,0.679455935955
190299,0.822114467621
190300,0.723573565483
190307,0.0475446358323
190310,0.771843075752
190311,0.739074766636
190312,0.770167887211
190313,0.84327095747
190314,0.758099257946
190318,0.732654035091
190321,0.510061681271
190323,0.988891243935
190324,0.83857935667
190325,0.495946526527
190328,0.766732156277
190329,0.927735328674
190333,0.150533437729
190334,0.782416284084
190336,0.846134603024
190338,0.988154172897
190341,0.91923058033
190342,0.841084122658
190343,0.986740112305
190344,0.971661806107
190345,0.927702069283
190347,0.531059324741
190348,0.685866117477
190349,0.990259349346
190350,0.72559595108
190351,0.719132184982
190352,0.902736246586
190353,0.915804982185
190359,0.964141666889
190360,0.928625941277
190361,0.90385133028
190364,0.667762100697
190368,0.495451360941
190369,0.833338916302
190372,0.384382396936
190373,0.806884348392
190374,0.792733550072
190377,0.92032212019
190378,0.44498744607
190383,0.936450481415
190386,0.95006030798
190390,0.972668945789
190395,0.771670818329
190396,0.493878424168
190400,0.552526772022
190402,0.908316969872
190404,0.440465778112
190406,0.95606315136
190407,0.470630258322
190408,0.930317819118
190410,0.615548670292
190411,0.939579486847
190412,0.96175467968
190415,0.606768667698
190418,0.774216651917
190419,0.876909732819
190421,0.547768414021
190422,0.972153186798
190423,0.966961205006
190424,0.712536871433
190426,0.7285566926
190427,0.59178686142
190428,0.709547460079
190429,0.0258525367826
190430,0.850972592831
190432,0.498385518789
190434,0.668820083141
190435,0.746525347233
190436,0.643379569054
190439,0.959225356579
190440,0.84963285923
190441,0.664411008358
190442,0.926030039787
190443,0.974475085735
190444,0.914023697376
190445,0.890222907066
190446,0.732408642769
190447,0.770396113396
190451,0.934232294559
190452,0.852207243443
190458,0.852209985256
190463,0.96072357893
190464,0.533325195312
190466,0.602764904499
190470,0.805056154728
190472,0.674385309219
190474,0.981200516224
190475,0.857968986034
190486,0.756585478783
190487,0.639870226383
190488,0.860031247139
190489,0.889202475548
190490,0.929530024529
190491,0.79324400425
190493,0.681527137756
190499,0.549392402172
190500,0.854339897633
190501,0.707987070084
190502,0.982911705971
190504,0.684713482857
190505,0.589599967003
190508,0.665365517139
190511,0.740659952164
190513,0.841989398003
190515,0.856004238129
190520,0.694212079048
190521,0.275636225939
190526,0.898808658123
190529,0.897583961487
190530,0.895896315575
190534,0.980523705482
190536,0.758109271526
190539,0.983312010765
190540,0.524007380009
190541,0.935758888721
190542,0.839635372162
190548,0.374827712774
190550,0.976980447769
190552,0.850164055824
190553,0.916831254959
190554,0.546162128448
190555,0.695210337639
190558,0.963074803352
190561,0.829047203064
190563,0.423057943583
190568,0.703791201115
190570,0.878889858723
190572,0.604820728302
190574,0.810689806938
190575,0.948101639748
190576,0.68038803339
190577,0.836406350136
190578,0.879825592041
190579,0.806797862053
190580,0.821574151516
190581,0.976499795914
190585,0.957276284695
190587,0.785659909248
190589,0.764410018921
190592,0.878426611423
190597,0.880765020847
190598,0.88727748394
190600,0.816931903362
190601,0.679059445858
190605,0.320243597031
190606,0.352448791265
190607,0.967117190361
190608,0.807510793209
190609,0.855118393898
190611,0.648134708405
190614,0.98230022192
190615,0.967176496983
190616,0.900531172752
190619,0.713439881802
190620,0.984489917755
190621,0.804931282997
190623,0.741554737091
190624,0.750193893909
190626,0.90283459425
190629,0.639278173447
190631,0.850405216217
190633,0.968121469021
190639,0.917920649052
190641,0.523038029671
190642,0.465824782848
190643,0.553730010986
190645,0.90624588728
190647,0.886627197266
190649,0.466006398201
190650,0.639743566513
190652,0.414231270552
190653,0.782359659672
190655,0.514427125454
190656,0.631104409695
190659,0.762161970139
190661,0.984510362148
190663,0.579296827316
190664,0.95490193367
190669,0.856973290443
190673,0.804250359535
190676,0.640626490116
190678,0.897479951382
190681,0.780944108963
190684,0.542605936527
190686,0.919046700001
190687,0.718885362148
190689,0.952631294727
190691,0.698683917522
190694,0.588384032249
190697,0.890542566776
190699,0.985902667046
190701,0.787370562553
190702,0.847174525261
190705,0.877232372761
190706,0.93343526125
190707,0.65939694643
190708,0.93680536747
190710,0.851847231388
190713,0.671855807304
190715,0.872756659985
190716,0.416688144207
190717,0.939296603203
190719,0.978795826435
190721,0.911123871803
190722,0.644909918308
190723,0.732819497585
190725,0.328346788883
190726,0.980619311333
190727,0.563346922398
190728,0.961221516132
190729,0.897711336613
190731,0.490102380514
190734,0.940265655518
190737,0.868000328541
190738,0.916979551315
190742,0.946354150772
190744,0.986225962639
190748,0.982241630554
190750,0.142680972815
190751,0.389930009842
190752,0.969673514366
190753,0.867925107479
190755,0.861592710018
190757,0.82043248415
190758,0.942955553532
190760,0.794108867645
190762,0.690699100494
190763,0.582528710365
190767,0.971684753895
190768,0.943965911865
190770,0.844640016556
190773,0.973505675793
190777,0.99337041378
190779,0.959186732769
190781,0.96554338932
190782,0.437850147486
190783,0.804137706757
190784,0.452975511551
190785,0.852354705334
190787,0.65599411726
190788,0.304241210222
190789,0.763677537441
190790,0.906138777733
190791,0.895921111107
190794,0.674205183983
190796,0.858430147171
190797,0.70749348402
190798,0.874516785145
190799,0.888858437538
190800,0.871871709824
190801,0.973396003246
190806,0.978523612022
190807,0.897279322147
190808,0.181014046073
190809,0.932524800301
190810,0.788438439369
190813,0.893386006355
190815,0.976640999317
190818,0.709867477417
190820,0.544079780579
190821,0.859863460064
190825,0.807344734669
190826,0.867848873138
190827,0.811924695969
190829,0.603747010231
190836,0.756376087666
190837,0.771477460861
190839,0.833114385605
190842,0.910967707634
190846,0.929211258888
190847,0.880002856255
190851,0.935963630676
190852,0.92633664608
190854,0.876494467258
190860,0.931413292885
190861,0.899954080582
190863,0.28957927227
190866,0.926436960697
190867,0.807463884354
190868,0.29865577817
190869,0.745365202427
190870,0.747717857361
190873,0.607579052448
190874,0.721974313259
190875,0.953582167625
190877,0.397407054901
190880,0.742583751678
190881,0.750212669373
190882,0.975168466568
190883,0.938817441463
190884,0.307645916939
190886,0.97833096981
190888,0.705246925354
190889,0.960210025311
190893,0.911105871201
190895,0.636395156384
190896,0.952073395252
190897,0.594748198986
190901,0.679376840591
190902,0.754199624062
190904,0.985312402248
190905,0.905958116055
190906,0.961081445217
190911,0.965974450111
190912,0.814655423164
190914,0.733240127563
190915,0.5850918293
190916,0.962100684643
190919,0.798483967781
190921,0.655736863613
190922,0.862816393375
190924,0.790254771709
190926,0.863368034363
190927,0.690942645073
190931,0.846827328205
190932,0.824361026287
190934,0.668556451797
190937,0.80327630043
190940,0.976304888725
190941,0.567078232765
190942,0.552444040775
190948,0.849593877792
190950,0.621972203255
190953,0.667051792145
190954,0.958301901817
190955,0.735752463341
190956,0.641196966171
190958,0.686156868935
190959,0.817781567574
190960,0.878161668777
190962,0.52367413044
190963,0.86156219244
190964,0.836103737354
190965,0.916875839233
190966,0.873289644718
190968,0.641493618488
190969,0.985259056091
190976,0.435770571232
190977,0.696281254292
190978,0.920880973339
190979,0.692668378353
190983,0.791875064373
190986,0.947529554367
190988,0.728605687618
190990,0.898569107056
190991,0.702135980129
190992,0.784610927105
190995,0.357936471701
190996,0.887926578522
190998,0.98318117857
191000,0.970772564411
191002,0.872554421425
191004,0.857157170773
191007,0.512742877007
191011,0.73311150074
191012,0.958415985107
191013,0.953893065453
191016,0.849989891052
191017,0.984270989895
191019,0.808091104031
191020,0.876890599728
191021,0.928888082504
191022,0.988046765327
191024,0.607782840729
191026,0.97129803896
191031,0.938979268074
191034,0.653410434723
191035,0.955059111118
191036,0.941765725613
191037,0.963146567345
191040,0.961978912354
191041,0.710506260395
191042,0.712132513523
191043,0.736263513565
191044,0.776306331158
191047,0.863913178444
191052,0.787067651749
191054,0.76896327734
191056,0.855867147446
191060,0.669762969017
191063,0.912796974182
191064,0.588562965393
191066,0.935532450676
191067,0.80360943079
191068,0.812398612499
191069,0.960243999958
191084,0.960035979748
191085,0.730497658253
191086,0.985747396946
191090,0.904920816422
191092,0.642164647579
191093,0.964594185352
191094,0.859350800514
191095,0.902727603912
191097,0.887957036495
191100,0.951865375042
191101,0.795139789581
191102,0.953780472279
191104,0.668654501438
191105,0.719564735889
191109,0.75136077404
191110,0.858969628811
191111,0.796065270901
191112,0.931995093822
191114,0.917228639126
191115,0.909711003304
191116,0.629410028458
191117,0.589815616608
191121,0.675187885761
191124,0.600677847862
191132,0.674886703491
191134,0.886020123959
191135,0.94877743721
191136,0.907641232014
191138,0.828296601772
191140,0.746478557587
191143,0.932302176952
191144,0.775737941265
191146,0.676321744919
191148,0.950937092304
191149,0.690686643124
191150,0.81156873703
191153,0.5455904603
191156,0.475652784109
191160,0.818329334259
191161,0.853420495987
191162,0.769822061062
191164,0.720053076744
191165,0.672066986561
191166,0.957364439964
191167,0.936821520329
191168,0.678169071674
191169,0.586821377277
191170,0.898093760014
191171,0.466414690018
191173,0.965897262096
191174,0.328772485256
191175,0.680028140545
191176,0.305420309305
191179,0.719096124172
191180,0.845206260681
191183,0.933326840401
191186,0.864701986313
191187,0.853488504887
191189,0.85695207119
191190,0.980280339718
191191,0.69463288784
191192,0.95533311367
191194,0.918895184994
191195,0.966491162777
191197,0.955193638802
191198,0.617159307003
191199,0.809692263603
191201,0.275755852461
191205,0.686704277992
191206,0.587540209293
191210,0.694932281971
191211,0.847867012024
191213,0.979034423828
191215,0.723583817482
191217,0.959574401379
191219,0.805161952972
191220,0.984084069729
191221,0.980388522148
191222,0.609184265137
191223,0.503935754299
191226,0.947395265102
191228,0.775814116001
191229,0.890503406525
191230,0.23688672483
191231,0.854388177395
191232,0.788890779018
191233,0.91149520874
191234,0.28396359086
191236,0.480840682983
191237,0.827382922173
191240,0.962620377541
191242,0.415975213051
191243,0.605674684048
191245,0.771014451981
191246,0.770764648914
191247,0.700051963329
191248,0.512399733067
191250,0.741158187389
191253,0.96413642168
191254,0.780620276928
191255,0.597352743149
191257,0.664000630379
191258,0.829015731812
191259,0.465034484863
191261,0.916195392609
191262,0.802109599113
191264,0.11297172308
191266,0.751820802689
191267,0.630356311798
191268,0.159385249019
191270,0.850927174091
191271,0.505498051643
191273,0.97341555357
191277,0.654762864113
191278,0.584722280502
191282,0.52339142561
191284,0.771310389042
191285,0.898850262165
191286,0.678772211075
191287,0.987255930901
191291,0.748329699039
191293,0.740226686001
191294,0.618351876736
191298,0.947510302067
191299,0.962521970272
191301,0.842797577381
191302,0.227682620287
191303,0.735574007034
191304,0.629496395588
191305,0.671016335487
191306,0.920509934425
191307,0.941097080708
191308,0.921817958355
191310,0.939429104328
191311,0.941690266132
191312,0.921764671803
191314,0.972231388092
191316,0.655063569546
191318,0.868869483471
191320,0.957458734512
191324,0.643659412861
191325,0.987375497818
191326,0.85263133049
191329,0.315079182386
191330,0.967001199722
191331,0.845383942127
191333,0.925232887268
191334,0.577882707119
191335,0.788789093494
191337,0.616192162037
191340,0.902480065823
191341,0.665534317493
191343,0.89703899622
191345,0.979460120201
191349,0.557643055916
191354,0.580821633339
191355,0.484012126923
191356,0.941219031811
191358,0.924576938152
191360,0.897622406483
191362,0.960943460464
191363,0.788891613483
191366,0.919367730618
191367,0.34076654911
191370,0.889014005661
191371,0.815801501274
191374,0.853929579258
191377,0.933182477951
191378,0.853356659412
191381,0.80490899086
191382,0.864591658115
191383,0.834242284298
191388,0.839212536812
191389,0.326869636774
191394,0.811299204826
191395,0.724355340004
191396,0.688567876816
191397,0.82147705555
191400,0.906686067581
191401,0.96609300375
191407,0.544375002384
191410,0.285341084003
191412,0.890180706978
191415,0.928432226181
191416,0.629665911198
191419,0.90258026123
191423,0.653133451939
191424,0.804045379162
191425,0.727741360664
191426,0.47896707058
191427,0.832646608353
191428,0.879472255707
191429,0.975378155708
191433,0.963134765625
191435,0.961667120457
191436,0.757879912853
191437,0.832167327404
191438,0.902803182602
191442,0.494703561068
191444,0.818089008331
191445,0.937521517277
191448,0.905513644218
191452,0.300689697266
191457,0.910066604614
191459,0.753837108612
191460,0.676038861275
191462,0.856814205647
191463,0.460654348135
191470,0.795710980892
191476,0.989302992821
191477,0.631010472775
191478,0.935733556747
191479,0.60015809536
191482,0.96203482151
191486,0.914054572582
191489,0.947472274303
191490,0.961290240288
191492,0.989213168621
191493,0.898158967495
191495,0.533748745918
191498,0.628458619118
191501,0.666398704052
191503,0.681225240231
191507,0.561146199703
191508,0.697153031826
191509,0.956250190735
191514,0.524641096592
191518,0.688893973827
191519,0.510559439659
191521,0.749186992645
191522,0.904938817024
191526,0.65543538332
191528,0.921887457371
191529,0.680703341961
191531,0.956223666668
191532,0.84182703495
191534,0.946722507477
191536,0.472550839186
191537,0.859384477139
191540,0.863176941872
191542,0.862636864185
191545,0.954719126225
191546,0.992739975452
191549,0.529165863991
191550,0.490375250578
191551,0.919927656651
191553,0.875967144966
191557,0.789809346199
191558,0.863891720772
191561,0.702832221985
191563,0.900739431381
191564,0.938721299171
191565,0.907088458538
191566,0.741876065731
191567,0.560981810093
191569,0.630529522896
191570,0.819868803024
191573,0.90914618969
191574,0.990807712078
191575,0.978159844875
191576,0.516828835011
191577,0.643296778202
191583,0.789911031723
191588,0.747602939606
191591,0.604101538658
191593,0.588536024094
191594,0.558656871319
191600,0.473958939314
191603,0.366358697414
191604,0.897896051407
191605,0.0904195532203
191608,0.987823009491
191609,0.765445947647
191611,0.650206804276
191614,0.715696573257
191615,0.912234783173
191617,0.232865571976
191621,0.913655877113
191622,0.956730663776
191624,0.985718250275
191626,0.777510523796
191627,0.876556873322
191628,0.975892722607
191629,0.959665179253
191630,0.80581510067
191631,0.971518337727
191635,0.81285238266
191637,0.850397706032
191638,0.759048581123
191641,0.790931999683
191642,0.923779726028
191648,0.450937211514
191650,0.910782754421
191653,0.762516796589
191655,0.711243629456
191656,0.606789529324
191658,0.929128944874
191660,0.936283111572
191661,0.831768214703
191664,0.939616620541
191665,0.974919974804
191670,0.814344465733
191671,0.895214676857
191673,0.942714571953
191679,0.969751358032
191680,0.965449035168
191684,0.465240091085
191687,0.784571588039
191688,0.724442601204
191689,0.795762598515
191690,0.476663142443
191692,0.89225012064
191694,0.425003826618
191695,0.892633795738
191699,0.863760232925
191702,0.691953659058
191703,0.377419263124
191707,0.825128853321
191714,0.63357424736
191715,0.847508966923
191716,0.905709087849
191717,0.9701821208
191719,0.402454108
191721,0.992612481117
191723,0.956631720066
191727,0.783943533897
191728,0.789981424809
191729,0.882521986961
191730,0.768423974514
191736,0.984890162945
191738,0.743837058544
191740,0.965373933315
191743,0.227872446179
191745,0.496791511774
191746,0.654748141766
191748,0.0979394167662
191749,0.987924456596
191750,0.958224952221
191751,0.955446779728
191752,0.384549885988
191753,0.640603363514
191754,0.69011336565
191755,0.909422755241
191756,0.653391361237
191757,0.653080284595
191759,0.810855031013
191761,0.863932907581
191762,0.618482291698
191763,0.93168091774
191768,0.492346525192
191769,0.97585105896
191770,0.977380216122
191772,0.602737426758
191777,0.908800125122
191778,0.962438166142
191779,0.827779054642
191780,0.548136472702
191782,0.89629137516
191784,0.969955205917
191787,0.946075797081
191789,0.582948923111
191795,0.903295218945
191796,0.367134213448
191798,0.711683630943
191799,0.976998090744
191801,0.826924085617
191802,0.694993197918
191806,0.627572476864
191808,0.848929703236
191810,0.939560353756
191812,0.566590309143
191813,0.688510715961
191815,0.695381879807
191816,0.800089120865
191817,0.695743441582
191820,0.536778867245
191822,0.9199000597
191825,0.743347287178
191827,0.841718435287
191828,0.461207181215
191830,0.792709589005
191833,0.448611587286
191834,0.746349573135
191835,0.940059125423
191836,0.856474637985
191837,0.770824313164
191838,0.723778069019
191839,0.777082085609
191841,0.780119359493
191844,0.88811314106
191846,0.956223487854
191847,0.780261158943
191848,0.923092663288
191850,0.961830079556
191852,0.792077243328
191855,0.889648020267
191856,0.89395147562
191858,0.943616807461
191859,0.827375769615
191860,0.75044554472
191863,0.980167746544
191866,0.684770524502
191869,0.8151435256
191870,0.563874483109
191871,0.930538892746
191873,0.956565201283
191874,0.717252016068
191875,0.98778706789
191877,0.781513810158
191880,0.860658705235
191881,0.959185659885
191882,0.744458556175
191883,0.91566836834
191884,0.922568380833
191886,0.926922500134
191889,0.0641895011067
191893,0.863492071629
191895,0.744701862335
191897,0.855140447617
191906,0.805943489075
191908,0.906438231468
191915,0.730157136917
191920,0.675073981285
191923,0.913317680359
191926,0.762157976627
191927,0.411646097898
191928,0.755303561687
191935,0.994707584381
191936,0.953070342541
191944,0.902860999107
191945,0.84321641922
191947,0.88749152422
191948,0.803770959377
191949,0.512643754482
191951,0.965074956417
191953,0.462698757648
191955,0.741952180862
191957,0.641827940941
191958,0.795045852661
191960,0.793479919434
191961,0.551211774349
191964,0.69509100914
191966,0.624187886715
191967,0.908719301224
191968,0.648221194744
191969,0.935580968857
191970,0.788259088993
191971,0.707245051861
191974,0.949298799038
191978,0.485652804375
191981,0.809498369694
191985,0.76854622364
191986,0.497317641973
191990,0.479060381651
191992,0.941050946712
191999,0.733596920967
192001,0.68419611454
192006,0.926441192627
192007,0.799957513809
192009,0.836911022663
192010,0.92449259758
192011,0.76186132431
192012,0.726965665817
192013,0.933624863625
192016,0.860078573227
192018,0.976790010929
192019,0.953798472881
192022,0.740662157536
192023,0.928992688656
192024,0.912924349308
192026,0.930081009865
192027,0.881213903427
192029,0.873952269554
192030,0.542309582233
192035,0.802307128906
192038,0.502584755421
192039,0.821442842484
192045,0.693685829639
192046,0.705894887447
192050,0.437318921089
192051,0.448467940092
192053,0.519682824612
192054,0.792187333107
192055,0.94157242775
192057,0.890003800392
192058,0.638135790825
192060,0.766359984875
192065,0.55258834362
192068,0.988350868225
192070,0.983000397682
192072,0.802448034286
192076,0.574485242367
192079,0.479398548603
192080,0.446768522263
192083,0.963081359863
192085,0.618586778641
192086,0.671298861504
192087,0.615301847458
192088,0.474603146315
192090,0.668893635273
192091,0.884870350361
192093,0.586389243603
192094,0.647185921669
192095,0.687906563282
192096,0.723552525043
192099,0.88030141592
192102,0.831993460655
192103,0.977939665318
192107,0.885589540005
192108,0.992010891438
192109,0.75261002779
192112,0.506157815456
192113,0.910793125629
192114,0.746767997742
192116,0.983909964561
192121,0.896104693413
192122,0.908591389656
192124,0.966390430927
192131,0.96749663353
192132,0.558199882507
192134,0.644845187664
192136,0.872835040092
192140,0.88935649395
192143,0.908849179745
192144,0.678354978561
192153,0.849408268929
192155,0.648585319519
192158,0.261307954788
192159,0.486249446869
192160,0.484631329775
192161,0.180550426245
192162,0.637666940689
192163,0.98042678833
192165,0.712030053139
192167,0.967241406441
192169,0.984897017479
192170,0.971628367901
192172,0.615457594395
192175,0.683325469494
192176,0.0762684047222
192177,0.634467661381
192178,0.722430288792
192179,0.647734820843
192180,0.587501645088
192181,0.905190706253
192183,0.7719810009
192184,0.89879989624
192185,0.961763262749
192187,0.71071010828
192189,0.953116595745
192190,0.915196597576
192191,0.918001651764
192192,0.323064297438
192194,0.497945159674
192195,0.738700568676
192196,0.949751496315
192197,0.756174743176
192199,0.160725325346
192200,0.959615111351
192201,0.859190702438
192202,0.72249019146
192204,0.80612975359
192206,0.465490072966
192207,0.945256531239
192210,0.671140015125
192211,0.720293164253
192212,0.902935147285
192213,0.869123399258
192214,0.766660988331
192218,0.908241450787
192219,0.474618792534
192220,0.809510052204
192222,0.403757065535
192225,0.868704617023
192228,0.784531712532
192229,0.440467119217
192230,0.439837962389
192231,0.777210652828
192232,0.979980409145
192234,0.946740567684
192235,0.721646010876
192237,0.806649982929
192239,0.609070718288
192240,0.974407374859
192241,0.973731338978
192242,0.827592790127
192244,0.908004105091
192245,0.670469284058
192246,0.763822495937
192248,0.539538860321
192254,0.718977451324
192255,0.700095772743
192257,0.947321414948
192260,0.750578641891
192262,0.961123168468
192263,0.834034383297
192264,0.883486330509
192266,0.749268651009
192268,0.416991263628
192277,0.958784282207
192278,0.671287477016
192284,0.945508241653
192285,0.687710881233
192287,0.892261207104
192291,0.62512242794
192292,0.823220133781
192295,0.961698234081
192296,0.588682174683
192297,0.916797101498
192298,0.518518269062
192300,0.953803896904
192301,0.631924331188
192302,0.864658474922
192304,0.561734080315
192305,0.809714257717
192306,0.899747133255
192311,0.923453569412
192317,0.986233711243
192318,0.520575523376
192320,0.825258791447
192321,0.823432743549
192322,0.548696756363
192323,0.907344639301
192325,0.986451268196
192326,0.604250788689
192327,0.464039176702
192328,0.914073526859
192329,0.530071556568
192330,0.88450974226
192331,0.709817230701
192332,0.976251602173
192333,0.490435212851
192334,0.983485281467
192337,0.833565890789
192342,0.775234520435
192344,0.925675690174
192345,0.600267767906
192347,0.812389552593
192349,0.980457484722
192350,0.575093328953
192352,0.916690707207
192354,0.803269505501
192355,0.879583239555
192356,0.840190291405
192361,0.478701561689
192364,0.882989406586
192365,0.833680808544
192366,0.936875581741
192368,0.680696129799
192370,0.836764872074
192372,0.855242431164
192374,0.784637510777
192375,0.506116271019
192376,0.324705123901
192379,0.629734098911
192380,0.962697267532
192382,0.967177033424
192383,0.982355773449
192387,0.932449638844
192392,0.904154121876
192393,0.990432977676
192394,0.762338459492
192397,0.824072420597
192398,0.891256451607
192399,0.649403572083
192400,0.866487622261
192401,0.7501116395
192411,0.834181845188
192413,0.911435484886
192415,0.764145851135
192416,0.678136765957
192420,0.401011705399
192421,0.746386528015
192423,0.837766766548
192424,0.625836193562
192425,0.701273560524
192428,0.666441679001
192429,0.814355075359
192430,0.909613132477
192431,0.909537672997
192434,0.427619993687
192437,0.759140789509
192438,0.0783137977123
192439,0.790867209435
192441,0.831481873989
192442,0.882309496403
192443,0.729977965355
192448,0.771579384804
192449,0.624718785286
192452,0.944458246231
192457,0.961194872856
192459,0.832209289074
192460,0.752586603165
192462,0.931860685349
192463,0.963314831257
192464,0.605237603188
192466,0.484340727329
192467,0.367357164621
192468,0.877751231194
192469,0.82445025444
192470,0.918274760246
192472,0.552190601826
192474,0.751483678818
192475,0.484131038189
192477,0.741980850697
192481,0.904172539711
192482,0.984456479549
192485,0.965161800385
192487,0.976460278034
192491,0.862400889397
192495,0.413061648607
192500,0.689287245274
192504,0.252276718616
192507,0.897004067898
192510,0.993737220764
192512,0.873103141785
192515,0.826316654682
192517,0.885855913162
192518,0.684739232063
192520,0.681419849396
192521,0.915766894817
192522,0.874017059803
192525,0.78541892767
192528,0.662873148918
192529,0.728606343269
192532,0.622237682343
192533,0.80869024992
192535,0.500356674194
192537,0.591307759285
192540,0.594537854195
192541,0.658484816551
192542,0.840486645699
192544,0.682952165604
192545,0.988336741924
192546,0.982520163059
192548,0.820820093155
192549,0.623833298683
192551,0.752842545509
192553,0.572696089745
192555,0.575753867626
192558,0.96576499939
192563,0.789597153664
192565,0.708497405052
192567,0.651201784611
192568,0.966137647629
192569,0.579598903656
192571,0.932706952095
192572,0.755356132984
192574,0.978935182095
192576,0.822420716286
192580,0.80210351944
192583,0.700112760067
192584,0.775057315826
192587,0.39625865221
192588,0.584761798382
192589,0.907546043396
192590,0.704467654228
192591,0.985314846039
192594,0.493357092142
192595,0.728629291058
192596,0.985874593258
192601,0.621356666088
192602,0.821862399578
192604,0.919875442982
192606,0.904788851738
192608,0.797435283661
192611,0.854672908783
192612,0.950384438038
192613,0.89619833231
192614,0.929964780807
192617,0.732268571854
192618,0.917678058147
192619,0.89650708437
192620,0.425350517035
192621,0.806474328041
192622,0.316902846098
192623,0.937288582325
192626,0.567052304745
192628,0.623922467232
192630,0.900393247604
192632,0.980505526066
192634,0.806243598461
192636,0.304985940456
192637,0.876265227795
192638,0.93379431963
192639,0.68447804451
192640,0.835121273994
192641,0.896461009979
192642,0.818347871304
192643,0.934668004513
192644,0.812148094177
192646,0.841183483601
192649,0.889846980572
192650,0.813684523106
192652,0.723920881748
192655,0.955921649933
192656,0.762409687042
192658,0.9335257411
192662,0.830969929695
192664,0.230667978525
192666,0.897068917751
192668,0.637703359127
192669,0.919869244099
192670,0.765621602535
192671,0.783343076706
192672,0.957765817642
192673,0.928379535675
192675,0.568240344524
192679,0.813741028309
192682,0.417526572943
192683,0.833435118198
192684,0.83765655756
192692,0.92686188221
192695,0.703457057476
192696,0.785911858082
192697,0.917829096317
192698,0.630985200405
192700,0.975003004074
192701,0.934009075165
192702,0.515323340893
192703,0.729808330536
192704,0.44109365344
192705,0.981178939342
192706,0.972077488899
192707,0.498702317476
192708,0.532937526703
192709,0.684056401253
192711,0.839394569397
192712,0.982838273048
192717,0.512605726719
192719,0.932361364365
192721,0.947402119637
192723,0.709888637066
192725,0.751539647579
192726,0.926844894886
192727,0.89074999094
192735,0.745120048523
192740,0.767510533333
192741,0.803314447403
192742,0.820389270782
192745,0.95052075386
192750,0.767269015312
192752,0.94464713335
192753,0.878392338753
192760,0.713589847088
192761,0.453081279993
192763,0.757540881634
192765,0.92547172308
192766,0.976633965969
192768,0.92926222086
192769,0.594619870186
192771,0.971069276333
192772,0.742211222649
192773,0.606564640999
192783,0.957974374294
192784,0.943739175797
192785,0.436184734106
192787,0.0663045793772
192788,0.888167500496
192790,0.899871468544
192791,0.850356757641
192793,0.884862959385
192794,0.954973876476
192795,0.847898066044
192798,0.449348658323
192800,0.951400637627
192802,0.75190615654
192803,0.546826601028
192807,0.655135750771
192809,0.990902364254
192810,0.766573250294
192811,0.677751004696
192812,0.980577230453
192816,0.939030170441
192819,0.851450920105
192821,0.942711472511
192822,0.878805398941
192823,0.974551260471
192824,0.990941107273
192826,0.491584837437
192828,0.86564719677
192829,0.657956779003
192830,0.41987234354
192831,0.854716837406
192832,0.784382283688
192836,0.92401611805
192838,0.963245689869
192839,0.627448320389
192840,0.610360622406
192842,0.810759603977
192844,0.961217463017
192845,0.860167384148
192846,0.921707689762
192851,0.993786334991
192853,0.72591894865
192854,0.499605119228
192858,0.983155369759
192859,0.961916565895
192861,0.936750352383
192867,0.985060632229
192868,0.914838910103
192869,0.943795382977
192870,0.711976706982
192871,0.958950102329
192872,0.989430427551
192875,0.880980730057
192877,0.588932156563
192878,0.887959897518
192880,0.909601211548
192882,0.799793541431
192884,0.674718618393
192886,0.790109097958
192889,0.829554378986
192892,0.912601470947
192893,0.972059369087
192897,0.771500110626
192898,0.732377827168
192900,0.895039975643
192902,0.791219115257
192903,0.680124938488
192904,0.853658914566
192906,0.748990893364
192907,0.850438177586
192911,0.947788655758
192914,0.805643498898
192916,0.569071054459
192917,0.897458732128
192919,0.786310255527
192922,0.700119554996
192923,0.816956222057
192927,0.90589505434
192932,0.61363697052
192934,0.811315953732
192935,0.502749979496
192938,0.680675446987
192939,0.819040179253
192940,0.780413150787
192945,0.96253490448
192946,0.918936669827
192951,0.617944359779
192953,0.617821455002
192955,0.740777313709
192957,0.725293338299
192958,0.563583374023
192960,0.642993986607
192963,0.983617782593
192964,0.60510379076
192965,0.843171596527
192969,0.819205284119
192970,0.73707062006
192973,0.904501199722
192974,0.773264110088
192976,0.899577021599
192983,0.694024085999
192985,0.725982189178
192988,0.632874906063
192990,0.931495308876
192991,0.260978937149
192993,0.936131536961
192994,0.790508925915
192995,0.960300505161
192999,0.661138534546
193001,0.806960344315
193002,0.86064773798
193003,0.899201452732
193005,0.920198619366
193008,0.623986065388
193015,0.418549507856
193016,0.757187783718
193018,0.43660274148
193019,0.733724415302
193022,0.755358815193
193023,0.746155381203
193025,0.793987393379
193026,0.854252040386
193027,0.906857430935
193031,0.817161381245
193033,0.66930526495
193035,0.378920912743
193041,0.714773058891
193042,0.916706204414
193044,0.925622165203
193045,0.74254578352
193046,0.794737875462
193049,0.890706956387
193050,0.881932139397
193051,0.939418315887
193053,0.888620436192
193054,0.982653796673
193055,0.957804262638
193060,0.788987994194
193063,0.699116408825
193064,0.896633565426
193065,0.799460947514
193066,0.824932932854
193068,0.777567148209
193069,0.971361815929
193071,0.728607833385
193072,0.638394832611
193073,0.711091220379
193074,0.889077603817
193075,0.777524530888
193079,0.802948534489
193081,0.934290468693
193088,0.752237737179
193093,0.334098726511
193094,0.790567338467
193095,0.0808423385024
193097,0.86477124691
193101,0.960252702236
193103,0.778107821941
193104,0.721600115299
193105,0.693401992321
193106,0.91889166832
193107,0.389867901802
193110,0.951171755791
193111,0.677908957005
193112,0.983107089996
193114,0.948516726494
193115,0.78577631712
193116,0.701549589634
193121,0.365365564823
193123,0.557108342648
193127,0.948364555836
193128,0.928332030773
193129,0.967071473598
193130,0.766213655472
193132,0.798912763596
193134,0.56888794899
193135,0.963669359684
193137,0.721593618393
193138,0.684395372868
193139,0.742479920387
193140,0.867909908295
193145,0.974050402641
193148,0.910702586174
193150,0.965235054493
193151,0.826903522015
193152,0.973754882812
193158,0.979355275631
193161,0.944270133972
193162,0.990858852863
193163,0.968458116055
193165,0.877851247787
193169,0.916450202465
193170,0.838799655437
193171,0.651712357998
193172,0.964482665062
193173,0.74762326479
193174,0.813362717628
193175,0.811577677727
193177,0.781631112099
193179,0.923888087273
193180,0.574392914772
193181,0.925895452499
193182,0.715818345547
193183,0.698615074158
193184,0.732000887394
193185,0.7965670228
193187,0.863964319229
193189,0.844761788845
193190,0.833245813847
193192,0.952068388462
193194,0.40432330966
193196,0.783452153206
193197,0.45686212182
193198,0.451908290386
193201,0.882033586502
193202,0.70717394352
193208,0.821753442287
193210,0.592904150486
193212,0.696322917938
193214,0.433789610863
193215,0.672195971012
193216,0.929225981236
193217,0.741590321064
193218,0.739623606205
193224,0.859092056751
193227,0.370456844568
193229,0.86351788044
193230,0.584590375423
193231,0.650479495525
193232,0.171597346663
193234,0.942336499691
193236,0.742913365364
193239,0.789637207985
193243,0.978206515312
193244,0.745451688766
193246,0.721082508564
193249,0.892249345779
193256,0.928132355213
193257,0.892421066761
193258,0.835700690746
193259,0.921071112156
193260,0.917533397675
193262,0.83746355772
193268,0.502624094486
193269,0.649271667004
193270,0.962772727013
193276,0.108334422112
193278,0.706872820854
193279,0.47942879796
193281,0.919500410557
193283,0.706988632679
193287,0.495086550713
193288,0.911966919899
193290,0.82143175602
193292,0.573272407055
193294,0.959362924099
193297,0.984879851341
193298,0.0736716762185
193299,0.991383910179
193301,0.989197671413
193302,0.809919714928
193305,0.818643987179
193306,0.598974704742
193307,0.971110641956
193308,0.86638712883
193309,0.658685326576
193310,0.908841192722
193311,0.902333974838
193313,0.847099602222
193315,0.809946835041
193316,0.881576895714
193320,0.873600184917
193321,0.921759843826
193323,0.862683176994
193324,0.822804272175
193327,0.485325694084
193328,0.868485689163
193329,0.688238978386
193331,0.781894207001
193332,0.469596028328
193333,0.872513473034
193337,0.716196000576
193338,0.863064646721
193339,0.54212141037
193340,0.638102352619
193341,0.777772545815
193345,0.975074052811
193348,0.926500022411
193352,0.458473592997
193353,0.747858464718
193354,0.906582117081
193355,0.590526938438
193356,0.867353975773
193358,0.911551892757
193360,0.880977511406
193363,0.973418474197
193365,0.939702212811
193366,0.621966481209
193369,0.842569470406
193370,0.85322535038
193371,0.617264866829
193372,0.567798554897
193382,0.93848156929
193388,0.792402565479
193392,0.943681657314
193394,0.507672429085
193397,0.754414737225
193398,0.878596544266
193400,0.942454338074
193403,0.935456812382
193404,0.136051312089
193405,0.643696725368
193407,0.871634602547
193408,0.601144373417
193409,0.890153467655
193410,0.977560818195
193412,0.929648935795
193414,0.759018182755
193415,0.741892457008
193417,0.528341948986
193420,0.963105976582
193421,0.858056902885
193422,0.90051484108
193423,0.990160048008
193424,0.83569419384
193427,0.761153161526
193428,0.793820440769
193432,0.713109850883
193433,0.738776803017
193434,0.740256547928
193435,0.831133186817
193436,0.0319150947034
193438,0.924822568893
193440,0.907653510571
193441,0.941337525845
193443,0.241620630026
193444,0.955416858196
193446,0.715493679047
193447,0.976594984531
193448,0.933239519596
193449,0.677572309971
193454,0.894135355949
193455,0.837010920048
193456,0.976506412029
193457,0.91091966629
193459,0.840888023376
193464,0.940112173557
193465,0.713971376419
193468,0.788444936275
193472,0.544690072536
193474,0.913552761078
193475,0.945135116577
193476,0.451993256807
193477,0.948461413383
193478,0.915172874928
193479,0.874295115471
193482,0.76850861311
193484,0.721897304058
193486,0.72866410017
193488,0.515047192574
193490,0.911013007164
193491,0.120268657804
193492,0.823556780815
193497,0.94649553299
193499,0.788263678551
193500,0.489677518606
193507,0.81573933363
193508,0.892596364021
193510,0.549388945103
193511,0.804974734783
193519,0.765695273876
193520,0.994949102402
193522,0.900251090527
193523,0.786578059196
193525,0.922894001007
193526,0.786595463753
193527,0.900694489479
193529,0.909282326698
193530,0.950661242008
193532,0.835100650787
193535,0.626018822193
193539,0.792631804943
193542,0.87114918232
193543,0.911028265953
193546,0.721096932888
193548,0.672339320183
193549,0.854142963886
193552,0.791144490242
193554,0.941199064255
193555,0.986194968224
193557,0.612286567688
193560,0.222774788737
193562,0.678771972656
193564,0.928112745285
193566,0.885007083416
193569,0.886978685856
193570,0.845807433128
193581,0.569306313992
193582,0.846433341503
193583,0.762253046036
193587,0.915645182133
193589,0.749630153179
193591,0.522618770599
193592,0.880456268787
193594,0.775637924671
193596,0.499802619219
193599,0.487839102745
193600,0.950635790825
193604,0.791078746319
193606,0.376142263412
193609,0.937746763229
193612,0.984478592873
193614,0.371009647846
193615,0.960539638996
193616,0.740869820118
193617,0.667158067226
193618,0.86329382658
193620,0.863923311234
193622,0.992093503475
193625,0.556192576885
193626,0.822773754597
193627,0.884902477264
193630,0.507816195488
193631,0.758620560169
193635,0.958669543266
193636,0.94936722517
193638,0.660839915276
193640,0.60694783926
193642,0.80957454443
193646,0.770520567894
193650,0.749704182148
193654,0.615741014481
193655,0.881574213505
193657,0.661089241505
193658,0.899541914463
193659,0.679855644703
193665,0.699606478214
193666,0.98361569643
193667,0.730751752853
193671,0.835993528366
193673,0.906825840473
193676,0.72544157505
193678,0.917767524719
193681,0.860085189342
193684,0.93142157793
193685,0.405271202326
193688,0.742967844009
193689,0.770639538765
193690,0.636479139328
193691,0.986337006092
193692,0.870118677616
193693,0.700963318348
193694,0.94259083271
193697,0.560610830784
193698,0.7477684021
193703,0.711318612099
193704,0.939110577106
193705,0.710695266724
193706,0.841599166393
193712,0.925978124142
193714,0.807834327221
193716,0.429500192404
193717,0.719261288643
193718,0.558994352818
193719,0.911462605
193721,0.967142164707
193723,0.640849351883
193726,0.766910195351
193729,0.782993197441
193733,0.71413731575
193734,0.937373280525
193739,0.825632095337
193740,0.960017085075
193741,0.817817151546
193745,0.820303559303
193746,0.689327716827
193748,0.946186244488
193750,0.941507339478
193752,0.894420146942
193756,0.737880766392
193757,0.600664377213
193759,0.950290739536
193761,0.751452386379
193762,0.564967036247
193764,0.901827454567
193765,0.878036975861
193766,0.832363545895
193767,0.894031226635
193769,0.80258846283
193770,0.481427043676
193771,0.95937949419
193772,0.851540327072
193773,0.987788498402
193775,0.918845772743
193779,0.955454528332
193782,0.852892935276
193783,0.854477822781
193788,0.896333217621
193789,0.493768781424
193790,0.856422781944
193791,0.526309967041
193794,0.59318447113
193795,0.888432085514
193796,0.946626245975
193797,0.341045945883
193799,0.672391355038
193801,0.981281459332
193805,0.729598462582
193807,0.985187232494
193812,0.907714903355
193813,0.883814334869
193814,0.977399230003
193819,0.972879886627
193821,0.8090518713
193822,0.858551681042
193823,0.820470511913
193825,0.816625416279
193826,0.839958131313
193830,0.955480456352
193831,0.850226521492
193834,0.957606613636
193835,0.797158062458
193836,0.427998661995
193838,0.620367109776
193842,0.961806952953
193848,0.968062698841
193850,0.689945340157
193851,0.918590784073
193852,0.87860918045
193853,0.982688903809
193854,0.284399837255
193855,0.973255991936
193857,0.979690849781
193858,0.7034304142
193860,0.750844359398
193861,0.744589447975
193864,0.86153370142
193865,0.92579460144
193866,0.828142702579
193868,0.505618989468
193870,0.97432488203
193871,0.71409702301
193872,0.830339670181
193873,0.919878780842
193875,0.698530256748
193876,0.499308586121
193878,0.692778527737
193880,0.851039230824
193881,0.840101540089
193882,0.920639157295
193885,0.916406869888
193888,0.673403680325
193889,0.895000040531
193891,0.973071575165
193895,0.696354091167
193898,0.693743884563
193900,0.766724288464
193901,0.870837450027
193903,0.477978229523
193904,0.886901795864
193905,0.681048929691
193906,0.719648778439
193907,0.858726382256
193908,0.768282949924
193909,0.617906749249
193912,0.960418343544
193913,0.301017254591
193915,0.965592265129
193916,0.861376464367
193918,0.946415007114
193920,0.983010530472
193921,0.943271398544
193924,0.323525428772
193929,0.768980443478
193931,0.70418035984
193933,0.842263400555
193934,0.926015138626
193938,0.780087649822
193939,0.529769003391
193941,0.919517040253
193943,0.484406799078
193944,0.936946988106
193945,0.964734733105
193946,0.919053852558
193947,0.974710941315
193951,0.965073287487
193952,0.838982880116
193954,0.855958223343
193955,0.944092154503
193956,0.766909599304
193958,0.963809907436
193959,0.625808417797
193963,0.870510458946
193964,0.897098183632
193965,0.914939105511
193968,0.87361240387
193970,0.550437629223
193971,0.687570810318
193972,0.94718837738
193973,0.893266141415
193974,0.725139439106
193977,0.872352480888
193978,0.840419769287
193981,0.893550097942
193983,0.914171814919
193985,0.590240120888
193989,0.882567465305
193990,0.945157885551
193993,0.969599127769
193994,0.677727937698
193997,0.87802362442
193998,0.473758131266
193999,0.899767279625
194001,0.806632697582
194006,0.923570692539
194009,0.949745893478
194012,0.782199859619
194015,0.740791499615
194017,0.942667961121
194019,0.67751121521
194020,0.47046354413
194021,0.796598672867
194024,0.968695998192
194030,0.921561956406
194031,0.157360062003
194033,0.816109240055
194037,0.946615219116
194038,0.871208310127
194040,0.456605941057
194042,0.757918834686
194043,0.874875664711
194045,0.823973178864
194051,0.740029811859
194054,0.854945063591
194055,0.911881148815
194059,0.871461451054
194061,0.719130933285
194062,0.781793236732
194063,0.84703451395
194064,0.586032450199
194066,0.858901798725
194069,0.974106729031
194072,0.873013794422
194073,0.614106178284
194076,0.432562291622
194078,0.543091654778
194079,0.51799684763
194081,0.728493094444
194082,0.519774794579
194084,0.60900247097
194088,0.64623773098
194089,0.62277930975
194090,0.931423842907
194091,0.856449365616
194092,0.627526938915
194093,0.964980363846
194094,0.95921933651
194095,0.783153176308
194096,0.437633126974
194097,0.855884611607
194102,0.733201742172
194104,0.62513679266
194105,0.635761201382
194107,0.951258480549
194108,0.949783027172
194110,0.63597035408
194111,0.862177908421
194114,0.898327589035
194118,0.735796749592
194119,0.81669408083
194121,0.533622980118
194122,0.836405336857
194126,0.96523141861
194128,0.558990001678
194134,0.740030229092
194136,0.908308029175
194137,0.908946990967
194143,0.869371235371
194144,0.727673828602
194145,0.753266632557
194146,0.935611665249
194148,0.847554862499
194150,0.868011951447
194152,0.478368192911
194153,0.703446567059
194154,0.789157450199
194155,0.366241246462
194159,0.676010727882
194162,0.992015004158
194164,0.943346858025
194165,0.5962048769
194166,0.97334831953
194173,0.965528249741
194174,0.824860036373
194176,0.97450453043
194177,0.927700638771
194180,0.848915159702
194185,0.672443449497
194189,0.802208244801
194190,0.927823066711
194191,0.920828461647
194192,0.873959064484
194193,0.520663440228
194195,0.629971444607
194197,0.827601015568
194199,0.739145278931
194205,0.98844820261
194206,0.759723246098
194208,0.667125463486
194209,0.941957354546
194210,0.887300848961
194212,0.951828062534
194213,0.93935084343
194214,0.699229538441
194215,0.309195548296
194218,0.741199493408
194219,0.695111453533
194221,0.863537847996
194222,0.737103879452
194224,0.949141025543
194231,0.885771155357
194232,0.950224220753
194234,0.792178571224
194235,0.61492729187
194237,0.561865746975
194240,0.770321309566
194241,0.755299031734
194243,0.884527921677
194244,0.623169839382
194247,0.479289531708
194248,0.561331033707
194250,0.395682126284
194252,0.914271950722
194253,0.986079394817
194256,0.923644423485
194257,0.863641858101
194258,0.696983873844
194260,0.953756928444
194264,0.89676618576
194268,0.847003221512
194271,0.785423874855
194272,0.279301255941
194274,0.872453153133
194275,0.921848535538
194278,0.746404111385
194281,0.704315245152
194284,0.310900956392
194285,0.885652005672
194287,0.913383364677
194288,0.979557037354
194289,0.373150318861
194291,0.783078730106
194292,0.38590285182
194293,0.471277832985
194294,0.525999188423
194298,0.888131976128
194299,0.919658899307
194301,0.76650851965
194302,0.701714396477
194303,0.93024790287
194304,0.891724288464
194306,0.92843490839
194307,0.820814430714
194308,0.85704022646
194309,0.716999828815
194315,0.889764010906
194316,0.622975409031
194318,0.443038493395
194320,0.746782541275
194321,0.917155325413
194322,0.688239455223
194329,0.869949936867
194330,0.976715266705
194331,0.950852930546
194333,0.930767774582
194334,0.914914906025
194337,0.724157214165
194339,0.840909779072
194340,0.885212659836
194344,0.923568964005
194345,0.653463184834
194347,0.91142231226
194349,0.241900444031
194355,0.87549585104
194358,0.838121056557
194359,0.942760050297
194365,0.975517988205
194367,0.841161310673
194369,0.398495823145
194370,0.742669582367
194371,0.984172284603
194372,0.76290422678
194374,0.875506162643
194375,0.663942635059
194376,0.786888301373
194379,0.807229280472
194381,0.982932209969
194384,0.711121857166
194386,0.379636108875
194388,0.861365795135
194393,0.877152383327
194394,0.784835338593
194396,0.964376747608
194397,0.621882855892
194398,0.903334379196
194402,0.536882460117
194403,0.901000082493
194406,0.756850600243
194408,0.816721975803
194409,0.60069745779
194410,0.875834882259
194412,0.759332716465
194416,0.944849133492
194419,0.819127380848
194420,0.605532050133
194423,0.772321522236
194424,0.719689786434
194426,0.876540720463
194427,0.778277516365
194429,0.545039713383
194430,0.627944409847
194433,0.895624101162
194436,0.539382815361
194438,0.877811193466
194442,0.953258812428
194443,0.273391276598
194445,0.91767013073
194450,0.571125507355
194451,0.526919722557
194453,0.382270693779
194456,0.904745161533
194457,0.578378379345
194458,0.863028466702
194459,0.790584146976
194460,0.754021286964
194461,0.871526122093
194462,0.731638729572
194465,0.948263168335
194466,0.422745257616
194467,0.568728029728
194469,0.864883303642
194471,0.696193397045
194473,0.971845090389
194474,0.810839772224
194475,0.913224279881
194476,0.806983053684
194477,0.873565852642
194482,0.89914649725
194484,0.394386827946
194485,0.960353136063
194486,0.915161669254
194490,0.982134461403
194491,0.379095882177
194493,0.481785267591
194494,0.852010905743
194495,0.757073819637
194497,0.759775042534
194499,0.921961843967
194502,0.780724346638
194503,0.711942195892
194506,0.954192757607
194511,0.699088275433
194512,0.981257081032
194514,0.93546462059
194515,0.949785470963
194516,0.795023500919
194519,0.731779396534
194523,0.721329927444
194524,0.813158154488
194525,0.962222337723
194530,0.567390620708
194532,0.859575986862
194536,0.987383663654
194538,0.76662170887
194539,0.909723222256
194547,0.817030727863
194548,0.777405798435
194550,0.802239835262
194553,0.797222971916
194556,0.265796333551
194557,0.975238442421
194564,0.763101100922
194566,0.910853087902
194573,0.923356115818
194574,0.71652930975
194575,0.984917581081
194580,0.758631527424
194582,0.754713952541
194583,0.949542820454
194584,0.932035028934
194585,0.937902271748
194587,0.779837846756
194588,0.844264507294
194589,0.665795087814
194592,0.757293701172
194594,0.571012198925
194595,0.34410995245
194596,0.568885624409
194598,0.940426707268
194599,0.911172151566
194600,0.920500159264
194602,0.916191995144
194607,0.829300105572
194608,0.455772012472
194609,0.947524011135
194610,0.610600650311
194613,0.493766784668
194614,0.972841382027
194615,0.67823857069
194618,0.97902905941
194619,0.64326685667
194620,0.81922930479
194622,0.711483716965
194623,0.701824307442
194626,0.889302372932
194628,0.6838966012
194632,0.822790324688
194633,0.962735176086
194634,0.901270627975
194636,0.854073822498
194638,0.947596251965
194639,0.807000219822
194641,0.943462908268
194642,0.904914081097
194643,0.364960998297
194645,0.771477937698
194648,0.97740650177
194650,0.696069061756
194651,0.992820322514
194652,0.972929298878
194654,0.864804327488
194655,0.745320856571
194656,0.696046829224
194657,0.855393350124
194658,0.722723722458
194660,0.953931331635
194661,0.916866898537
194662,0.93744045496
194663,0.961630642414
194666,0.15021289885
194669,0.80854511261
194670,0.920184075832
194674,0.974238693714
194681,0.863535106182
194682,0.879040718079
194683,0.849609196186
194685,0.851743102074
194687,0.866451025009
194688,0.763149380684
194689,0.827690780163
194691,0.870446801186
194692,0.893468797207
194695,0.9772965312
194696,0.811034739017
194697,0.897925257683
194699,0.945246517658
194703,0.921690881252
194705,0.865848779678
194706,0.932542622089
194709,0.414537519217
194711,0.280830204487
194719,0.67123901844
194721,0.866384923458
194722,0.750051558018
194724,0.687416613102
194725,0.967981636524
194726,0.892650008202
194727,0.489797890186
194728,0.496949970722
194735,0.924653768539
194736,0.920569241047
194737,0.900516748428
194740,0.962362825871
194741,0.452013194561
194745,0.714522600174
194746,0.844113945961
194752,0.884602546692
194753,0.603123128414
194755,0.975282073021
194757,0.936406672001
194758,0.868709564209
194759,0.933892667294
194761,0.920267760754
194763,0.970750689507
194765,0.936265349388
194766,0.778913497925
194770,0.733398199081
194771,0.960075438023
194774,0.919044613838
194775,0.736668527126
194779,0.978584587574
194782,0.365892142057
194783,0.813804745674
194784,0.697003245354
194787,0.803362309933
194790,0.739420711994
194794,0.610449671745
194796,0.94225859642
194797,0.868689358234
194798,0.967086732388
194801,0.790490925312
194802,0.973600924015
194805,0.112252019346
194810,0.95690870285
194812,0.987256288528
194813,0.782206952572
194817,0.648245751858
194819,0.649444162846
194820,0.790614247322
194822,0.574084341526
194824,0.987258017063
194829,0.922839045525
194831,0.771876692772
194833,0.854049026966
194835,0.85296612978
194837,0.551816225052
194838,0.879517018795
194841,0.757608115673
194843,0.312872707844
194844,0.899840176105
194846,0.959590852261
194847,0.853407621384
194849,0.886992394924
194852,0.93590682745
194853,0.85544270277
194855,0.951457977295
194858,0.855203568935
194859,0.583039522171
194862,0.825738310814
194864,0.980289280415
194865,0.929324686527
194869,0.83960467577
194870,0.79516518116
194875,0.853126347065
194877,0.734890758991
194883,0.46745839715
194887,0.696232020855
194888,0.961115479469
194894,0.737803339958
194895,0.843746781349
194897,0.974127709866
194899,0.924286901951
194900,0.952310919762
194902,0.89271491766
194904,0.77240139246
194906,0.754937708378
194907,0.841162800789
194910,0.91154807806
194917,0.936632096767
194919,0.526413023472
194922,0.861978530884
194924,0.859516441822
194925,0.979284286499
194926,0.867851912975
194927,0.91027122736
194930,0.901106715202
194931,0.356662273407
194932,0.891256988049
194935,0.773032367229
194936,0.842552185059
194937,0.944154500961
194940,0.908750712872
194944,0.770604431629
194945,0.978293657303
194947,0.148478016257
194948,0.915816485882
194950,0.969329237938
194951,0.897704303265
194952,0.706072092056
194953,0.993955075741
194954,0.876549243927
194958,0.851350903511
194960,0.652253508568
194961,0.742285788059
194962,0.844177424908
194963,0.825390934944
194970,0.798778653145
194971,0.903338193893
194977,0.596724390984
194979,0.665837347507
194981,0.706095278263
194984,0.284307599068
194986,0.85370361805
194989,0.895510792732
194991,0.862089812756
194994,0.994758069515
194996,0.961154520512
194998,0.879943490028
195005,0.904022753239
195008,0.944858968258
195010,0.986060738564
195011,0.918675124645
195012,0.516271412373
195015,0.745939612389
195016,0.800578355789
195017,0.65102994442
195020,0.99101805687
195023,0.832804560661
195024,0.508499324322
195026,0.883480250835
195035,0.853377342224
195037,0.724238216877
195041,0.820728600025
195043,0.842190504074
195044,0.942192792892
195045,0.582154929638
195046,0.703173100948
195048,0.96671038866
195051,0.880858182907
195052,0.687782287598
195054,0.820974707603
195055,0.706603825092
195060,0.61077862978
195063,0.79597479105
195064,0.56747418642
195067,0.921643257141
195071,0.908249795437
195074,0.937429785728
195077,0.804413378239
195079,0.76198387146
195081,0.912176012993
195082,0.950139522552
195085,0.823330163956
195087,0.690735161304
195089,0.952725172043
195090,0.774885833263
195091,0.694652378559
195092,0.728155016899
195093,0.806491613388
195094,0.541486084461
195095,0.207787021995
195096,0.66434520483
195097,0.638278722763
195098,0.743812799454
195100,0.96869969368
195101,0.962304651737
195102,0.758419752121
195104,0.684788227081
195105,0.870478034019
195107,0.95020121336
195108,0.953420996666
195111,0.85123449564
195113,0.944220066071
195115,0.890291512012
195117,0.951083004475
195123,0.793130278587
195124,0.971651315689
195125,0.180257484317
195126,0.835602641106
195129,0.516028344631
195132,0.737863361835
195141,0.821383416653
195142,0.676183640957
195143,0.725668787956
195144,0.904482364655
195148,0.635279417038
195149,0.430230557919
195150,0.883942127228
195151,0.839447975159
195152,0.991038322449
195153,0.924922704697
195154,0.80882281065
195157,0.828495264053
195160,0.682744562626
195161,0.88634043932
195162,0.795543313026
195163,0.972028195858
195166,0.977413892746
195167,0.817535400391
195171,0.94587546587
195173,0.634289324284
195174,0.82798153162
195177,0.854397594929
195179,0.831107974052
195182,0.672762095928
195183,0.823950111866
195185,0.871628284454
195188,0.881058752537
195189,0.637097299099
195190,0.765952348709
195191,0.795747697353
195192,0.471849173307
195193,0.971284925938
195194,0.686734259129
195195,0.947155952454
195198,0.686304271221
195208,0.603074073792
195209,0.873142659664
195214,0.851915717125
195217,0.202299684286
195218,0.534712970257
195222,0.900655865669
195224,0.401209920645
195225,0.278043240309
195227,0.608874082565
195228,0.686792552471
195234,0.825945496559
195237,0.991320073605
195240,0.881286084652
195242,0.971210896969
195248,0.895790815353
195249,0.95381385088
195250,0.849789202213
195252,0.983468294144
195257,0.960961639881
195263,0.978772521019
195266,0.935137927532
195268,0.735791563988
195270,0.84789711237
195271,0.609100997448
195272,0.683893084526
195273,0.553461670876
195274,0.941286861897
195275,0.856978535652
195277,0.941849410534
195279,0.641111135483
195280,0.331856429577
195281,0.908860325813
195282,0.789883732796
195283,0.525557935238
195284,0.772612094879
195286,0.851880788803
195287,0.364866554737
195290,0.890354633331
195291,0.476791024208
195293,0.961244404316
195294,0.973919272423
195299,0.779744744301
195300,0.890459358692
195301,0.529852330685
195302,0.571610271931
195304,0.316553294659
195305,0.765215456486
195306,0.654426813126
195307,0.792925655842
195308,0.966897010803
195310,0.821971654892
195312,0.773704528809
195314,0.918136060238
195316,0.0951760560274
195317,0.447014659643
195321,0.78658425808
195322,0.953979074955
195323,0.815804302692
195324,0.877832174301
195326,0.803394854069
195327,0.779035747051
195332,0.549403727055
195333,0.950444817543
195335,0.660360395908
195336,0.585659146309
195338,0.954587101936
195340,0.723799943924
195341,0.979007601738
195342,0.479519039392
195343,0.805804431438
195346,0.546894669533
195347,0.745639622211
195348,0.850390911102
195349,0.75316631794
195350,0.978602707386
195356,0.803517699242
195357,0.953400850296
195358,0.51583892107
195359,0.75619083643
195360,0.901254475117
195362,0.99277061224
195365,0.858590602875
195367,0.668009221554
195368,0.831354737282
195373,0.71919387579
195376,0.762419402599
195380,0.89977735281
195381,0.790254473686
195383,0.729173958302
195385,0.871932327747
195386,0.912862658501
195387,0.934639275074
195388,0.971509337425
195390,0.876539945602
195392,0.736429452896
195394,0.982183814049
195395,0.793669044971
195396,0.697864592075
195397,0.957824647427
195402,0.840963900089
195404,0.950255095959
195406,0.89914649725
195407,0.345185935497
195409,0.891648709774
195415,0.827974677086
195417,0.927830159664
195421,0.721009373665
195423,0.822834074497
195424,0.634147465229
195427,0.130832821131
195430,0.825092375278
195431,0.801951110363
195433,0.852758347988
195436,0.831139445305
195438,0.809645056725
195439,0.92595654726
195441,0.86645334959
195442,0.735228061676
195443,0.481453895569
195444,0.959135174751
195445,0.755656778812
195446,0.962496101856
195447,0.854231417179
195455,0.933218717575
195456,0.666555404663
195457,0.920251309872
195458,0.966086030006
195460,0.945378065109
195462,0.85536044836
195465,0.516893684864
195466,0.971767067909
195467,0.817398190498
195470,0.491090297699
195472,0.863824307919
195474,0.852652966976
195475,0.519409716129
195478,0.734015285969
195479,0.802907407284
195480,0.368096143007
195481,0.954382181168
195483,0.96560549736
195484,0.939425230026
195485,0.898453116417
195486,0.823583185673
195490,0.644142091274
195491,0.686007618904
195492,0.859879851341
195493,0.816067695618
195494,0.967754781246
195497,0.936477124691
195498,0.776659250259
195499,0.230582013726
195504,0.888879537582
195507,0.894497096539
195509,0.650200128555
195514,0.777506887913
195515,0.45233809948
195516,0.966047108173
195520,0.92127674818
195523,0.980435848236
195524,0.455252975225
195525,0.753981292248
195526,0.698932230473
195527,0.705079317093
195529,0.805496513844
195530,0.992691218853
195531,0.67846095562
195532,0.939478993416
195533,0.486185401678
195535,0.384346216917
195536,0.994031608105
195537,0.556968450546
195538,0.951082766056
195539,0.981736898422
195541,0.974777400494
195543,0.915608584881
195545,0.480636030436
195547,0.963547289371
195550,0.842876374722
195552,0.954324543476
195554,0.891782402992
195557,0.720191180706
195559,0.92447578907
195561,0.57174795866
195564,0.917390704155
195567,0.748615503311
195568,0.709616303444
195575,0.736463487148
195577,0.811324298382
195578,0.524709045887
195579,0.935421228409
195581,0.948659181595
195582,0.872186541557
195586,0.952828943729
195589,0.647109568119
195592,0.775494873524
195593,0.483089625835
195595,0.677390635014
195597,0.95947855711
195602,0.594105184078
195606,0.55915594101
195607,0.387306690216
195608,0.514627814293
195610,0.934077501297
195613,0.890553593636
195614,0.398020863533
195615,0.417806148529
195619,0.938840985298
195622,0.843098223209
195625,0.798572361469
195626,0.326544374228
195627,0.891309559345
195630,0.100302360952
195632,0.53120726347
195634,0.810134232044
195635,0.621979594231
195636,0.702833414078
195637,0.816807746887
195640,0.682417333126
195642,0.828678905964
195645,0.838160932064
195647,0.899468243122
195648,0.895056664944
195649,0.905330240726
195657,0.284149080515
195660,0.902913749218
195661,0.802289843559
195662,0.911836564541
195663,0.779086887836
195664,0.858090698719
195665,0.868077039719
195666,0.970099806786
195667,0.771432518959
195668,0.975460231304
195669,0.970941245556
195673,0.984855353832
195674,0.963497817516
195676,0.688289284706
195679,0.972963392735
195681,0.82172614336
195682,0.966610789299
195683,0.979412794113
195689,0.915330350399
195691,0.811840772629
195693,0.990645289421
195696,0.553411781788
195697,0.843287527561
195701,0.718094408512
195702,0.924027681351
195704,0.887678027153
195707,0.92665964365
195711,0.83687722683
195714,0.717335760593
195716,0.552524983883
195719,0.883747398853
195720,0.620463371277
195722,0.982153356075
195723,0.813850820065
195726,0.919356048107
195727,0.662948906422
195730,0.582762539387
195731,0.883837521076
195734,0.87457805872
195735,0.857773780823
195737,0.801006734371
195738,0.763741314411
195741,0.814367949963
195742,0.698201835155
195745,0.733537733555
195746,0.644623875618
195748,0.472244620323
195749,0.773913860321
195750,0.823795855045
195751,0.659524977207
195753,0.725097358227
195754,0.879343688488
195755,0.771682739258
195756,0.731300413609
195757,0.718419373035
195758,0.915929377079
195759,0.754024744034
195761,0.913244366646
195762,0.969214081764
195765,0.827691376209
195766,0.982580125332
195769,0.805232524872
195770,0.799491465092
195772,0.260167241096
195773,0.984302163124
195776,0.666150808334
195777,0.343793660402
195779,0.605397224426
195781,0.831907331944
195783,0.93207025528
195785,0.827127158642
195791,0.992430984974
195792,0.792383253574
195793,0.736130952835
195794,0.912863075733
195795,0.931659400463
195796,0.94618844986
195797,0.916475772858
195800,0.731268525124
195801,0.296838253736
195806,0.884352326393
195809,0.874298632145
195810,0.226870656013
195811,0.62433552742
195814,0.741923451424
195816,0.988873362541
195817,0.968411028385
195818,0.769372224808
195820,0.964249074459
195821,0.797559678555
195822,0.859428107738
195824,0.958849847317
195825,0.775962293148
195827,0.92316454649
195828,0.366481512785
195829,0.944332003593
195830,0.930760383606
195834,0.967173695564
195839,0.674125850201
195843,0.919907808304
195845,0.389273881912
195846,0.811428904533
195848,0.914343416691
195849,0.850150048733
195850,0.312287569046
195855,0.699008822441
195857,0.971452176571
195861,0.935586214066
195862,0.737832248211
195864,0.933984816074
195866,0.450557291508
195867,0.729715585709
195870,0.922040879726
195872,0.968298912048
195875,0.93824493885
195877,0.892800569534
195878,0.70190757513
195879,0.743896603584
195880,0.78624778986
195881,0.912918388844
195882,0.9002622962
195884,0.955788314342
195885,0.651871323586
195887,0.490936547518
195888,0.684925496578
195889,0.863115131855
195892,0.751715898514
195894,0.787591278553
195897,0.965008795261
195898,0.922974526882
195899,0.622987568378
195900,0.991372346878
195901,0.772837877274
195904,0.474033683538
195906,0.942440271378
195907,0.719716846943
195908,0.754738390446
195909,0.858175396919
195910,0.4559199512
195911,0.936770260334
195913,0.424491792917
195914,0.953631162643
195916,0.65933406353
195920,0.782502293587
195921,0.872437000275
195922,0.900152862072
195925,0.819042265415
195929,0.813081562519
195932,0.907565116882
195936,0.484487861395
195937,0.928014695644
195939,0.991353809834
195941,0.936180174351
195944,0.777698874474
195945,0.680451154709
195947,0.932807266712
195948,0.875845193863
195949,0.647872328758
195950,0.803820133209
195951,0.91865760088
195953,0.694154620171
195954,0.941004395485
195955,0.563365340233
195957,0.955599427223
195958,0.63761228323
195964,0.934360980988
195965,0.890506029129
195967,0.960170269012
195968,0.408040136099
195969,0.864176034927
195972,0.912834227085
195973,0.820414125919
195974,0.504317760468
195975,0.581355035305
195976,0.748319685459
195978,0.888765156269
195979,0.977568924427
195981,0.969412922859
195982,0.626323342323
195983,0.393501549959
195984,0.806607484818
195986,0.845995187759
195987,0.5787281394
195988,0.684492349625
195992,0.89961284399
195993,0.754483878613
195995,0.979278683662
195996,0.225047916174
195998,0.952590584755
195999,0.748101294041
196001,0.903254270554
196002,0.862709283829
196003,0.65672326088
196004,0.952817797661
196005,0.895095646381
196008,0.752862989902
196009,0.973152756691
196010,0.9324670434
196011,0.671664297581
196012,0.884536862373
196013,0.782146990299
196015,0.591057896614
196020,0.786388635635
196022,0.573473513126
196025,0.725101113319
196027,0.790234088898
196028,0.984274446964
196029,0.922730028629
196030,0.898563504219
196033,0.748973548412
196035,0.79454022646
196039,0.955135583878
196040,0.878471136093
196044,0.642164707184
196045,0.69949054718
196047,0.848103761673
196055,0.914649069309
196056,0.754314243793
196057,0.616446256638
196058,0.746763765812
196060,0.734223902225
196062,0.756450653076
196063,0.442955702543
196064,0.893304884434
196065,0.883940041065
196066,0.736933946609
196067,0.866506993771
196073,0.818807780743
196074,0.91271853447
196075,0.60797137022
196077,0.672503054142
196080,0.922085762024
196081,0.802426755428
196082,0.759998261929
196083,0.879039108753
196084,0.779120206833
196085,0.310744673014
196089,0.925188362598
196091,0.853651344776
196092,0.5858476758
196093,0.931702613831
196094,0.787530958652
196095,0.891315996647
196096,0.857003748417
196097,0.841262936592
196099,0.491333305836
196100,0.934900522232
196102,0.702349245548
196104,0.820417881012
196105,0.928777396679
196106,0.894686102867
196108,0.830746650696
196109,0.967962145805
196113,0.700593113899
196115,0.87581372261
196116,0.905528247356
196118,0.894278526306
196120,0.855523586273
196125,0.961987733841
196126,0.544503092766
196127,0.821886718273
196128,0.914811193943
196129,0.981383860111
196132,0.810096859932
196135,0.513661205769
196137,0.701125979424
196138,0.984095811844
196144,0.807103931904
196149,0.804665267467
196150,0.759736359119
196151,0.719516515732
196152,0.965413153172
196157,0.911441504955
196158,0.89786440134
196159,0.733504235744
196160,0.927286684513
196161,0.142798066139
196164,0.814858794212
196165,0.809822678566
196167,0.933704257011
196168,0.89769423008
196173,0.253171145916
196174,0.829380512238
196175,0.926142215729
196178,0.616308927536
196179,0.962311387062
196180,0.23833206296
196182,0.887548863888
196186,0.985139071941
196187,0.971781432629
196189,0.806516349316
196191,0.459294289351
196196,0.948339700699
196197,0.838512420654
196198,0.331475585699
196199,0.530774772167
196200,0.962488174438
196201,0.60907804966
196202,0.905061304569
196203,0.700396895409
196205,0.76180523634
196206,0.959514260292
196216,0.704629480839
196217,0.903145134449
196218,0.786414325237
196225,0.666773557663
196226,0.681214570999
196230,0.54212141037
196231,0.969826340675
196232,0.959445655346
196235,0.828157126904
196237,0.865758001804
196242,0.98242354393
196243,0.976756095886
196247,0.694987356663
196250,0.718968808651
196251,0.868163943291
196252,0.967008471489
196253,0.97640889883
196256,0.870045959949
196259,0.83336097002
196260,0.886035084724
196261,0.470459550619
196263,0.833831489086
196264,0.5408411026
196267,0.80216884613
196268,0.608027458191
196270,0.829024910927
196271,0.986953318119
196272,0.971233844757
196273,0.991922795773
196275,0.50902402401
196280,0.814835548401
196281,0.739603817463
196282,0.917544364929
196283,0.967326283455
196284,0.915272295475
196285,0.473308473825
196287,0.948735594749
196288,0.971716284752
196289,0.728106498718
196291,0.590917766094
196292,0.796977996826
196293,0.223217517138
196294,0.953827440739
196300,0.593254983425
196302,0.76242774725
196307,0.589320957661
196309,0.591382443905
196311,0.698735833168
196312,0.502842366695
196313,0.611528038979
196314,0.957388460636
196316,0.873577654362
196317,0.609482824802
196318,0.482081085443
196321,0.777473390102
196323,0.937106907368
196324,0.6274112463
196326,0.610600292683
196328,0.879852950573
196330,0.923733651638
196332,0.952309310436
196333,0.644681632519
196336,0.872470915318
196339,0.969537258148
196340,0.92627197504
196341,0.952666401863
196343,0.937926769257
196344,0.918704807758
196345,0.514902710915
196347,0.900150537491
196348,0.497861683369
196349,0.750092983246
196350,0.710657477379
196351,0.985610961914
196356,0.955090105534
196358,0.114253163338
196359,0.942245185375
196362,0.706326663494
196363,0.873433828354
196367,0.755795896053
196368,0.717620551586
196370,0.829019486904
196371,0.456125617027
196373,0.724775850773
196380,0.808918774128
196382,0.834958791733
196383,0.96562308073
196387,0.95378112793
196388,0.914070308208
196389,0.915972709656
196390,0.976370573044
196392,0.900705575943
196394,0.572757840157
196395,0.71111446619
196397,0.836530506611
196398,0.969865679741
196399,0.85185700655
196402,0.917512357235
196403,0.861467421055
196404,0.712205588818
196406,0.672829806805
196407,0.760135471821
196408,0.907082557678
196409,0.985978424549
196410,0.980734229088
196411,0.753911495209
196412,0.653466999531
196413,0.910101830959
196417,0.920825779438
196418,0.642589092255
196420,0.649241387844
196422,0.805568218231
196423,0.882999956608
196425,0.55116558075
196426,0.614703893661
196430,0.683634579182
196432,0.726155459881
196433,0.702725589275
196434,0.717881143093
196436,0.81727451086
196439,0.537014484406
196440,0.505124032497
196442,0.94042634964
196444,0.567885518074
196445,0.807671606541
196446,0.645987927914
196449,0.882142305374
196451,0.919920444489
196453,0.900585949421
196455,0.730756402016
196458,0.992290198803
196460,0.775982141495
196462,0.980534255505
196464,0.904699981213
196465,0.760011255741
196467,0.94526642561
196472,0.860831618309
196473,0.910298168659
196475,0.95967900753
196476,0.715648114681
196477,0.769943594933
196479,0.424602746964
196481,0.417133867741
196482,0.851326406002
196487,0.986961007118
196490,0.3923355937
196491,0.96075373888
196503,0.881104171276
196506,0.922265291214
196507,0.394333094358
196509,0.791136085987
196511,0.52339553833
196512,0.717619657516
196514,0.891964316368
196517,0.457524746656
196520,0.128810569644
196521,0.944133043289
196526,0.872645735741
196527,0.911947488785
196529,0.366203069687
196531,0.873454928398
196532,0.719591856003
196536,0.949507594109
196537,0.609360814095
196538,0.691369354725
196539,0.902139663696
196541,0.722169399261
196543,0.880049228668
196545,0.11234793812
196547,0.98857074976
196551,0.886430084705
196555,0.902932822704
196557,0.824328780174
196558,0.830431938171
196565,0.943042159081
196567,0.990551114082
196568,0.931758522987
196569,0.984626233578
196570,0.985846340656
196572,0.95895832777
196574,0.743085086346
196575,0.776206612587
196576,0.964787364006
196579,0.378600597382
196580,0.784236967564
196581,0.931020140648
196583,0.74524307251
196584,0.699038028717
196585,0.95484483242
196589,0.376190334558
196591,0.972124695778
196593,0.687019109726
196594,0.461084842682
196597,0.752310574055
196601,0.883085072041
196602,0.623446106911
196603,0.977332353592
196606,0.644065320492
196609,0.884772598743
196610,0.793682992458
196612,0.934602200985
196613,0.382421761751
196615,0.748808026314
196618,0.922989666462
196627,0.248258084059
196628,0.82393425703
196630,0.918846964836
196634,0.761020362377
196637,0.73799008131
196638,0.727225422859
196639,0.791047096252
196641,0.575508654118
196642,0.845284461975
196645,0.385944753885
196648,0.976908624172
196649,0.505904555321
196652,0.837938725948
196654,0.961784124374
196656,0.417914628983
196659,0.227837830782
196660,0.845405101776
196661,0.61580145359
196664,0.695852160454
196669,0.786205768585
196671,0.97416639328
196673,0.548514425755
196674,0.909584224224
196679,0.913387954235
196681,0.737691164017
196683,0.97780662775
196684,0.872963488102
196690,0.974285185337
196692,0.553093552589
196695,0.724902272224
196696,0.962576627731
196699,0.95659071207
196700,0.963133871555
196702,0.696506202221
196703,0.911148369312
196704,0.796223461628
196705,0.989493727684
196706,0.965207397938
196707,0.762969434261
196708,0.914771735668
196709,0.819159626961
196714,0.887032210827
196718,0.380564808846
196721,0.566925406456
196722,0.422519445419
196724,0.765233755112
196726,0.299244850874
196728,0.95915722847
196730,0.934759557247
196731,0.592789471149
196734,0.966071128845
196737,0.749632894993
196739,0.85159277916
196740,0.956429600716
196741,0.928037106991
196742,0.714809119701
196743,0.881770372391
196745,0.839455127716
196748,0.984504818916
196750,0.961547076702
196752,0.849708497524
196759,0.498941034079
196760,0.649841427803
196761,0.851428031921
196764,0.832395613194
196766,0.956890463829
196767,0.873054981232
196768,0.939572453499
196775,0.930439174175
196776,0.870702564716
196777,0.198119685054
196778,0.85860812664
196782,0.841509282589
196785,0.928523778915
196786,0.486026763916
196788,0.591746032238
196789,0.905650854111
196792,0.548773467541
196793,0.950291395187
196794,0.858751535416
196796,0.825171351433
196801,0.937578439713
196802,0.837884247303
196803,0.111128635705
196804,0.936322808266
196805,0.85728174448
196806,0.437860935926
196807,0.929479777813
196809,0.932049334049
196811,0.793590605259
196812,0.640447080135
196814,0.937692642212
196815,0.725754201412
196816,0.461844235659
196817,0.932139456272
196818,0.711243271828
196819,0.850700497627
196824,0.992943584919
196825,0.84597492218
196827,0.536207556725
196828,0.803391873837
196829,0.940340578556
196830,0.908798694611
196831,0.988268196583
196832,0.787037909031
196833,0.296136856079
196834,0.824298918247
196835,0.880812644958
196836,0.72153455019
196839,0.722828745842
196841,0.782733619213
196843,0.784022510052
196845,0.991020739079
196846,0.878450572491
196847,0.876096725464
196849,0.950861215591
196851,0.482193797827
196852,0.945455729961
196856,0.483972162008
196862,0.761841595173
196863,0.70295637846
196864,0.856888115406
196865,0.974335551262
196867,0.898282945156
196868,0.858432650566
196869,0.939800143242
196872,0.82377409935
196873,0.641073107719
196874,0.906760275364
196875,0.831366121769
196876,0.944367825985
196877,0.936902463436
196878,0.686745941639
196879,0.488083422184
196881,0.710139036179
196882,0.571725785732
196883,0.449692547321
196884,0.830739736557
196889,0.974329531193
196890,0.751096904278
196891,0.809698164463
196892,0.987699389458
196895,0.941253244877
196897,0.894775211811
196898,0.764283120632
196900,0.917824923992
196908,0.746292889118
196912,0.921903550625
196914,0.979392230511
196918,0.868469715118
196919,0.550361454487
196922,0.757294356823
196924,0.973759293556
196925,0.981190443039
196926,0.789055287838
196928,0.728956103325
196929,0.834125041962
196931,0.877363443375
196933,0.815432548523
196934,0.689093828201
196935,0.985687553883
196936,0.982130110264
196938,0.664586186409
196941,0.544337511063
196944,0.868496060371
196945,0.921526193619
196946,0.909520149231
196947,0.935257732868
196950,0.966135084629
196951,0.965150117874
196961,0.863057017326
196962,0.752430558205
196967,0.864939212799
196969,0.734705626965
196970,0.88354241848
196971,0.426558613777
196975,0.959814190865
196978,0.906334221363
196981,0.877724349499
196982,0.329588860273
196984,0.929917871952
196986,0.986131429672
196987,0.89963889122
196989,0.972574174404
196992,0.934123873711
196993,0.992164373398
196994,0.83184659481
196997,0.881046235561
197000,0.979887485504
197001,0.0683190077543
197002,0.983609557152
197007,0.453909754753
197009,0.231919288635
197011,0.975261092186
197013,0.959264159203
197014,0.352277904749
197015,0.341958075762
197017,0.886105537415
197019,0.76461160183
197020,0.991665422916
197023,0.979590296745
197024,0.91985476017
197026,0.978010892868
197028,0.650534033775
197029,0.837677180767
197034,0.81994497776
197035,0.983636081219
197037,0.940671563148
197038,0.378479123116
197039,0.923177838326
197041,0.928328037262
197043,0.915127038956
197045,0.485302060843
197048,0.577522814274
197049,0.864152669907
197051,0.806275725365
197052,0.77600300312
197054,0.508744418621
197056,0.991113603115
197058,0.891441881657
197059,0.835726559162
197061,0.971945822239
197062,0.963642120361
197065,0.925866484642
197066,0.676258444786
197067,0.926460325718
197069,0.862789928913
197070,0.656984388828
197071,0.953164815903
197075,0.873925328255
197078,0.788459002972
197080,0.783323764801
197082,0.361612468958
197084,0.66073256731
197090,0.606733083725
197093,0.799543857574
197096,0.940096378326
197100,0.895732462406
197101,0.427849769592
197103,0.651546239853
197105,0.524678826332
197107,0.574333786964
197108,0.781556963921
197111,0.449617058039
197113,0.724885165691
197114,0.982226252556
197115,0.71594953537
197119,0.931970655918
197120,0.839146137238
197122,0.789908051491
197123,0.907056570053
197124,0.823617458344
197130,0.984484434128
197131,0.977065443993
197132,0.925009727478
197134,0.855896651745
197136,0.291977018118
197139,0.984523832798
197140,0.816361069679
197141,0.904566884041
197145,0.344406247139
197146,0.779390335083
197147,0.949408948421
197152,0.928568899632
197153,0.420313358307
197154,0.912635147572
197155,0.952352643013
197157,0.866512417793
197158,0.771736502647
197160,0.96476829052
197162,0.861726284027
197163,0.985292375088
197164,0.851547598839
197167,0.295267671347
197168,0.824912667274
197169,0.563111424446
197170,0.678862631321
197171,0.975518703461
197172,0.909957289696
197174,0.900036096573
197175,0.392614454031
197176,0.948440909386
197180,0.98325574398
197182,0.833378434181
197183,0.192723974586
197184,0.395706444979
197185,0.970943689346
197186,0.819894254208
197187,0.880277514458
197190,0.828756332397
197197,0.949648797512
197198,0.974849045277
197199,0.964588224888
197202,0.833012402058
197203,0.814502775669
197204,0.900829792023
197205,0.426302582026
197206,0.696659624577
197208,0.886739492416
197209,0.830706894398
197210,0.989460527897
197211,0.734133958817
197212,0.90921831131
197215,0.520335972309
197218,0.944438099861
197219,0.849999547005
197220,0.7689858675
197225,0.944362938404
197227,0.91664648056
197228,0.931654810905
197229,0.842345356941
197230,0.545774996281
197232,0.824919879436
197234,0.534603655338
197238,0.703299462795
197240,0.934230923653
197242,0.830704689026
197243,0.985806286335
197246,0.820573508739
197248,0.964284539223
197249,0.894879817963
197250,0.657426476479
197251,0.64749276638
197255,0.437797486782
197256,0.988070964813
197257,0.979424118996
197258,0.949823975563
197259,0.785838544369
197262,0.977613806725
197265,0.927993476391
197270,0.857988297939
197271,0.953738749027
197272,0.686526417732
197273,0.88585549593
197276,0.920293629169
197280,0.921691775322
197281,0.946775078773
197282,0.0715787559748
197284,0.69254887104
197285,0.925008535385
197286,0.394661515951
197288,0.926613628864
197290,0.589331924915
197293,0.78820669651
197295,0.966831028461
197296,0.947057902813
197298,0.812984228134
197302,0.417893648148
197303,0.806342124939
197304,0.954125761986
197305,0.811318278313
197306,0.791061103344
197307,0.628998398781
197310,0.907856464386
197312,0.50191372633
197316,0.256411314011
197318,0.906528711319
197319,0.652528345585
197320,0.727033317089
197321,0.923357844353
197326,0.882725358009
197332,0.921261787415
197333,0.980670928955
197334,0.801327347755
197335,0.679282426834
197339,0.940544128418
197340,0.81812953949
197341,0.35739967227
197344,0.640955626965
197346,0.90571564436
197348,0.883897304535
197349,0.955660820007
197350,0.510511040688
197353,0.487746506929
197354,0.673470199108
197356,0.476361721754
197361,0.726405799389
197364,0.573345601559
197365,0.696247220039
197367,0.988217890263
197368,0.713033437729
197370,0.958678245544
197371,0.745012760162
197375,0.924714624882
197376,0.868788182735
197377,0.783858001232
197379,0.780232071877
197380,0.920222342014
197381,0.962058246136
197382,0.774225533009
197383,0.867835283279
197385,0.918972015381
197388,0.72463530302
197393,0.892435491085
197394,0.449260860682
197395,0.787329316139
197396,0.953105866909
197398,0.922046422958
197401,0.924935877323
197403,0.9768679142
197404,0.949736654758
197407,0.880764782429
197408,0.84699857235
197411,0.83270162344
197413,0.98558318615
197414,0.551327526569
197415,0.907445907593
197418,0.553330898285
197419,0.906826257706
197421,0.984271109104
197423,0.325892150402
197425,0.859455525875
197427,0.893647253513
197430,0.597892701626
197431,0.870338499546
197433,0.94767087698
197436,0.965928077698
197437,0.940801143646
197438,0.415090203285
197439,0.952903747559
197441,0.826121449471
197442,0.759678959846
197445,0.985116064548
197448,0.561466813087
197450,0.984566509724
197453,0.796705722809
197454,0.822790205479
197455,0.964774370193
197458,0.967234909534
197459,0.75355219841
197460,0.923243522644
197462,0.919981241226
197467,0.770848691463
197470,0.684265553951
197473,0.812538743019
197474,0.547494649887
197476,0.921218395233
197477,0.765734791756
197478,0.980571210384
197481,0.873768270016
197483,0.911085665226
197484,0.976655781269
197485,0.983546853065
197487,0.908632993698
197491,0.735544145107
197493,0.736936688423
197494,0.643753826618
197496,0.935675024986
197497,0.803271472454
197498,0.972645819187
197499,0.812908053398
197500,0.717674911022
197502,0.306343942881
197506,0.505920469761
197507,0.616565525532
197508,0.976500928402
197511,0.787448883057
197512,0.615988433361
197513,0.53024917841
197514,0.946029067039
197515,0.754662156105
197516,0.855922222137
197517,0.937151372433
197521,0.123086079955
197523,0.598901569843
197528,0.808533608913
197531,0.982234299183
197533,0.813748180866
197534,0.804951965809
197536,0.806864261627
197538,0.465331703424
197541,0.833865463734
197542,0.888907134533
197543,0.614168167114
197544,0.684896349907
197548,0.861728310585
197549,0.926044642925
197551,0.913512587547
197554,0.488340973854
197555,0.879486858845
197556,0.855779051781
197558,0.85931032896
197560,0.857602596283
197562,0.508013784885
197563,0.743546128273
197567,0.230824112892
197569,0.677937030792
197571,0.983252644539
197572,0.968403339386
197574,0.88558113575
197576,0.751581609249
197582,0.279828697443
197584,0.695253789425
197585,0.465821683407
197588,0.839132487774
197591,0.946078777313
197593,0.889002025127
197595,0.863125741482
197597,0.866707503796
197601,0.771191239357
197604,0.552612125874
197605,0.86220896244
197606,0.536594152451
197608,0.88245254755
197609,0.974614560604
197611,0.984309196472
197613,0.96770209074
197615,0.953766703606
197618,0.72181814909
197620,0.94695109129
197621,0.757068693638
197625,0.750000059605
197627,0.819597303867
197630,0.587187290192
197631,0.829425930977
197632,0.959740638733
197634,0.749465286732
197636,0.84561675787
197639,0.902772784233
197641,0.817807257175
197644,0.194211497903
197650,0.431422829628
197651,0.864714086056
197652,0.495665967464
197654,0.958937764168
197656,0.737941265106
197657,0.322485178709
197660,0.789329111576
197662,0.888453364372
197663,0.981237471104
197664,0.91727668047
197665,0.82435554266
197666,0.919181168079
197667,0.69641160965
197668,0.526505351067
197669,0.838349640369
197672,0.673580110073
197673,0.765404820442
197674,0.785001516342
197676,0.872610747814
197677,0.753737568855
197679,0.923242866993
197680,0.88318169117
197681,0.1865349859
197684,0.80530911684
197689,0.667322337627
197690,0.561321496964
197691,0.39859905839
197692,0.842166125774
197695,0.880463004112
197696,0.911159098148
197701,0.978850722313
197702,0.866146326065
197704,0.583582699299
197705,0.815774559975
197706,0.848782300949
197708,0.906988203526
197712,0.651547133923
197713,0.74875664711
197716,0.975275278091
197720,0.890703082085
197721,0.975277781487
197726,0.837281525135
197727,0.686558365822
197731,0.80249941349
197734,0.828294813633
197735,0.906408727169
197738,0.725309848785
197739,0.728719294071
197741,0.724420428276
197745,0.72536110878
197746,0.945561587811
197747,0.977311968803
197748,0.542865157127
197749,0.307517439127
197750,0.796993136406
197753,0.780047535896
197755,0.624129533768
197761,0.980188965797
197763,0.579562246799
197764,0.823692798615
197765,0.427832573652
197766,0.918802320957
197768,0.873246610165
197775,0.967133760452
197777,0.924232721329
197780,0.868268966675
197781,0.669913291931
197782,0.832911491394
197784,0.817933082581
197785,0.909106552601
197788,0.851921796799
197790,0.775015294552
197791,0.427259683609
197794,0.854294836521
197797,0.42496919632
197799,0.883068978786
197800,0.919150054455
197802,0.818963170052
197803,0.82349383831
197807,0.932606101036
197808,0.84034383297
197809,0.984788894653
197812,0.950781702995
197813,0.849519193172
197817,0.446745336056
197820,0.733626723289
197821,0.769810557365
197822,0.983101010323
197826,0.773088634014
197827,0.790780544281
197828,0.981445610523
197831,0.716826021671
197834,0.621309816837
197836,0.939646840096
197839,0.969218790531
197840,0.96976929903
197842,0.965997457504
197843,0.406997919083
197845,0.971665740013
197846,0.751361846924
197847,0.637297272682
197848,0.930822610855
197849,0.474133223295
197851,0.755848109722
197852,0.536859989166
197855,0.725169420242
197857,0.82362139225
197858,0.510864019394
197859,0.732401549816
197860,0.826335728168
197863,0.917152941227
197864,0.560455739498
197866,0.787807166576
197867,0.800120949745
197869,0.883807897568
197870,0.704124093056
197873,0.951055824757
197874,0.38889721036
197877,0.75159996748
197880,0.84939467907
197883,0.803513646126
197889,0.891930103302
197891,0.300880968571
197895,0.71006321907
197896,0.936658978462
197897,0.435812145472
197898,0.895640671253
197899,0.528151154518
197900,0.981267750263
197903,0.836641132832
197909,0.545441746712
197911,0.888535439968
197912,0.969366312027
197913,0.741898834705
197915,0.915480077267
197918,0.856056034565
197923,0.96443682909
197924,0.647741317749
197925,0.265449166298
197928,0.973106026649
197933,0.988866627216
197934,0.397471606731
197940,0.899760663509
197941,0.749609649181
197942,0.974447906017
197943,0.890214204788
197945,0.623436629772
197946,0.742034614086
197950,0.980145335197
197953,0.718535542488
197954,0.795605301857
197955,0.844971776009
197959,0.881249725819
197960,0.469966888428
197963,0.7923437953
197965,0.874421954155
197968,0.952425777912
197971,0.533967494965
197973,0.847013473511
197974,0.334231257439
197975,0.859467923641
197976,0.838463366032
197977,0.423522830009
197978,0.523889124393
197981,0.712462544441
197982,0.786569297314
197983,0.838060617447
197984,0.73539352417
197985,0.924019634724
197990,0.929084181786
197991,0.50977152586
197993,0.924148023129
197994,0.714016139507
197999,0.757587432861
198004,0.93926358223
198005,0.782020151615
198007,0.545670747757
198008,0.768746197224
198010,0.774438679218
198012,0.804112434387
198014,0.678365051746
198016,0.796622872353
198018,0.0988255888224
198022,0.769543170929
198023,0.861455142498
198027,0.853106498718
198029,0.686062693596
198031,0.478091835976
198032,0.305311888456
198033,0.806970059872
198035,0.881266713142
198039,0.901343822479
198045,0.792337536812
198046,0.828419804573
198047,0.944885015488
198048,0.851327717304
198049,0.817433178425
198051,0.846723794937
198052,0.517724215984
198053,0.603123307228
198054,0.832225561142
198055,0.849417805672
198059,0.87455278635
198060,0.746110618114
198062,0.875882804394
198064,0.978484809399
198066,0.920087695122
198068,0.390475094318
198069,0.981407940388
198070,0.950505673885
198072,0.853857338428
198076,0.538634240627
198078,0.923947691917
198079,0.869581639767
198080,0.612711250782
198083,0.602835416794
198084,0.648258805275
198085,0.939042329788
198086,0.560389637947
198087,0.968320608139
198089,0.89742487669
198090,0.967194020748
198092,0.571215391159
198094,0.819318234921
198096,0.84782242775
198097,0.266484320164
198098,0.415233671665
198099,0.626237392426
198101,0.848821222782
198103,0.656588971615
198104,0.695903599262
198109,0.875502169132
198111,0.711766541004
198113,0.585116624832
198114,0.803284227848
198115,0.623617649078
198116,0.930995643139
198120,0.91780769825
198121,0.886569678783
198122,0.964426875114
198126,0.618653476238
198127,0.991455078125
198131,0.940752387047
198132,0.7590239048
198134,0.782219052315
198137,0.894270122051
198138,0.775223791599
198142,0.970020830631
198143,0.894514262676
198144,0.619150519371
198145,0.946434020996
198151,0.95954233408
198152,0.722151815891
198153,0.80394244194
198154,0.875090241432
198155,0.939679086208
198156,0.881502628326
198158,0.834538161755
198160,0.722964882851
198161,0.707870841026
198162,0.767676770687
198163,0.964585363865
198165,0.964873790741
198166,0.623067498207
198172,0.398163288832
198174,0.962860703468
198176,0.784518837929
198177,0.928854644299
198178,0.551990389824
198180,0.683404803276
198182,0.726683735847
198184,0.800896763802
198188,0.433842599392
198189,0.889921724796
198190,0.97040784359
198191,0.718394458294
198194,0.941488921642
198196,0.716469526291
198197,0.424116164446
198199,0.74588227272
198200,0.911141753197
198202,0.925978124142
198205,0.954167127609
198206,0.640335142612
198207,0.781685233116
198208,0.806046783924
198213,0.490854769945
198217,0.957171916962
198218,0.647216081619
198219,0.960759043694
198220,0.97327631712
198221,0.197503626347
198223,0.855620622635
198225,0.794246554375
198226,0.903088152409
198227,0.909027934074
198228,0.638325989246
198229,0.859294056892
198236,0.931347310543
198238,0.966944038868
198245,0.936743974686
198247,0.248291119933
198248,0.771542608738
198250,0.85743355751
198251,0.752741754055
198252,0.774775326252
198253,0.850482046604
198254,0.852127254009
198260,0.991303682327
198264,0.932263433933
198267,0.973965406418
198269,0.932386338711
198270,0.810051381588
198273,0.508843421936
198275,0.856071233749
198276,0.740748941898
198277,0.119507402182
198279,0.692121386528
198280,0.918098568916
198284,0.983400046825
198288,0.592625439167
198290,0.982716917992
198291,0.617181301117
198292,0.701131284237
198294,0.423048168421
198295,0.949468255043
198297,0.953683078289
198304,0.950090587139
198306,0.722908973694
198310,0.436156511307
198314,0.963950455189
198318,0.969940960407
198319,0.518670976162
198324,0.888034820557
198328,0.795786440372
198329,0.844544231892
198332,0.81394380331
198333,0.963606476784
198334,0.859985232353
198340,0.983949005604
198341,0.55736976862
198342,0.86168885231
198344,0.534688591957
198349,0.86558252573
198350,0.831012368202
198352,0.26216134429
198353,0.894622325897
198360,0.733505010605
198363,0.860544919968
198364,0.647338092327
198365,0.693848073483
198366,0.785190463066
198367,0.872530639172
198369,0.921885848045
198375,0.707589149475
198376,0.86154717207
198377,0.125811949372
198384,0.720816910267
198391,0.965791940689
198393,0.586803793907
198394,0.667538285255
198395,0.97283166647
198396,0.868311941624
198397,0.773714065552
198399,0.629771471024
198401,0.970663607121
198407,0.721514940262
198414,0.324375391006
198416,0.678852081299
198417,0.823372960091
198423,0.898422539234
198426,0.995093107224
198427,0.125830128789
198429,0.977337062359
198430,0.815710186958
198431,0.730195343494
198432,0.928514242172
198434,0.757733166218
198436,0.657258331776
198437,0.419539570808
198438,0.764670789242
198439,0.966508865356
198442,0.773166120052
198444,0.97757679224
198448,0.953243970871
198449,0.936612308025
198450,0.136384770274
198452,0.944992661476
198455,0.921862006187
198457,0.754734694958
198458,0.90077239275
198459,0.430431067944
198460,0.893257796764
198461,0.177311465144
198462,0.243590131402
198465,0.960643470287
198466,0.950168132782
198468,0.861755371094
198469,0.936542570591
198470,0.837307929993
198473,0.777687132359
198475,0.734413921833
198476,0.84280860424
198478,0.990918755531
198480,0.546316206455
198482,0.84435993433
198483,0.925082743168
198484,0.928198635578
198488,0.967616736889
198490,0.847232997417
198492,0.593124210835
198493,0.196196824312
198494,0.9505905509
198500,0.843831717968
198501,0.943679869175
198508,0.95552277565
198509,0.785161793232
198511,0.73420137167
198512,0.976116299629
198516,0.928553283215
198517,0.959516108036
198518,0.482976585627
198522,0.579964697361
198527,0.913410425186
198530,0.862677752972
198534,0.707945048809
198536,0.627127230167
198537,0.608486413956
198540,0.910278737545
198544,0.390460371971
198545,0.508927047253
198547,0.852946519852
198548,0.772984981537
198550,0.776494026184
198555,0.853572189808
198556,0.804497897625
198557,0.347287237644
198562,0.889673352242
198564,0.785051763058
198566,0.941824674606
198567,0.682762920856
198568,0.941039860249
198569,0.913705408573
198573,0.986615180969
198574,0.818887174129
198576,0.850170731544
198577,0.774849236012
198578,0.728296399117
198582,0.847726166248
198584,0.389880657196
198586,0.491221785545
198589,0.711105704308
198591,0.527843296528
198593,0.957349002361
198595,0.907689809799
198596,0.80259513855
198597,0.748173117638
198602,0.577196121216
198603,0.916696071625
198606,0.461546719074
198608,0.775479853153
198611,0.781674206257
198614,0.663941442966
198615,0.889395534992
198619,0.924416661263
198620,0.866409063339
198622,0.734714329243
198625,0.813861429691
198626,0.702962756157
198627,0.56626945734
198630,0.109983846545
198631,0.582722485065
198633,0.877267479897
198634,0.668008208275
198637,0.796604335308
198639,0.945415854454
198640,0.952768683434
198642,0.870646715164
198645,0.634897649288
198647,0.348723083735
198650,0.594191849232
198651,0.591637909412
198653,0.932731330395
198656,0.9151673913
198659,0.580789625645
198661,0.524454176426
198662,0.577869772911
198663,0.812434911728
198664,0.981945812702
198667,0.747341752052
198668,0.927196502686
198671,0.757229268551
198672,0.751863837242
198673,0.774170398712
198678,0.745973050594
198679,0.889669537544
198681,0.753012478352
198682,0.757227182388
198683,0.862074911594
198685,0.70938873291
198688,0.652093052864
198690,0.952334165573
198693,0.303788125515
198695,0.936813056469
198698,0.72003030777
198699,0.930667102337
198700,0.619719266891
198701,0.313744395971
198702,0.980033218861
198703,0.598434388638
198704,0.949719488621
198706,0.601373970509
198710,0.869844555855
198711,0.0972911566496
198715,0.728433310986
198716,0.963791847229
198717,0.576722025871
198719,0.984017074108
198721,0.574201703072
198722,0.827964842319
198725,0.991829097271
198727,0.940945148468
198729,0.523841559887
198730,0.626636564732
198735,0.674211800098
198736,0.985988736153
198737,0.928771317005
198739,0.491697996855
198742,0.500086426735
198745,0.803745508194
198747,0.956215858459
198748,0.743222117424
198749,0.5981965065
198751,0.891462028027
198753,0.465171545744
198756,0.632888972759
198757,0.684061706066
198758,0.615391254425
198759,0.845844686031
198760,0.98223900795
198761,0.787671029568
198762,0.885936081409
198763,0.60743701458
198765,0.617601573467
198767,0.6166061759
198768,0.527790606022
198772,0.947733938694
198774,0.748740792274
198777,0.734042406082
198778,0.816141843796
198779,0.937882423401
198781,0.884107172489
198785,0.870346426964
198788,0.833137869835
198790,0.750608205795
198791,0.657562315464
198794,0.841715574265
198801,0.991287171841
198805,0.736310660839
198806,0.914837419987
198807,0.886965632439
198809,0.964709043503
198812,0.978114783764
198813,0.913482964039
198816,0.570927858353
198818,0.918848097324
198819,0.915675520897
198821,0.832255959511
198822,0.744187653065
198823,0.531908810139
198827,0.794869244099
198830,0.693576157093
198832,0.820487082005
198833,0.959785163403
198837,0.883180558681
198838,0.515041232109
198839,0.816516637802
198840,0.959112167358
198842,0.825164079666
198843,0.832320034504
198844,0.838080942631
198848,0.453824490309
198852,0.972460210323
198853,0.983320295811
198856,0.271234542131
198857,0.352825641632
198858,0.955120682716
198859,0.823056280613
198860,0.102036379278
198861,0.788974046707
198863,0.974722504616
198865,0.57996237278
198867,0.68591016531
198868,0.76653522253
198872,0.92110222578
198874,0.959105789661
198875,0.814334273338
198878,0.910616099834
198879,0.793642103672
198880,0.945519685745
198881,0.859877228737
198883,0.825186133385
198884,0.488070189953
198886,0.542332470417
198892,0.6239990592
198894,0.698968112469
198895,0.588054597378
198901,0.923460364342
198902,0.823796391487
198903,0.707602798939
198904,0.819321453571
198906,0.724816381931
198908,0.927263498306
198911,0.927832722664
198913,0.769639849663
198914,0.983869612217
198915,0.796181797981
198917,0.889409661293
198919,0.847822785378
198921,0.729821205139
198924,0.961790621281
198926,0.762359559536
198933,0.836322903633
198934,0.139064833522
198935,0.451699256897
198936,0.902572214603
198940,0.701162099838
198941,0.934507548809
198944,0.692929267883
198948,0.661929011345
198949,0.58945029974
198953,0.945190906525
198954,0.979309916496
198955,0.965462386608
198956,0.776844978333
198959,0.870973527431
198964,0.816373288631
198967,0.905284106731
198968,0.753118038177
198969,0.975398898125
198970,0.695541679859
198971,0.90785074234
198973,0.664741158485
198974,0.873822629452
198977,0.835677862167
198978,0.485958009958
198979,0.68132942915
198980,0.976727545261
198981,0.835441231728
198982,0.9527323246
198983,0.709296405315
198984,0.960111558437
198985,0.667792916298
198986,0.685766816139
198988,0.921435534954
198990,0.851698279381
198993,0.504621207714
198997,0.609830081463
198999,0.944989025593
199002,0.947009563446
199003,0.874353051186
199004,0.918262898922
199007,0.665518224239
199011,0.843424975872
199014,0.861133337021
199015,0.788306832314
199016,0.963222444057
199018,0.875380635262
199022,0.618316173553
199024,0.946189343929
199025,0.850823521614
199026,0.961194753647
199027,0.929110705853
199031,0.863031625748
199034,0.886907577515
199037,0.830399215221
199039,0.743925571442
199041,0.941198348999
199044,0.779191493988
199052,0.676395833492
199054,0.797845304012
199055,0.773842275143
199056,0.952156245708
199060,0.86896777153
199061,0.882764935493
199064,0.89341711998
199065,0.779116272926
199067,0.891913115978
199068,0.823903977871
199069,0.853870034218
199072,0.896432101727
199073,0.679674327374
199074,0.898322582245
199076,0.705732405186
199077,0.8937946558
199078,0.97582668066
199079,0.820790827274
199082,0.771949410439
199089,0.695989370346
199092,0.796529948711
199095,0.711653113365
199096,0.611415326595
199097,0.96251809597
199098,0.739095926285
199102,0.84529286623
199104,0.24061177671
199110,0.699065923691
199112,0.880837440491
199113,0.967864215374
199114,0.944284260273
199115,0.650988638401
199116,0.883340358734
199118,0.188163205981
199119,0.87627696991
199120,0.668625056744
199121,0.790282070637
199122,0.952029526234
199124,0.318484246731
199126,0.530475795269
199129,0.65623998642
199132,0.887220621109
199133,0.620405375957
199134,0.779038727283
199137,0.748553156853
199141,0.90151822567
199142,0.874064981937
199143,0.552208065987
199149,0.235983937979
199151,0.852256834507
199152,0.48112693429
199153,0.821124970913
199154,0.456852674484
199155,0.382267773151
199156,0.846695542336
199157,0.895705521107
199159,0.753534018993
199161,0.934823811054
199163,0.849889814854
199164,0.859869837761
199166,0.773309469223
199167,0.807822883129
199169,0.706665217876
199170,0.200843691826
199171,0.723229110241
199173,0.899667263031
199174,0.792679846287
199177,0.972208201885
199180,0.747545301914
199181,0.819514513016
199183,0.609750032425
199184,0.887616574764
199185,0.890379309654
199186,0.608537137508
199190,0.9447889328
199192,0.616750121117
199195,0.694316029549
199196,0.938724577427
199201,0.68855369091
199202,0.893170952797
199206,0.711480438709
199207,0.899238348007
199209,0.930381000042
199210,0.852026283741
199214,0.616695702076
199215,0.792917132378
199219,0.695794403553
199220,0.754447340965
199222,0.830791473389
199224,0.452585250139
199225,0.885523617268
199226,0.76565694809
199227,0.525941848755
199229,0.934460997581
199230,0.949144124985
199232,0.98073387146
199235,0.579994618893
199236,0.759627461433
199238,0.728818237782
199240,0.939967036247
199243,0.602306067944
199247,0.6761546731
199251,0.960751771927
199252,0.905550599098
199255,0.543764173985
199256,0.754683256149
199257,0.706901192665
199259,0.625648498535
199261,0.653484165668
199262,0.751875817776
199263,0.688711464405
199271,0.928670883179
199274,0.884183883667
199276,0.827591896057
199277,0.975405037403
199283,0.894617974758
199285,0.95637357235
199286,0.532591104507
199287,0.91346347332
199290,0.947392582893
199291,0.799031198025
199299,0.813807487488
199302,0.966862916946
199303,0.968108296394
199304,0.731133401394
199307,0.953725576401
199310,0.570858716965
199311,0.635788142681
199314,0.728322505951
199315,0.975469470024
199318,0.846539616585
199325,0.935227572918
199326,0.859379708767
199328,0.727460086346
199329,0.842475116253
199336,0.936464071274
199339,0.962155520916
199340,0.772864639759
199345,0.844942808151
199346,0.719933867455
199347,0.634988367558
199348,0.721541821957
199349,0.802329003811
199351,0.782777547836
199354,0.942489624023
199355,0.970013201237
199357,0.846167862415
199358,0.90235722065
199359,0.844258666039
199360,0.870417356491
199361,0.983725488186
199362,0.904004275799
199364,0.101693704724
199365,0.927519321442
199372,0.624898314476
199374,0.863403379917
199375,0.902397036552
199380,0.24015262723
199381,0.839285492897
199383,0.951268076897
199385,0.885692954063
199387,0.840765297413
199388,0.75319647789
199391,0.219194710255
199394,0.876388072968
199395,0.652289271355
199401,0.916101336479
199404,0.843896150589
199405,0.478874862194
199406,0.810249269009
199408,0.893345952034
199411,0.932052433491
199412,0.795449078083
199415,0.347988158464
199421,0.755351662636
199429,0.799745857716
199432,0.86945104599
199438,0.825684607029
199439,0.453940987587
199443,0.908454298973
199444,0.929040312767
199446,0.911539793015
199451,0.64148068428
199452,0.247961595654
199455,0.967231452465
199456,0.849181771278
199458,0.827583968639
199460,0.654479324818
199461,0.922630488873
199462,0.448958784342
199464,0.973739504814
199465,0.670243620872
199469,0.735017120838
199471,0.247690811753
199473,0.964857041836
199475,0.832447767258
199477,0.881590604782
199478,0.899019300938
199481,0.873307526112
199483,0.846208095551
199485,0.944133877754
199486,0.85800075531
199488,0.973022282124
199490,0.726730763912
199491,0.579319775105
199493,0.969749867916
199495,0.96826672554
199496,0.875379920006
199498,0.965046048164
199500,0.774545609951
199501,0.795850038528
199503,0.571427226067
199505,0.573042094707
199506,0.958824396133
199507,0.962696135044
199508,0.725837886333
199509,0.920867264271
199510,0.619097113609
199511,0.540804326534
199515,0.607605159283
199518,0.752946913242
199520,0.054365966469
199522,0.63209104538
199523,0.984193265438
199524,0.933810055256
199525,0.797711312771
199527,0.51373308897
199532,0.721935629845
199533,0.62794303894
199535,0.551298081875
199536,0.934724032879
199537,0.698191940784
199538,0.952815532684
199540,0.902868807316
199541,0.821447968483
199542,0.698164701462
199546,0.686187326908
199547,0.964229106903
199548,0.646326065063
199550,0.957898795605
199551,0.836717188358
199553,0.952312231064
199554,0.983807861805
199555,0.829430997372
199559,0.966977477074
199562,0.302768707275
199563,0.928528547287
199565,0.856136798859
199571,0.957975149155
199572,0.817745625973
199573,0.639693140984
199574,0.614475369453
199576,0.903657376766
199578,0.871205806732
199579,0.958387672901
199583,0.795342504978
199584,0.757952153683
199586,0.865910172462
199588,0.507578372955
199590,0.704133808613
199592,0.586627483368
199596,0.691357731819
199597,0.839582026005
199600,0.686463534832
199602,0.905172586441
199604,0.855193018913
199605,0.744115948677
199608,0.66088616848
199611,0.960626006126
199613,0.694271087646
199614,0.983770608902
199617,0.992866158485
199620,0.277639061213
199621,0.916056394577
199624,0.829593062401
199625,0.484068900347
199629,0.948475897312
199630,0.655875563622
199631,0.954426467419
199633,0.960356771946
199635,0.983816206455
199638,0.884439527988
199640,0.850547671318
199641,0.834673881531
199642,0.609249055386
199643,0.709904670715
199644,0.504584670067
199647,0.461673617363
199651,0.764941096306
199652,0.728422224522
199654,0.772524952888
199655,0.857780873775
199656,0.703121900558
199657,0.712743282318
199658,0.897817134857
199659,0.862995743752
199661,0.889767885208
199662,0.767465531826
199663,0.958535373211
199664,0.648098230362
199665,0.664237141609
199666,0.975630223751
199667,0.804635167122
199669,0.780767917633
199671,0.853537023067
199672,0.75821185112
199673,0.873118281364
199675,0.829427063465
199676,0.992265760899
199681,0.734263241291
199684,0.985204696655
199685,0.545802235603
199686,0.854740917683
199687,0.683365166187
199689,0.708535552025
199691,0.557354211807
199694,0.497826397419
199695,0.71276807785
199698,0.767100214958
199701,0.823990345001
199702,0.916860997677
199707,0.7641685009
199709,0.916791856289
199711,0.352192014456
199712,0.861693441868
199714,0.965527176857
199716,0.923127651215
199717,0.985567688942
199720,0.973813176155
199721,0.981463968754
199723,0.94126033783
199724,0.823975086212
199725,0.975807368755
199726,0.660193145275
199727,0.754978299141
199732,0.654469192028
199734,0.819418609142
199737,0.935597777367
199738,0.729666292667
199741,0.828795552254
199745,0.88568174839
199746,0.874103426933
199749,0.973985850811
199750,0.67388355732
199751,0.8567314744
199753,0.807898342609
199755,0.642110645771
199761,0.98412835598
199762,0.951025724411
199763,0.530704021454
199764,0.562055230141
199766,0.742708623409
199768,0.689391076565
199769,0.965386807919
199771,0.723408460617
199775,0.649138092995
199776,0.90320622921
199778,0.941066861153
199779,0.363970458508
199780,0.496623277664
199781,0.257971316576
199783,0.926674842834
199784,0.928366959095
199785,0.426576763391
199787,0.819606363773
199792,0.808632969856
199793,0.592219412327
199796,0.880040884018
199797,0.525881886482
199798,0.496513009071
199801,0.956508040428
199802,0.633342623711
199803,0.842268645763
199804,0.914637207985
199806,0.959304451942
199807,0.73499083519
199809,0.929144799709
199810,0.146950393915
199811,0.609150528908
199812,0.924216449261
199814,0.989389717579
199815,0.62262147665
199816,0.435541421175
199817,0.4171025455
199818,0.985267281532
199819,0.919389903545
199820,0.40558424592
199821,0.842177569866
199822,0.681379973888
199823,0.890066146851
199825,0.626589775085
199827,0.940385997295
199828,0.918270111084
199830,0.151343047619
199834,0.888712346554
199835,0.920081555843
199836,0.894866347313
199839,0.584693908691
199841,0.799495697021
199843,0.929815649986
199847,0.632863342762
199848,0.843226850033
199851,0.69423687458
199854,0.855284392834
199858,0.894292533398
199861,0.960511088371
199862,0.971976459026
199863,0.453206628561
199866,0.711444854736
199868,0.864177465439
199869,0.796858668327
199871,0.925092041492
199874,0.894252479076
199877,0.466499298811
199879,0.822794556618
199880,0.955199062824
199881,0.754547715187
199883,0.815319657326
199885,0.796268224716
199886,0.439546108246
199887,0.516508996487
199888,0.680889964104
199889,0.896664857864
199894,0.922693789005
199895,0.838126182556
199897,0.849774539471
199903,0.825756132603
199904,0.908867776394
199906,0.783659279346
199908,0.939765930176
199909,0.895309507847
199910,0.941193044186
199912,0.746011734009
199913,0.923938453197
199914,0.843187868595
199918,0.712486863136
199919,0.887326598167
199922,0.625573813915
199926,0.98242688179
199927,0.0819647535682
199928,0.871646821499
199930,0.985160827637
199932,0.913933217525
199935,0.7573158741
199937,0.906208395958
199938,0.399713784456
199940,0.868041157722
199941,0.557223439217
199942,0.842792332172
199946,0.334563374519
199947,0.579790711403
199951,0.570763349533
199952,0.536890923977
199953,0.800070822239
199955,0.703287005424
199957,0.602739095688
199958,0.86535179615
199959,0.651851773262
199961,0.944113075733
199967,0.94272518158
199968,0.702863991261
199969,0.923370420933
199975,0.784970998764
199976,0.984719276428
199977,0.739691197872
199979,0.817319452763
199980,0.58104634285
199981,0.844852507114
199983,0.679138898849
199987,0.953903257847
199988,0.809592962265
199992,0.895461857319
199993,0.946378469467
199994,0.771920323372
199996,0.966534733772
199998,0.651645123959
200001,0.978911995888
200002,0.535384058952
200006,0.743649721146
200008,0.706973135471
200009,0.884772241116
200010,0.0591315031052
200011,0.874014079571
200012,0.966776669025
200013,0.946774423122
200016,0.934922158718
200019,0.953872561455
200020,0.975832223892
200023,0.602925240993
200024,0.722615361214
200025,0.57525318861
200034,0.892775595188
200043,0.790845036507
200044,0.933662772179
200045,0.843557298183
200047,0.978959143162
200049,0.951128840446
200051,0.857490360737
200054,0.946088075638
200056,0.573489069939
200057,0.957129478455
200058,0.808974385262
200060,0.948138415813
200064,0.615722119808
200066,0.805951952934
200067,0.878887534142
200071,0.878549277782
200072,0.96927690506
200074,0.887337088585
200075,0.860821723938
200080,0.761475324631
200081,0.849853932858
200082,0.635459601879
200085,0.534632742405
200086,0.66143912077
200091,0.898171067238
200092,0.971490979195
200094,0.547306716442
200095,0.765539824963
200097,0.62340170145
200099,0.785727322102
200100,0.931578814983
200102,0.951775968075
200103,0.917358338833
200106,0.634230732918
200107,0.866482555866
200108,0.964374184608
200110,0.876614511013
200112,0.53581392765
200116,0.700531899929
200118,0.870282888412
200122,0.957566678524
200123,0.985757470131
200124,0.542844355106
200125,0.820620238781
200126,0.885393738747
200130,0.39689463377
200133,0.927567124367
200135,0.971837878227
200138,0.858214020729
200139,0.0758208334446
200142,0.987453281879
200143,0.717139542103
200144,0.841401219368
200146,0.520582973957
200148,0.950764238834
200149,0.951333224773
200152,0.766748011112
200154,0.589688777924
200155,0.900376319885
200157,0.671839892864
200159,0.920155525208
200160,0.903100788593
200161,0.511852264404
200162,0.962019145489
200163,0.955794751644
200164,0.424230873585
200166,0.906079590321
200167,0.945357501507
200168,0.682234406471
200170,0.902559101582
200171,0.967628538609
200172,0.641522586346
200176,0.627600729465
200177,0.827517032623
200178,0.863495707512
200179,0.85034185648
200180,0.838246107101
200182,0.893259763718
200183,0.881138265133
200184,0.843247175217
200191,0.777380883694
200192,0.914053499699
200193,0.893298864365
200194,0.745623707771
200195,0.614196836948
200196,0.803407788277
200197,0.905336976051
200201,0.767289102077
200203,0.223044753075
200206,0.976922035217
200207,0.656107068062
200208,0.982136428356
200211,0.843053996563
200212,0.684644043446
200213,0.72970533371
200216,0.928153634071
200217,0.304811865091
200219,0.955767929554
200221,0.49567180872
200224,0.840905308723
200228,0.571472644806
200229,0.587378978729
200231,0.963672697544
200233,0.463695824146
200237,0.843074202538
200240,0.941256701946
200241,0.899473130703
200242,0.624148547649
200244,0.9577267766
200248,0.954067826271
200249,0.87788105011
200251,0.873460114002
200252,0.978055953979
200255,0.173834860325
200257,0.52536457777
200258,0.878820955753
200259,0.902210116386
200260,0.730308651924
200261,0.903990507126
200263,0.835711181164
200265,0.98335981369
200266,0.979013562202
200268,0.936495423317
200271,0.900071442127
200272,0.925959289074
200273,0.973757266998
200274,0.562612116337
200282,0.913650691509
200284,0.803445577621
200285,0.775504112244
200287,0.805187165737
200289,0.444194316864
200291,0.477288454771
200292,0.585840582848
200293,0.838747680187
200294,0.984429121017
200295,0.961720407009
200299,0.944454312325
200301,0.686427116394
200303,0.794876396656
200304,0.279190003872
200308,0.593607842922
200309,0.701099455357
200310,0.716119527817
200312,0.540140151978
200314,0.746950626373
200315,0.911141097546
200316,0.789205133915
200317,0.861152887344
200318,0.809416890144
200319,0.776401519775
200321,0.807784438133
200323,0.837506532669
200324,0.699443995953
200326,0.962291777134
200327,0.958781421185
200328,0.767989695072
200329,0.823807120323
200330,0.991993427277
200333,0.915846765041
200337,0.481330394745
200339,0.494755148888
200341,0.647290587425
200343,0.653134942055
200346,0.581962287426
200349,0.604204416275
200350,0.784985840321
200352,0.984324216843
200353,0.81607311964
200355,0.828872323036
200358,0.57468098402
200364,0.80728238821
200370,0.548725187778
200372,0.973582863808
200373,0.958407044411
200374,0.925972163677
200376,0.729144573212
200379,0.827712237835
200383,0.96662312746
200388,0.579595685005
200390,0.70387339592
200392,0.889182567596
200393,0.696146547794
200395,0.9553424716
200396,0.734608709812
200397,0.504955232143
200399,0.823904275894
200402,0.923671782017
200406,0.763342499733
200407,0.789968252182
200409,0.759318351746
200411,0.971613049507
200412,0.5479413867
200413,0.950331151485
200415,0.916339933872
200416,0.82889598608
200417,0.975701570511
200418,0.750619888306
200419,0.850822091103
200420,0.572148919106
200422,0.934708654881
200426,0.904637515545
200427,0.838448286057
200428,0.677890896797
200430,0.956836462021
200433,0.778221189976
200434,0.969530403614
200443,0.823700129986
200447,0.625547230244
200452,0.186287716031
200455,0.719550609589
200458,0.846698343754
200459,0.851700782776
200460,0.707977890968
200468,0.788993477821
200469,0.921790599823
200472,0.801278591156
200474,0.620266854763
200477,0.735602796078
200478,0.728745341301
200480,0.884096682072
200481,0.968171775341
200484,0.98120290041
200486,0.651487410069
200488,0.359012275934
200491,0.704265356064
200493,0.752162337303
200495,0.966469228268
200503,0.816827535629
200505,0.975168287754
200506,0.780373513699
200507,0.967232048512
200509,0.71304243803
200511,0.722704946995
200512,0.935369610786
200513,0.69338285923
200516,0.86523514986
200517,0.944761991501
200520,0.826059281826
200523,0.65352666378
200526,0.950384736061
200527,0.871247410774
200529,0.4307064116
200530,0.565511107445
200532,0.305830657482
200533,0.747351646423
200534,0.764621675014
200536,0.921368420124
200538,0.75921779871
200539,0.892785310745
200540,0.138455197215
200548,0.689244270325
200549,0.727003097534
200551,0.861779391766
200554,0.771423101425
200555,0.954884529114
200556,0.618584275246
200560,0.984444379807
200562,0.663357615471
200567,0.951318740845
200571,0.887751102448
200572,0.891676962376
200573,0.955921173096
200574,0.889347076416
200575,0.854891359806
200576,0.942955851555
200578,0.616123855114
200579,0.827531635761
200582,0.880509316921
200585,0.971963763237
200587,0.928776264191
200591,0.950766265392
200595,0.897741436958
200596,0.921976208687
200598,0.637901544571
200600,0.759260058403
200603,0.95256114006
200605,0.771768987179
200609,0.99277228117
200612,0.881241440773
200613,0.917282164097
200614,0.708385169506
200615,0.924130737782
200616,0.942228674889
200617,0.695895016193
200618,0.847426056862
200619,0.694427013397
200620,0.909333586693
200622,0.955116510391
200625,0.614297032356
200626,0.767601728439
200631,0.484566390514
200632,0.329734057188
200635,0.941394031048
200636,0.477005660534
200637,0.761582672596
200638,0.59866809845
200643,0.759723842144
200645,0.272669136524
200648,0.839334845543
200650,0.63241225481
200655,0.931429743767
200657,0.961835384369
200658,0.855049610138
200661,0.904699683189
200665,0.691130101681
200669,0.607824981213
200670,0.938248336315
200671,0.886310100555
200672,0.754824399948
200673,0.433574914932
200678,0.772522032261
200680,0.896627962589
200681,0.421014606953
200683,0.741559386253
200689,0.927851676941
200698,0.216289892793
200700,0.740058243275
200701,0.862772285938
200703,0.962366402149
200704,0.942162811756
200711,0.763040661812
200714,0.415360569954
200715,0.588839173317
200718,0.765164673328
200720,0.966036081314
200722,0.900944709778
200725,0.566895723343
200726,0.948351800442
200729,0.526947498322
200732,0.875241279602
200733,0.802906513214
200735,0.908446848392
200737,0.732008814812
200739,0.649767518044
200741,0.833305418491
200744,0.843161940575
200745,0.96766602993
200746,0.760557115078
200751,0.722190737724
200752,0.782833099365
200755,0.831419944763
200757,0.977227270603
200758,0.882378637791
200760,0.868460655212
200762,0.927485466003
200763,0.765032112598
200767,0.835420787334
200768,0.861090481281
200769,0.875269591808
200772,0.952709615231
200774,0.775575876236
200775,0.938598930836
200777,0.821123480797
200779,0.66966688633
200788,0.703721106052
200791,0.868505239487
200794,0.489784002304
200795,0.441023021936
200796,0.964661002159
200797,0.659199714661
200799,0.749720990658
200800,0.837128520012
200801,0.927941739559
200802,0.94835704565
200803,0.696305394173
200804,0.458701997995
200807,0.81433737278
200808,0.885986030102
200809,0.724170804024
200810,0.668796300888
200812,0.948444902897
200816,0.816273748875
200818,0.812483310699
200819,0.764974534512
200820,0.986681580544
200821,0.895965695381
200825,0.534442007542
200826,0.875380337238
200827,0.856790363789
200829,0.663424551487
200831,0.873282015324
200833,0.761390626431
200834,0.75867587328
200841,0.962805688381
200844,0.886578023434
200845,0.968492805958
200846,0.943545162678
200848,0.898308455944
200851,0.812864899635
200852,0.77999907732
200853,0.663228690624
200854,0.861406385899
200858,0.993721485138
200861,0.949427306652
200862,0.988044321537
200863,0.903281390667
200868,0.750201821327
200869,0.772571980953
200870,0.983235776424
200871,0.554247736931
200872,0.844364285469
200874,0.784252226353
200875,0.778153657913
200878,0.963626563549
200879,0.75432497263
200884,0.671247541904
200885,0.747117936611
200886,0.793014407158
200888,0.825255870819
200889,0.871566236019
200892,0.658082306385
200893,0.544228315353
200894,0.0787534490228
200896,0.725108146667
200897,0.939923644066
200899,0.629170417786
200900,0.951333105564
200903,0.811791658401
200906,0.769659996033
200907,0.87215334177
200908,0.856983065605
200910,0.850771784782
200912,0.981038808823
200913,0.430648356676
200914,0.581428050995
200916,0.910089194775
200918,0.974321067333
200920,0.93984991312
200921,0.750710308552
200923,0.714936852455
200925,0.833288192749
200928,0.61527043581
200929,0.770369708538
200931,0.744072794914
200933,0.465637534857
200934,0.548167705536
200936,0.882212340832
200939,0.979589402676
200940,0.484223425388
200941,0.68729442358
200942,0.214405879378
200944,0.0604201070964
200946,0.345936119556
200948,0.716695487499
200949,0.565318405628
200950,0.862833440304
200951,0.912380516529
200952,0.795997142792
200953,0.609714686871
200957,0.820857107639
200961,0.471935272217
200963,0.608554899693
200965,0.940214514732
200967,0.950460851192
200974,0.985584676266
200975,0.8456813097
200976,0.489294469357
200977,0.764587342739
200979,0.965627610683
200980,0.502815246582
200983,0.622278511524
200984,0.927171468735
200987,0.944099783897
200989,0.575870513916
200991,0.570224761963
200993,0.976463317871
200995,0.917613327503
200996,0.927140831947
200997,0.971800923347
200998,0.921221613884
201003,0.909463524818
201005,0.975524544716
201006,0.816273212433
201007,0.95559233427
201009,0.687663257122
201010,0.955972909927
201011,0.476124107838
201014,0.547523736954
201016,0.772324740887
201020,0.487487733364
201021,0.980369925499
201022,0.96714246273
201025,0.957934319973
201026,0.967596292496
201030,0.770921766758
201031,0.858109772205
201032,0.942178368568
201037,0.151696041226
201039,0.928560495377
201042,0.799027979374
201047,0.956492006779
201050,0.932376265526
201051,0.863018333912
201056,0.709739923477
201057,0.748505532742
201059,0.698486030102
201061,0.495277911425
201062,0.852608263493
201064,0.660703778267
201066,0.772464871407
201068,0.687144994736
201070,0.569596707821
201072,0.302834063768
201073,0.924009680748
201074,0.965600967407
201077,0.83872205019
201078,0.787503957748
201088,0.380147516727
201089,0.695354521275
201091,0.744458794594
201092,0.877848505974
201093,0.923452138901
201095,0.991921544075
201099,0.692540764809
201106,0.348070412874
201107,0.88030153513
201108,0.79236805439
201113,0.934857189655
201117,0.65504771471
201118,0.809926331043
201122,0.82720708847
201123,0.655962228775
201127,0.986418664455
201128,0.982903301716
201129,0.950033664703
201134,0.785404682159
201137,0.932049751282
201142,0.743669390678
201143,0.837278604507
201144,0.525469720364
201145,0.490244209766
201155,0.970750808716
201156,0.539129257202
201157,0.863784730434
201158,0.957130134106
201159,0.973456799984
201161,0.788732051849
201162,0.352892816067
201163,0.684658825397
201165,0.770895719528
201166,0.698994398117
201167,0.384824752808
201168,0.632429480553
201170,0.869882106781
201173,0.962980866432
201174,0.863705933094
201177,0.860920667648
201178,0.52527731657
201179,0.76948928833
201184,0.588916242123
201185,0.750799417496
201186,0.965824067593
201187,0.93839854002
201190,0.615018188953
201191,0.935496747494
201192,0.970988690853
201193,0.402869164944
201195,0.84662759304
201197,0.834657371044
201198,0.338371485472
201199,0.49024066329
201201,0.98227918148
201206,0.984120428562
201207,0.930649220943
201208,0.410404771566
201209,0.611547768116
201210,0.554512619972
201211,0.932634174824
201214,0.924277544022
201215,0.944687724113
201217,0.845539271832
201219,0.824786245823
201220,0.826497256756
201221,0.864018261433
201222,0.729354262352
201230,0.829119563103
201231,0.846416771412
201232,0.947837591171
201235,0.964731872082
201237,0.92806994915
201238,0.906148850918
201242,0.910979270935
201244,0.98090326786
201247,0.0893350467086
201248,0.971527099609
201250,0.747347414494
201251,0.939178407192
201252,0.725523591042
201253,0.383292406797
201254,0.969405472279
201255,0.903226315975
201256,0.511499762535
201257,0.698770225048
201260,0.770617127419
201261,0.892963469028
201263,0.738992333412
201264,0.902517735958
201265,0.947281956673
201266,0.878339350224
201267,0.914983987808
201273,0.969902157784
201276,0.649173855782
201277,0.816343903542
201278,0.825966477394
201281,0.870805084705
201282,0.905137717724
201283,0.443449914455
201286,0.770599067211
201289,0.61293387413
201291,0.864099144936
201292,0.899624586105
201293,0.965702295303
201295,0.969792127609
201296,0.978402733803
201298,0.740645349026
201300,0.91423368454
201301,0.731300592422
201302,0.658572912216
201303,0.790380358696
201304,0.985185682774
201307,0.593550682068
201309,0.947904407978
201310,0.93093752861
201312,0.976522862911
201313,0.969548106194
201315,0.878593087196
201317,0.763401687145
201318,0.818644762039
201319,0.824958920479
201320,0.89667057991
201321,0.933847486973
201322,0.855101108551
201327,0.928307175636
201329,0.556581318378
201331,0.937518894672
201332,0.945718169212
201333,0.98048889637
201334,0.862281143665
201335,0.74449044466
201336,0.959015548229
201337,0.462357729673
201338,0.877667188644
201339,0.928522229195
201341,0.700655400753
201342,0.695253431797
201343,0.758076250553
201345,0.511620700359
201353,0.978868663311
201354,0.981825053692
201358,0.690145492554
201359,0.779622018337
201365,0.698568105698
201367,0.541420638561
201368,0.892959237099
201369,0.926392912865
201370,0.987382948399
201371,0.88303476572
201372,0.87608808279
201373,0.550382018089
201374,0.954315304756
201376,0.833471596241
201377,0.952859044075
201378,0.904905438423
201382,0.74482190609
201383,0.871802449226
201384,0.575246989727
201386,0.938593387604
201390,0.798186063766
201392,0.848272979259
201393,0.960409462452
201394,0.868105351925
201396,0.855129718781
201399,0.89479136467
201400,0.644156336784
201401,0.79282271862
201402,0.733952283859
201403,0.842352151871
201405,0.720456659794
201406,0.793310821056
201408,0.990819871426
201409,0.892603933811
201410,0.449530571699
201412,0.92317956686
201414,0.927859008312
201416,0.961215257645
201417,0.560874760151
201418,0.702570855618
201419,0.734492838383
201421,0.824644267559
201422,0.97941839695
201424,0.952693879604
201426,0.676139056683
201428,0.756876945496
201429,0.850930571556
201430,0.358309715986
201432,0.925853431225
201434,0.968243062496
201435,0.931723535061
201436,0.806327164173
201437,0.963417053223
201439,0.846792042255
201440,0.848558187485
201441,0.989482820034
201450,0.589866161346
201453,0.472137898207
201454,0.843276977539
201456,0.72113186121
201457,0.799542486668
201458,0.852595150471
201459,0.226446807384
201461,0.922190368176
201463,0.872092783451
201466,0.873773634434
201467,0.934934973717
201470,0.726529300213
201474,0.840937435627
201475,0.627188622952
201478,0.840910851955
201479,0.332291245461
201482,0.878008663654
201483,0.854055643082
201486,0.907499313354
201488,0.939993679523
201489,0.76514929533
201494,0.870308101177
201496,0.702537953854
201497,0.922882437706
201498,0.986755728722
201499,0.488697052002
201502,0.95055103302
201505,0.737353920937
201506,0.949684858322
201508,0.743175804615
201509,0.371556192636
201510,0.512933313847
201512,0.824826955795
201514,0.274702906609
201515,0.816599667072
201517,0.972350418568
201520,0.983203053474
201521,0.905159473419
201523,0.974669635296
201525,0.781003296375
201527,0.745131611824
201529,0.957123994827
201530,0.987815380096
201531,0.477019578218
201532,0.977167189121
201534,0.930904865265
201536,0.706335842609
201537,0.90306854248
201538,0.951144337654
201540,0.880573749542
201542,0.885940551758
201544,0.934966266155
201545,0.856750845909
201546,0.668181061745
201548,0.768760859966
201549,0.926201224327
201552,0.733407258987
201553,0.457884252071
201554,0.942969858646
201557,0.684982955456
201558,0.598510205746
201560,0.70481222868
201564,0.884888470173
201567,0.678662896156
201569,0.86235499382
201572,0.795863330364
201573,0.935730755329
201576,0.0381429307163
201578,0.898074626923
201579,0.935173988342
201580,0.853986024857
201586,0.691483557224
201587,0.943070054054
201589,0.930094122887
201590,0.935459852219
201591,0.89397996664
201592,0.721366643906
201594,0.813657104969
201598,0.969608187675
201599,0.616029024124
201600,0.780616402626
201601,0.972007095814
201602,0.773070335388
201603,0.598200857639
201605,0.828431129456
201610,0.972677052021
201612,0.568328559399
201613,0.508192360401
201615,0.81250423193
201616,0.8538595438
201618,0.90436643362
201623,0.897028326988
201624,0.90751260519
201625,0.921333193779
201627,0.612013041973
201628,0.375397711992
201629,0.76958745718
201631,0.752470970154
201634,0.919390797615
201635,0.952507317066
201637,0.891297996044
201638,0.854832291603
201639,0.911300718784
201642,0.862616598606
201645,0.895838081837
201646,0.827770769596
201648,0.77056658268
201649,0.971334755421
201652,0.920234560966
201653,0.982635378838
201655,0.862422704697
201656,0.764721632004
201660,0.64547753334
201662,0.984166622162
201663,0.869351267815
201664,0.929102599621
201665,0.260828346014
201666,0.691007316113
201667,0.487649142742
201670,0.58578389883
201672,0.988800048828
201673,0.976512074471
201675,0.818365395069
201677,0.815790355206
201678,0.705467939377
201680,0.779291331768
201682,0.721734404564
201683,0.929831624031
201684,0.901998817921
201687,0.781513571739
201691,0.844825863838
201697,0.892398297787
201698,0.90345698595
201701,0.39444231987
201702,0.786232233047
201703,0.588918149471
201705,0.825166642666
201710,0.806300401688
201716,0.994115948677
201717,0.707329571247
201719,0.921112179756
201720,0.852140367031
201722,0.950307846069
201723,0.350996702909
201724,0.969846189022
201725,0.82810395956
201726,0.558391571045
201728,0.99165135622
201729,0.810667395592
201731,0.814694106579
201733,0.92474091053
201737,0.975018441677
201739,0.969715476036
201740,0.682294845581
201741,0.897085785866
201742,0.889160633087
201743,0.922247171402
201744,0.97837138176
201747,0.817989230156
201749,0.944875895977
201754,0.987169504166
201755,0.956863641739
201757,0.919372558594
201759,0.751508593559
201761,0.884375154972
201763,0.728145539761
201764,0.689173877239
201768,0.828233897686
201769,0.725600123405
201770,0.0578343123198
201773,0.549482285976
201774,0.87619048357
201775,0.676252305508
201776,0.495628893375
201778,0.885704100132
201779,0.628098487854
201780,0.574378013611
201784,0.974476099014
201785,0.779346823692
201787,0.69914329052
201789,0.919673204422
201799,0.660750985146
201800,0.887977302074
201803,0.3485930264
201808,0.820421755314
201809,0.992052197456
201810,0.917674362659
201811,0.86663299799
201812,0.778253257275
201814,0.883759498596
201816,0.531399786472
201819,0.852488100529
201821,0.837169826031
201822,0.771104991436
201823,0.414580464363
201826,0.653735160828
201828,0.920068442822
201830,0.69831174612
201832,0.910797894001
201833,0.775173604488
201836,0.813885509968
201837,0.982755601406
201838,0.697490990162
201839,0.955851912498
201840,0.947238087654
201841,0.64043456316
201842,0.647756993771
201843,0.661198377609
201844,0.77443677187
201847,0.452598243952
201855,0.0623844154179
201856,0.972999274731
201859,0.890197992325
201862,0.814035892487
201863,0.716479122639
201865,0.840698719025
201866,0.948473930359
201867,0.772989332676
201868,0.7309679389
201869,0.951350390911
201871,0.68379431963
201872,0.924591720104
201874,0.840534389019
201875,0.948572814465
201879,0.663085758686
201881,0.928697109222
201882,0.314343601465
201883,0.635824561119
201884,0.378664404154
201886,0.832301914692
201891,0.887303233147
201893,0.568987369537
201897,0.905005395412
201899,0.848728358746
201900,0.613399147987
201901,0.739678800106
201902,0.639265179634
201906,0.622905373573
201907,0.784151554108
201910,0.711607217789
201911,0.903701484203
201913,0.920441448689
201914,0.981498003006
201915,0.946190178394
201917,0.413713037968
201918,0.757679879665
201920,0.909402608871
201921,0.844020962715
201923,0.950931489468
201925,0.918317496777
201927,0.956354141235
201929,0.732228755951
201930,0.592843592167
201932,0.86817085743
201936,0.748377621174
201938,0.706544578075
201940,0.711426377296
201941,0.801841616631
201942,0.682415962219
201943,0.789943277836
201945,0.914998173714
201948,0.56542211771
201957,0.459926366806
201959,0.851509988308
201960,0.402910083532
201961,0.426678657532
201963,0.581248641014
201964,0.779816091061
201966,0.899645328522
201970,0.828612267971
201971,0.702179789543
201975,0.77914917469
201977,0.80342400074
201979,0.795908153057
201983,0.690175950527
201985,0.815760791302
201986,0.577137708664
201987,0.555758476257
201990,0.89356482029
201991,0.690350115299
201996,0.839036822319
201997,0.523228466511
201998,0.884853541851
201999,0.949020087719
202003,0.942475020885
202004,0.839639246464
202006,0.603624641895
202007,0.771377027035
202009,0.882707059383
202010,0.740487873554
202012,0.961432933807
202013,0.41333642602
202014,0.538134753704
202015,0.855285346508
202016,0.719680964947
202017,0.899292945862
202018,0.974177002907
202019,0.646792054176
202020,0.977296173573
202021,0.913671314716
202024,0.636565685272
202025,0.781330764294
202026,0.951172709465
202027,0.654373526573
202030,0.667420089245
202032,0.974077701569
202033,0.988100528717
202034,0.49627494812
202036,0.929299771786
202038,0.851894021034
202039,0.967063009739
202041,0.597625315189
202042,0.97100675106
202043,0.939493179321
202045,0.521490514278
202046,0.788323044777
202047,0.963478922844
202049,0.456470429897
202051,0.454581558704
202052,0.810609340668
202053,0.91069316864
202054,0.875980496407
202055,0.963008463383
202057,0.91357666254
202058,0.871216475964
202060,0.88416403532
202062,0.969351410866
202065,0.400955021381
202067,0.856127798557
202071,0.847894847393
202072,0.966715037823
202075,0.754761040211
202077,0.84498167038
202079,0.837203860283
202080,0.504505336285
202081,0.928726911545
202083,0.941115438938
202084,0.458117008209
202085,0.469898998737
202088,0.752489566803
202089,0.693727254868
202091,0.966376364231
202092,0.733342647552
202095,0.894641041756
202096,0.985598146915
202100,0.981057167053
202102,0.94128459692
202105,0.670327186584
202106,0.853635430336
202107,0.552554309368
202109,0.516872286797
202110,0.948808670044
202111,0.40111374855
202112,0.913293898106
202114,0.923717677593
202115,0.289559811354
202116,0.866987586021
202118,0.84646075964
202121,0.750570058823
202123,0.88831025362
202125,0.507601261139
202126,0.546927034855
202127,0.787348806858
202128,0.461421102285
202132,0.743009746075
202133,0.950454831123
202135,0.908765077591
202136,0.840763390064
202137,0.539784252644
202138,0.554285347462
202141,0.810303151608
202142,0.769063293934
202143,0.750754475594
202144,0.758066654205
202145,0.783614099026
202150,0.223795905709
202152,0.967106044292
202153,0.968799173832
202154,0.95788782835
202155,0.737557172775
202159,0.9232827425
202160,0.883302390575
202161,0.957376778126
202163,0.613159954548
202166,0.808204710484
202170,0.688419044018
202172,0.984832942486
202177,0.990363895893
202178,0.500646233559
202181,0.905611455441
202183,0.415203541517
202185,0.879665970802
202188,0.753583192825
202192,0.986878335476
202193,0.977539181709
202195,0.978365302086
202198,0.332425475121
202199,0.869074344635
202201,0.70232218504
202203,0.75664305687
202209,0.835435092449
202210,0.757382690907
202212,0.670808911324
202213,0.606648027897
202214,0.769104540348
202215,0.767759084702
202218,0.948663890362
202222,0.656142950058
202223,0.833566963673
202226,0.731453835964
202227,0.698347210884
202228,0.959564268589
202230,0.908460199833
202233,0.663931548595
202234,0.612334191799
202236,0.67883592844
202237,0.890723049641
202239,0.721707284451
202241,0.618573367596
202242,0.388908028603
202244,0.522158503532
202246,0.833122491837
202249,0.604534864426
202250,0.977603018284
202251,0.97340875864
202252,0.631375074387
202253,0.873193740845
202254,0.846479535103
202258,0.972694516182
202259,0.765499949455
202262,0.940572619438
202264,0.982077896595
202265,0.896219074726
202266,0.686273276806
202267,0.535843849182
202268,0.760280311108
202272,0.86449354887
202273,0.975718736649
202275,0.713622510433
202276,0.990897119045
202277,0.0849336832762
202281,0.882329285145
202282,0.577298462391
202283,0.951540291309
202284,0.74203979969
202287,0.733026862144
202289,0.801710724831
202290,0.97527474165
202293,0.949383795261
202297,0.969972670078
202299,0.900386452675
202300,0.98664444685
202303,0.487620979548
202304,0.583659172058
202305,0.806582808495
202306,0.933713495731
202310,0.286430835724
202312,0.496423274279
202313,0.818907141685
202314,0.0960491299629
202317,0.655670046806
202318,0.676845014095
202319,0.623337984085
202323,0.588457584381
202324,0.651612341404
202325,0.827791392803
202328,0.818631827831
202330,0.906661391258
202331,0.302332222462
202333,0.964497387409
202334,0.15957942605
202335,0.445344895124
202336,0.313118875027
202337,0.124727934599
202340,0.613084495068
202341,0.936574220657
202347,0.847463905811
202348,0.89743578434
202349,0.842705309391
202351,0.457234442234
202353,0.737922668457
202356,0.888886749744
202357,0.828621387482
202358,0.396073311567
202359,0.898964583874
202363,0.902605414391
202364,0.985763192177
202366,0.871225893497
202367,0.96546959877
202368,0.730695486069
202370,0.785030722618
202371,0.843951284885
202373,0.653944432735
202376,0.57390755415
202378,0.728900372982
202379,0.84561163187
202382,0.95558577776
202383,0.937370896339
202384,0.609377205372
202386,0.95762693882
202389,0.339759796858
202395,0.824479401112
202398,0.947787046432
202399,0.914000034332
202400,0.813485085964
202401,0.616894304752
202404,0.80897206068
202406,0.492201328278
202407,0.781973600388
202409,0.862663388252
202411,0.802396535873
202412,0.858582794666
202413,0.974993944168
202415,0.909530520439
202417,0.742848932743
202419,0.764864683151
202420,0.915832698345
202421,0.634751915932
202423,0.647426784039
202427,0.722420096397
202428,0.827893853188
202432,0.761753797531
202433,0.953359127045
202435,0.916377961636
202436,0.710003495216
202437,0.781496107578
202440,0.861039876938
202442,0.568945169449
202443,0.797875165939
202444,0.53266710043
202448,0.74575906992
202450,0.815908014774
202452,0.624639987946
202453,0.98290759325
202456,0.60962331295
202457,0.897222816944
202459,0.738806724548
202461,0.964444577694
202462,0.95449000597
202465,0.951554536819
202466,0.810010075569
202468,0.783576488495
202470,0.921166658401
202472,0.515143096447
202473,0.735410571098
202475,0.912248075008
202476,0.86964738369
202477,0.98012804985
202481,0.62186306715
202484,0.73301410675
202487,0.421826928854
202492,0.924559235573
202493,0.976759850979
202496,0.713467657566
202500,0.938136875629
202504,0.560328364372
202505,0.788531303406
202506,0.670220851898
202507,0.36924842
202510,0.476767390966
202514,0.460343003273
202516,0.609766364098
202518,0.722914993763
202523,0.914405882359
202524,0.798913657665
202525,0.978530228138
202530,0.54232352972
202532,0.671081483364
202533,0.701822400093
202536,0.88802844286
202538,0.871665596962
202541,0.920907199383
202542,0.712659239769
202543,0.935962796211
202544,0.959004938602
202548,0.666419327259
202549,0.971363723278
202550,0.736281216145
202551,0.942014575005
202553,0.827688932419
202554,0.927279472351
202555,0.764366149902
202559,0.898072421551
202562,0.84289842844
202564,0.917259812355
202565,0.878610372543
202566,0.725249052048
202568,0.907488524914
202570,0.301507890224
202571,0.946180045605
202575,0.879864573479
202580,0.973268866539
202581,0.858959615231
202582,0.746869623661
202583,0.882847905159
202584,0.406066268682
202585,0.153989881277
202588,0.973887145519
202589,0.781309366226
202590,0.729183912277
202592,0.977868497372
202594,0.919359862804
202595,0.570329546928
202597,0.779219448566
202598,0.685354232788
202599,0.916853308678
202602,0.930734217167
202606,0.711363434792
202609,0.90121614933
202617,0.441095471382
202618,0.866193532944
202619,0.79661667347
202622,0.609215438366
202623,0.229063883424
202634,0.902439951897
202636,0.797949016094
202639,0.890784263611
202642,0.845899343491
202643,0.970637321472
202644,0.376629203558
202645,0.783085405827
202646,0.696940779686
202647,0.957004129887
202649,0.776321947575
202650,0.859520673752
202651,0.961371898651
202652,0.860059797764
202653,0.540557146072
202654,0.869466900826
202657,0.187278404832
202658,0.897660434246
202659,0.846072733402
202662,0.947818696499
202663,0.774220347404
202666,0.978280425072
202668,0.717501938343
202670,0.954348623753
202671,0.780310511589
202672,0.88013535738
202673,0.861613631248
202674,0.623001873493
202676,0.712399721146
202678,0.486122846603
202679,0.976813197136
202685,0.71045345068
202686,0.657890796661
202687,0.29451712966
202689,0.740258216858
202692,0.801393866539
202695,0.848855555058
202704,0.426435440779
202705,0.52756267786
202708,0.587015092373
202709,0.90381538868
202713,0.675412893295
202714,0.941981494427
202715,0.953437268734
202719,0.873527824879
202720,0.973966300488
202721,0.807769179344
202722,0.344273090363
202723,0.888711631298
202724,0.449774861336
202725,0.883276998997
202727,0.722110927105
202728,0.859442055225
202729,0.683006227016
202731,0.844376087189
202733,0.425404399633
202734,0.940864443779
202735,0.889106869698
202736,0.855420291424
202737,0.907086789608
202738,0.746843874454
202739,0.254906117916
202741,0.791491806507
202743,0.991400897503
202744,0.966534852982
202745,0.435236632824
202746,0.859420359135
202747,0.731894314289
202748,0.863023996353
202751,0.942544996738
202754,0.433687090874
202755,0.798805773258
202757,0.736285984516
202760,0.781098246574
202761,0.948519945145
202762,0.922373533249
202763,0.959856569767
202764,0.99526154995
202765,0.816309928894
202766,0.60012447834
202768,0.924737393856
202770,0.412711203098
202772,0.733701884747
202773,0.0860411375761
202776,0.753813326359
202778,0.732074439526
202779,0.846430242062
202780,0.899960875511
202781,0.632713615894
202783,0.645389258862
202784,0.595708012581
202788,0.935956478119
202791,0.742291629314
202792,0.552526533604
202795,0.940977990627
202796,0.812204897404
202799,0.873759806156
202800,0.680912315845
202803,0.953307807446
202804,0.371146678925
202807,0.617519140244
202808,0.883682668209
202809,0.730899333954
202810,0.678205788136
202812,0.780343592167
202818,0.932123780251
202820,0.986332714558
202821,0.318527430296
202825,0.545995354652
202826,0.420717954636
202827,0.980719745159
202828,0.575030565262
202831,0.791169583797
202832,0.955131411552
202834,0.522419393063
202836,0.648337900639
202842,0.968040049076
202843,0.751485049725
202845,0.716215670109
202847,0.730882763863
202849,0.980005741119
202851,0.824673593044
202852,0.605541467667
202854,0.768725037575
202855,0.663958907127
202856,0.80896884203
202861,0.630313575268
202862,0.922467529774
202864,0.84079515934
202865,0.562384724617
202870,0.946139395237
202872,0.937842786312
202874,0.944361686707
202879,0.771597266197
202880,0.894467592239
202882,0.933395028114
202884,0.80227291584
202887,0.681085467339
202888,0.551834285259
202889,0.572648763657
202891,0.777929604053
202892,0.670125186443
202894,0.563221931458
202897,0.899614453316
202899,0.960164546967
202900,0.401182800531
202901,0.775446176529
202903,0.816085159779
202907,0.721407592297
202908,0.831270396709
202909,0.944299280643
202912,0.684893488884
202915,0.982492685318
202916,0.960039675236
202920,0.798399507999
202921,0.811277449131
202928,0.941781818867
202929,0.604873478413
202931,0.973786652088
202934,0.945371747017
202936,0.826323986053
202938,0.754107534885
202940,0.835781097412
202941,0.862080395222
202943,0.922196090221
202945,0.896652162075
202947,0.851256906986
202949,0.981298208237
202950,0.883084595203
202951,0.132474988699
202954,0.907813429832
202955,0.857891321182
202956,0.759043037891
202957,0.74565923214
202958,0.776330828667
202961,0.516487836838
202962,0.988329648972
202963,0.949714541435
202966,0.845992267132
202967,0.784750580788
202968,0.604227364063
202970,0.708917200565
202971,0.916663348675
202972,0.84861767292
202973,0.895951330662
202977,0.849621593952
202981,0.881947100163
202983,0.726794660091
202984,0.795170009136
202985,0.575822114944
202992,0.581774950027
202993,0.752311766148
202999,0.36193677783
203000,0.865554332733
203001,0.984665572643
203004,0.868588864803
203005,0.823499917984
203010,0.84406888485
203014,0.883931934834
203020,0.574316501617
203021,0.747701346874
203024,0.980646252632
203026,0.949395477772
203027,0.877522170544
203029,0.612409472466
203030,0.314331531525
203031,0.970147371292
203034,0.594878852367
203035,0.922795414925
203038,0.980574727058
203039,0.802119016647
203040,0.975576281548
203041,0.988894939423
203042,0.27167314291
203046,0.827791512012
203047,0.921573102474
203048,0.970425665379
203051,0.749543249607
203053,0.522824883461
203054,0.810602843761
203055,0.983596861362
203058,0.709021866322
203059,0.777589380741
203065,0.814511179924
203066,0.696658670902
203067,0.84344124794
203069,0.28126937151
203072,0.908097207546
203073,0.673836827278
203074,0.531252741814
203075,0.982585549355
203076,0.984357059002
203078,0.614864706993
203081,0.658955216408
203082,0.655586183071
203083,0.85232937336
203084,0.69012182951
203085,0.950442671776
203086,0.721999168396
203087,0.712717592716
203088,0.989517629147
203093,0.798090457916
203094,0.956928908825
203095,0.862032234669
203096,0.972437679768
203097,0.859474182129
203099,0.740381896496
203102,0.692678511143
203103,0.832601249218
203107,0.722041189671
203109,0.821936964989
203113,0.767985582352
203114,0.714840173721
203115,0.907954871655
203116,0.755600392818
203117,0.570552647114
203120,0.8952023983
203121,0.706414520741
203122,0.736008882523
203125,0.521609127522
203128,0.823320686817
203129,0.893887996674
203131,0.93353509903
203132,0.789656221867
203135,0.877812206745
203137,0.802279114723
203138,0.978210747242
203139,0.640268564224
203140,0.744331479073
203143,0.945655763149
203144,0.803259789944
203145,0.922487854958
203146,0.607398927212
203149,0.647073805332
203150,0.829887092113
203151,0.640795409679
203153,0.820430159569
203154,0.318945348263
203156,0.828565716743
203158,0.83869355917
203159,0.756741046906
203162,0.990350186825
203166,0.891630411148
203167,0.793594241142
203168,0.729889571667
203170,0.896997153759
203171,0.801118135452
203172,0.734879314899
203174,0.743034422398
203178,0.798505544662
203180,0.917575061321
203184,0.784864187241
203185,0.458740472794
203189,0.985378623009
203194,0.847535252571
203196,0.524472117424
203203,0.823683857918
203205,0.803913533688
203206,0.771420001984
203207,0.699148476124
203212,0.563603520393
203213,0.905798792839
203216,0.608972191811
203217,0.974420309067
203221,0.713078975677
203222,0.745644032955
203223,0.956430912018
203225,0.878688931465
203226,0.505717933178
203229,0.689919054508
203230,0.975772202015
203231,0.940604150295
203232,0.958557963371
203233,0.90548735857
203235,0.965442240238
203237,0.21558880806
203238,0.800319731236
203241,0.238798514009
203245,0.377612799406
203247,0.882568120956
203248,0.892150759697
203251,0.740142464638
203256,0.790852129459
203257,0.74774569273
203258,0.669226288795
203260,0.866774559021
203261,0.877561330795
203264,0.924816191196
203265,0.955023884773
203266,0.778646409512
203267,0.981637954712
203269,0.685804605484
203271,0.845832169056
203273,0.969085335732
203275,0.894453525543
203276,0.88609701395
203279,0.981764137745
203288,0.956830739975
203289,0.617489635944
203292,0.69643586874
203294,0.752530574799
203295,0.986815869808
203298,0.398806601763
203299,0.663587272167
203300,0.686327397823
203301,0.646729528904
203304,0.975710570812
203305,0.77073264122
203308,0.318768322468
203309,0.795848071575
203310,0.706019878387
203313,0.935814261436
203314,0.83062851429
203318,0.916537046432
203319,0.985893070698
203320,0.984709441662
203321,0.764449596405
203322,0.875523269176
203324,0.754013478756
203326,0.847916007042
203327,0.970140516758
203329,0.0945046842098
203331,0.58297264576
203333,0.642391681671
203335,0.819308340549
203342,0.883624315262
203343,0.732512056828
203345,0.572451233864
203346,0.797772407532
203349,0.974552094936
203350,0.733916223049
203351,0.819846749306
203352,0.808226585388
203359,0.958669543266
203362,0.444992274046
203363,0.509713590145
203365,0.366467297077
203366,0.79124635458
203367,0.867135941982
203372,0.770992636681
203374,0.410633325577
203375,0.911548376083
203379,0.8540610075
203382,0.809367358685
203384,0.975260078907
203386,0.670384347439
203387,0.949252843857
203388,0.640332996845
203393,0.937071502209
203394,0.933100819588
203401,0.452319443226
203403,0.7259811759
203411,0.912807822227
203412,0.656148016453
203413,0.87709659338
203414,0.718903243542
203416,0.812972426414
203417,0.242969766259
203421,0.46689170599
203426,0.885763406754
203427,0.951475203037
203428,0.531645178795
203433,0.941938519478
203436,0.85369092226
203437,0.543707132339
203438,0.906299829483
203439,0.733214080334
203440,0.530202329159
203447,0.963752508163
203450,0.719444930553
203451,0.986541748047
203452,0.646495640278
203454,0.683166384697
203456,0.9838758111
203457,0.684931278229
203458,0.900105118752
203459,0.938194990158
203461,0.927332818508
203462,0.432110697031
203464,0.888815999031
203467,0.852346777916
203468,0.939964950085
203470,0.911603391171
203471,0.921885550022
203474,0.541914582253
203475,0.278993785381
203477,0.968916296959
203480,0.984452664852
203483,0.731203198433
203485,0.832423508167
203488,0.736095190048
203490,0.907063424587
203493,0.800810456276
203495,0.650618970394
203497,0.109894022346
203499,0.807937145233
203501,0.993692994118
203506,0.847222983837
203509,0.811110138893
203510,0.762838184834
203511,0.565112471581
203513,0.102826811373
203515,0.909315943718
203517,0.635320901871
203518,0.62245464325
203522,0.855269312859
203523,0.481116235256
203527,0.558900892735
203535,0.878842532635
203539,0.782709240913
203541,0.97567820549
203542,0.670780599117
203545,0.754712760448
203546,0.938340902328
203548,0.846722602844
203550,0.939332962036
203551,0.758621275425
203554,0.958532750607
203557,0.791032373905
203559,0.918394088745
203564,0.841414749622
203566,0.847050964832
203569,0.879660308361
203570,0.883419692516
203573,0.486270189285
203574,0.910732448101
203580,0.839358210564
203584,0.591151714325
203587,0.88696461916
203588,0.942217767239
203589,0.976796805859
203590,0.850128054619
203591,0.790247261524
203594,0.984480321407
203595,0.507049262524
203597,0.54650336504
203600,0.924277245998
203601,0.88738489151
203609,0.978598415852
203610,0.864269256592
203612,0.878050923347
203613,0.987937390804
203614,0.966569364071
203616,0.352368295193
203617,0.970673084259
203620,0.837679326534
203622,0.959244787693
203625,0.44750764966
203626,0.930197834969
203628,0.799661457539
203629,0.832813560963
203631,0.947424471378
203632,0.658298373222
203633,0.621996879578
203634,0.856613874435
203637,0.753210783005
203638,0.35658749938
203643,0.513607680798
203644,0.68253749609
203645,0.842126309872
203646,0.877502501011
203648,0.901689350605
203650,0.973642766476
203651,0.498721837997
203657,0.842188119888
203658,0.743316590786
203659,0.716853201389
203663,0.384783983231
203666,0.832660079002
203667,0.967560827732
203668,0.873033940792
203671,0.683855831623
203673,0.427518188953
203674,0.38154399395
203678,0.659279704094
203680,0.972707033157
203681,0.567345142365
203682,0.817222118378
203683,0.784246087074
203684,0.821390986443
203685,0.548196911812
203687,0.656943976879
203690,0.415402650833
203692,0.259065121412
203695,0.841203391552
203699,0.865074634552
203702,0.801172733307
203703,0.156781256199
203704,0.729075312614
203705,0.89894849062
203707,0.990857899189
203709,0.979719340801
203710,0.923743009567
203711,0.628963649273
203716,0.899625241756
203718,0.85851252079
203720,0.733170032501
203721,0.831196427345
203723,0.762441337109
203724,0.683496594429
203725,0.553271651268
203726,0.943714261055
203727,0.903690874577
203729,0.8228931427
203730,0.983624577522
203731,0.940879821777
203732,0.950809061527
203733,0.988524854183
203735,0.991327702999
203739,0.885426998138
203741,0.587402105331
203743,0.929359197617
203744,0.981383979321
203746,0.921392798424
203748,0.954570055008
203749,0.736820816994
203752,0.733183085918
203754,0.961683809757
203756,0.906333744526
203759,0.729043841362
203760,0.834349632263
203762,0.893949568272
203765,0.970996320248
203769,0.466230541468
203770,0.83484941721
203771,0.808850884438
203773,0.114153631032
203774,0.948086321354
203775,0.326516062021
203778,0.639923036098
203785,0.855944573879
203787,0.435073822737
203788,0.867147028446
203791,0.965801477432
203793,0.63113451004
203794,0.925850749016
203795,0.727482616901
203798,0.547564208508
203799,0.629330575466
203800,0.863779187202
203802,0.873321175575
203803,0.886792004108
203804,0.891012489796
203805,0.958076775074
203807,0.830091238022
203809,0.893767654896
203810,0.865739762783
203811,0.858008980751
203812,0.832507610321
203813,0.385467976332
203815,0.561024606228
203816,0.976869940758
203818,0.694595932961
203819,0.570678651333
203822,0.794444739819
203826,0.584057807922
203827,0.981316447258
203828,0.781430184841
203829,0.946821451187
203830,0.553193926811
203832,0.803803861141
203833,0.86159580946
203839,0.966778457165
203846,0.728545963764
203847,0.911261916161
203848,0.653255701065
203852,0.857315301895
203853,0.979017853737
203854,0.871969103813
203855,0.834595441818
203857,0.64758014679
203858,0.839505016804
203859,0.439292490482
203861,0.771672666073
203862,0.706299126148
203865,0.958896398544
203866,0.860970854759
203867,0.569451808929
203869,0.664983451366
203871,0.84652864933
203872,0.801751673222
203873,0.440363794565
203874,0.789389669895
203876,0.721122562885
203877,0.919161736965
203882,0.571491658688
203883,0.785396337509
203884,0.810651421547
203887,0.917421221733
203889,0.884021282196
203891,0.834020972252
203894,0.888818979263
203899,0.929287970066
203900,0.441993445158
203902,0.644475102425
203904,0.91512554884
203905,0.316042423248
203906,0.963174700737
203908,0.864763140678
203911,0.90956312418
203914,0.489146709442
203918,0.940090835094
203919,0.954707145691
203921,0.861357986927
203923,0.931731939316
203924,0.562935054302
203925,0.428515523672
203926,0.554287612438
203928,0.953574597836
203929,0.903126835823
203932,0.881907761097
203933,0.981563687325
203934,0.604553341866
203936,0.963589906693
203937,0.929209113121
203938,0.447192430496
203939,0.889662504196
203940,0.240943700075
203942,0.710855126381
203943,0.317311823368
203948,0.463071465492
203949,0.601454138756
203950,0.643488764763
203951,0.740157067776
203954,0.846359610558
203955,0.985537469387
203956,0.585038602352
203957,0.991260826588
203959,0.943539500237
203962,0.449389070272
203963,0.722329437733
203964,0.865399479866
203965,0.81465446949
203969,0.504315376282
203970,0.419832855463
203980,0.545402765274
203981,0.519004940987
203984,0.928818464279
203986,0.973074197769
203988,0.535969018936
203989,0.566190004349
203990,0.570702433586
203994,0.888356208801
203995,0.94848293066
203996,0.938997685909
203997,0.932012677193
204000,0.944538593292
204003,0.929360866547
204005,0.972848713398
204007,0.866040289402
204008,0.923397481441
204009,0.843653261662
204010,0.883558869362
204011,0.888850092888
204014,0.840416550636
204016,0.554583966732
204019,0.964347600937
204023,0.978328347206
204026,0.927250564098
204027,0.93452578783
204028,0.64982432127
204029,0.906783342361
204030,0.506969094276
204031,0.977907180786
204032,0.909591674805
204038,0.982240855694
204039,0.825998902321
204041,0.526795983315
204043,0.898250639439
204044,0.767278909683
204045,0.711824059486
204048,0.822797954082
204051,0.635931611061
204052,0.742798089981
204053,0.979938209057
204054,0.697293639183
204057,0.941083014011
204060,0.95443290472
204063,0.722706139088
204067,0.722127079964
204072,0.865018248558
204074,0.838321268559
204078,0.961068570614
204079,0.942476451397
204080,0.953339338303
204081,0.235370650887
204082,0.955333292484
204083,0.931400239468
204084,0.883560359478
204085,0.745444655418
204086,0.842698335648
204087,0.690842986107
204088,0.975825965405
204089,0.961000084877
204090,0.992183983326
204091,0.95958173275
204092,0.769884228706
204095,0.79683893919
204096,0.905912339687
204097,0.54878282547
204098,0.925560534
204103,0.918457150459
204105,0.163997113705
204106,0.878021001816
204107,0.665267288685
204109,0.967424571514
204110,0.822268426418
204112,0.894297659397
204113,0.795515298843
204114,0.755827367306
204115,0.923890113831
204120,0.772433757782
204124,0.721219241619
204125,0.799201667309
204130,0.84483975172
204132,0.64266782999
204135,0.635468780994
204136,0.629112839699
204138,0.939030647278
204141,0.821977615356
204143,0.61568325758
204144,0.546002209187
204145,0.969005942345
204146,0.706979095936
204147,0.794425845146
204150,0.714212536812
204151,0.971381425858
204155,0.465059429407
204156,0.960874021053
204157,0.839113652706
204158,0.861324846745
204159,0.868253350258
204160,0.901899397373
204161,0.441237419844
204164,0.919659793377
204165,0.86448097229
204168,0.723010063171
204169,0.851306319237
204171,0.697112381458
204172,0.916547238827
204174,0.69356071949
204175,0.95343208313
204176,0.952573418617
204180,0.531037092209
204181,0.620595753193
204183,0.938304543495
204184,0.904326558113
204188,0.973742306232
204189,0.680152952671
204191,0.48513302207
204192,0.975804209709
204195,0.54186040163
204196,0.772285044193
204198,0.369546920061
204199,0.779065489769
204203,0.832139849663
204205,0.390313595533
204206,0.550496995449
204208,0.948926627636
204209,0.952212691307
204212,0.951311945915
204216,0.769478023052
204217,0.797814965248
204219,0.759138166904
204220,0.710132062435
204223,0.362857818604
204225,0.849260509014
204226,0.943387448788
204228,0.647024333477
204229,0.390807151794
204232,0.922865748405
204233,0.75409001112
204234,0.948027193546
204240,0.530764937401
204244,0.609312713146
204245,0.935194313526
204246,0.7818120718
204247,0.705179035664
204250,0.969822108746
204251,0.707151591778
204252,0.856580376625
204253,0.787419319153
204254,0.953523874283
204255,0.506155490875
204258,0.959044754505
204259,0.924944043159
204260,0.655324995518
204261,0.937806069851
204262,0.534960925579
204264,0.763926625252
204265,0.988299965858
204267,0.686958134174
204269,0.987652420998
204270,0.855611622334
204272,0.976704716682
204273,0.914193868637
204277,0.14545494318
204281,0.922563493252
204283,0.918276667595
204284,0.648591458797
204285,0.909093141556
204288,0.809477508068
204290,0.778828263283
204291,0.755834400654
204293,0.846527218819
204297,0.938967168331
204299,0.753921329975
204300,0.284782618284
204302,0.571811556816
204304,0.780930757523
204306,0.924025654793
204308,0.681475639343
204309,0.838103652
204310,0.84374755621
204313,0.802109360695
204317,0.853332102299
204319,0.933491528034
204320,0.724965631962
204321,0.868443250656
204327,0.805898785591
204331,0.526944458485
204334,0.534405648708
204337,0.584788858891
204340,0.657207965851
204341,0.71723818779
204342,0.892848849297
204343,0.820515692234
204348,0.786516010761
204349,0.745214164257
204350,0.959978044033
204351,0.598918199539
204352,0.755856335163
204353,0.876651465893
204355,0.917584896088
204360,0.596616566181
204361,0.662025690079
204363,0.628207504749
204372,0.908275783062
204373,0.778300583363
204374,0.897579073906
204375,0.979789078236
204376,0.791196763515
204377,0.91152381897
204378,0.602134108543
204379,0.372209727764
204381,0.911732554436
204383,0.96168500185
204389,0.849228262901
204391,0.845265209675
204392,0.283827155828
204393,0.40848121047
204396,0.988626658916
204398,0.295913249254
204400,0.894909739494
204403,0.580821871758
204404,0.804245591164
204406,0.833267629147
204407,0.935961961746
204409,0.904330730438
204410,0.922270894051
204414,0.663079798222
204416,0.59800773859
204417,0.889801025391
204418,0.523855209351
204419,0.874096512794
204421,0.752178430557
204422,0.941841483116
204426,0.952256321907
204427,0.968093335629
204428,0.903436422348
204429,0.781170666218
204430,0.808097481728
204434,0.90983247757
204438,0.103624656796
204440,0.459356665611
204441,0.833199441433
204442,0.857218563557
204443,0.697754025459
204444,0.887166500092
204447,0.798293113708
204455,0.744030952454
204456,0.793121695518
204457,0.866065502167
204460,0.479846984148
204462,0.95744407177
204463,0.966088473797
204464,0.906435191631
204465,0.982677519321
204466,0.704303979874
204470,0.915572881699
204473,0.880292117596
204474,0.659470558167
204477,0.463904261589
204480,0.89142537117
204483,0.831026613712
204484,0.627928733826
204486,0.878693401814
204487,0.8744379282
204488,0.904997587204
204489,0.923245728016
204490,0.962698400021
204491,0.893364608288
204492,0.307472467422
204498,0.95587426424
204499,0.98298740387
204501,0.0398156531155
204506,0.376075923443
204507,0.687847435474
204508,0.674176633358
204511,0.85434615612
204513,0.836488544941
204514,0.725633144379
204515,0.90138822794
204516,0.972546875477
204517,0.506338059902
204520,0.955600261688
204523,0.828840196133
204524,0.670959770679
204525,0.886656463146
204527,0.897411227226
204532,0.578988015652
204533,0.567124009132
204534,0.924149751663
204536,0.681749045849
204538,0.841930985451
204539,0.44448941946
204540,0.835071086884
204541,0.725590705872
204543,0.961408674717
204545,0.723470687866
204546,0.757747888565
204548,0.846424281597
204550,0.966444432735
204552,0.739671826363
204553,0.941728532314
204554,0.843769609928
204556,0.738847672939
204561,0.918911218643
204564,0.825626254082
204566,0.893041372299
204567,0.737401843071
204569,0.96250474453
204570,0.847867786884
204573,0.780522227287
204575,0.856265962124
204578,0.829290270805
204579,0.992819368839
204581,0.85916852951
204582,0.973202884197
204583,0.946521162987
204587,0.982402384281
204588,0.470224201679
204589,0.458906501532
204591,0.917328059673
204592,0.827193260193
204598,0.605378687382
204599,0.537203073502
204600,0.636669456959
204601,0.881573319435
204603,0.985628128052
204604,0.52585619688
204607,0.597854673862
204608,0.679804623127
204609,0.450826793909
204610,0.806537985802
204613,0.984935820103
204615,0.920552074909
204616,0.923003733158
204618,0.991111040115
204622,0.935394108295
204627,0.6959182024
204628,0.929828763008
204630,0.937283456326
204633,0.936756253242
204636,0.665827810764
204637,0.816323578358
204641,0.936277806759
204642,0.645700633526
204644,0.883529424667
204645,0.918845295906
204649,0.945865929127
204650,0.914428114891
204652,0.841543614864
204653,0.736757040024
204654,0.846861422062
204656,0.985873818398
204657,0.977644145489
204658,0.803369760513
204661,0.957837998867
204662,0.896129310131
204663,0.962356448174
204666,0.984260261059
204670,0.855365216732
204671,0.769871294498
204675,0.407413899899
204676,0.294322699308
204677,0.550783574581
204678,0.682634711266
204679,0.371354103088
204680,0.890584409237
204683,0.90764683485
204684,0.789279401302
204685,0.553333818913
204688,0.710323035717
204689,0.976402401924
204695,0.797635138035
204696,0.584510922432
204700,0.856442093849
204701,0.881928145885
204704,0.986616611481
204708,0.983070135117
204710,0.900858342648
204711,0.912244260311
204712,0.559161186218
204714,0.841557741165
204717,0.882361650467
204718,0.883745908737
204720,0.903999865055
204721,0.943903446198
204722,0.718013048172
204723,0.705671906471
204725,0.45074903965
204726,0.830192923546
204727,0.959660589695
204728,0.977324306965
204730,0.961506426334
204734,0.595959484577
204735,0.736438274384
204736,0.827230036259
204737,0.631981194019
204739,0.974919736385
204740,0.96084946394
204743,0.732285499573
204744,0.957817196846
204745,0.606238126755
204747,0.952465355396
204748,0.975246965885
204749,0.905551612377
204753,0.956017911434
204755,0.984051048756
204758,0.846270859241
204760,0.825067639351
204761,0.959371268749
204763,0.879892468452
204765,0.55702573061
204767,0.957305729389
204769,0.800180315971
204772,0.641129910946
204773,0.295892089605
204774,0.863973855972
204779,0.897243440151
204780,0.697749137878
204787,0.76993906498
204791,0.539010643959
204792,0.853597104549
204795,0.963493168354
204798,0.45119702816
204799,0.613971710205
204801,0.686969816685
204802,0.950177490711
204806,0.805866539478
204808,0.899352312088
204809,0.941530644894
204811,0.731396317482
204812,0.862760722637
204813,0.642736971378
204814,0.831145703793
204816,0.854325890541
204817,0.880807042122
204819,0.466682732105
204820,0.563757181168
204824,0.734789907932
204825,0.791307508945
204826,0.575437605381
204827,0.855421245098
204829,0.927123010159
204831,0.893584728241
204833,0.949982106686
204834,0.883258759975
204836,0.90290504694
204837,0.526192069054
204838,0.785957992077
204845,0.668164670467
204846,0.916290938854
204847,0.836120307446
204848,0.810421407223
204850,0.987230718136
204851,0.756551146507
204859,0.134071528912
204862,0.431064397097
204865,0.665461659431
204866,0.75995028019
204869,0.970041692257
204870,0.920622706413
204874,0.931693553925
204875,0.947962164879
204877,0.951602697372
204880,0.819622278214
204882,0.963378429413
204883,0.961075603962
204887,0.885715126991
204891,0.428462475538
204892,0.932450056076
204893,0.859668731689
204894,0.7544272542
204895,0.404314726591
204899,0.742669224739
204901,0.777457535267
204902,0.808238446712
204904,0.983441352844
204905,0.790861666203
204908,0.487046480179
204911,0.95131111145
204912,0.864555299282
204913,0.898877978325
204914,0.707114696503
204915,0.908082008362
204916,0.608404874802
204924,0.768100202084
204930,0.965885043144
204931,0.9060780406
204932,0.867757916451
204933,0.562132000923
204934,0.917025566101
204935,0.886989355087
204936,0.638006746769
204937,0.734260082245
204939,0.847183346748
204940,0.944199681282
204941,0.788459479809
204942,0.8956553936
204943,0.83133149147
204944,0.930850028992
204946,0.468369752169
204948,0.348731547594
204949,0.972892165184
204954,0.908025681973
204955,0.918716967106
204958,0.690270423889
204962,0.711302161217
204963,0.942126095295
204966,0.972862839699
204970,0.8439027071
204975,0.915255904198
204977,0.712126731873
204978,0.914427042007
204979,0.787531673908
204984,0.846402823925
204988,0.930131614208
204991,0.863870978355
204993,0.662949502468
204994,0.804811656475
204996,0.731240034103
204998,0.910557746887
205001,0.694672763348
205003,0.471974462271
205006,0.560247242451
205007,0.713534295559
205008,0.659581065178
205013,0.521380662918
205015,0.948315143585
205016,0.972485542297
205017,0.931439757347
205020,0.503737568855
205023,0.56150496006
205024,0.695894658566
205026,0.903070449829
205027,0.736860454082
205028,0.927459001541
205030,0.967644155025
205032,0.968669831753
205036,0.964103519917
205039,0.946059048176
205040,0.501521706581
205044,0.716009199619
205046,0.954445242882
205047,0.919070184231
205048,0.672284066677
205050,0.920167148113
205056,0.637468338013
205057,0.931406676769
205058,0.876989662647
205060,0.663068175316
205061,0.938290953636
205062,0.89186835289
205064,0.471933245659
205065,0.66914409399
205066,0.945834517479
205067,0.665359318256
205071,0.863162815571
205073,0.68967461586
205074,0.826735973358
205076,0.916342735291
205078,0.667928397655
205081,0.565581798553
205085,0.894934535027
205087,0.44418489933
205088,0.688623428345
205090,0.983032345772
205091,0.811527490616
205095,0.906608462334
205096,0.986488044262
205101,0.736000061035
205102,0.967205286026
205103,0.905669510365
205104,0.7082041502
205106,0.9746504426
205108,0.71866863966
205109,0.734215974808
205111,0.984127342701
205113,0.844477832317
205114,0.623470246792
205115,0.46415117383
205116,0.756329298019
205118,0.765809774399
205119,0.970638334751
205120,0.387034326792
205122,0.6522128582
205123,0.870380222797
205124,0.973622500896
205125,0.827898204327
205131,0.891386449337
205136,0.455067753792
205140,0.301877111197
205142,0.73973017931
205143,0.877275466919
205146,0.336341947317
205149,0.52283424139
205150,0.9282091856
205154,0.973492026329
205157,0.704625725746
205158,0.912230908871
205160,0.722773909569
205161,0.988563895226
205162,0.802726328373
205163,0.848618209362
205169,0.133032053709
205171,0.915890574455
205173,0.517342150211
205176,0.97381746769
205178,0.437727600336
205180,0.686361968517
205181,0.931096017361
205182,0.760900318623
205183,0.863004386425
205184,0.673278272152
205185,0.167345315218
205187,0.860497832298
205188,0.874939024448
205195,0.640768647194
205196,0.675127744675
205198,0.978962123394
205199,0.680430412292
205200,0.625919759274
205201,0.654061377048
205202,0.959141671658
205203,0.905498445034
205204,0.976732432842
205207,0.957617759705
205209,0.202094048262
205211,0.855502307415
205213,0.802136838436
205214,0.330682635307
205219,0.699891090393
205220,0.700161993504
205221,0.746801257133
205224,0.785193026066
205225,0.433026969433
205229,0.8089453578
205230,0.926069319248
205231,0.901380777359
205233,0.6459608078
205235,0.412953823805
205241,0.728045225143
205243,0.853289067745
205244,0.932123482227
205246,0.853529930115
205248,0.959272623062
205249,0.702143728733
205250,0.80531424284
205252,0.443787038326
205253,0.645996272564
205254,0.713140785694
205255,0.981415092945
205257,0.86711359024
205258,0.462853372097
205259,0.756704509258
205260,0.870023667812
205261,0.92972266674
205264,0.738046824932
205270,0.975796341896
205271,0.970619142056
205274,0.916723668575
205278,0.946587562561
205279,0.532283842564
205281,0.826566040516
205282,0.511039733887
205283,0.831804454327
205285,0.939396083355
205291,0.612975776196
205293,0.607953429222
205299,0.930600821972
205300,0.791444540024
205301,0.94848293066
205302,0.619620919228
205303,0.977744519711
205304,0.789043307304
205305,0.71612739563
205307,0.917361855507
205308,0.561607956886
205309,0.922224521637
205310,0.971329689026
205313,0.868068635464
205317,0.884512126446
205321,0.984344124794
205323,0.977520167828
205326,0.451255083084
205328,0.937679767609
205330,0.647368609905
205331,0.74810397625
205336,0.693781733513
205339,0.955088019371
205341,0.832560896873
205343,0.678919613361
205344,0.0664948448539
205349,0.966794729233
205350,0.288600057364
205351,0.947614848614
205352,0.603324830532
205355,0.956134974957
205356,0.609142303467
205358,0.651893138885
205360,0.855324864388
205361,0.989076852798
205363,0.823846995831
205364,0.126265525818
205367,0.777003109455
205368,0.85655605793
205369,0.854085385799
205372,0.788013875484
205376,0.863917589188
205378,0.578470170498
205379,0.816513299942
205380,0.078830473125
205383,0.831332743168
205385,0.302702188492
205386,0.279967159033
205389,0.928628444672
205390,0.948141694069
205393,0.904271066189
205394,0.863626301289
205396,0.741967558861
205398,0.835973203182
205399,0.981787443161
205400,0.944097340107
205402,0.631412625313
205405,0.730933964252
205406,0.929532527924
205411,0.652275979519
205415,0.960166156292
205416,0.866615653038
205417,0.62138658762
205419,0.587545692921
205421,0.781847774982
205422,0.704131126404
205423,0.792195141315
205424,0.727334856987
205426,0.964924395084
205428,0.658658742905
205436,0.868846952915
205437,0.977148532867
205441,0.800816118717
205442,0.800497353077
205445,0.595451772213
205446,0.934788942337
205447,0.829786241055
205451,0.699327468872
205453,0.970106601715
205454,0.814530432224
205456,0.448642581701
205460,0.728126704693
205461,0.870247066021
205463,0.665863454342
205468,0.900895655155
205469,0.983533322811
205471,0.931301414967
205472,0.884866535664
205473,0.664497554302
205476,0.770837008953
205479,0.949244558811
205482,0.96934479475
205483,0.893300414085
205486,0.868747293949
205487,0.7105884552
205489,0.796821534634
205490,0.979063808918
205494,0.830401241779
205497,0.861938595772
205499,0.638867735863
205502,0.616720497608
205503,0.874385714531
205504,0.899468719959
205506,0.472935110331
205508,0.761347532272
205510,0.78944849968
205514,0.704118669033
205517,0.843510568142
205521,0.312596172094
205522,0.916385948658
205525,0.538965284824
205526,0.987478852272
205527,0.652178347111
205528,0.785829842091
205533,0.743733286858
205534,0.980557858944
205536,0.570231318474
205537,0.330693155527
205538,0.549266695976
205539,0.972256183624
205542,0.651522219181
205543,0.748957335949
205544,0.906847596169
205545,0.896355867386
205550,0.192824706435
205551,0.82987165451
205553,0.957240223885
205554,0.182487443089
205555,0.683848261833
205562,0.775845587254
205563,0.913361608982
205565,0.580360710621
205566,0.575859308243
205567,0.250994950533
205568,0.874228060246
205570,0.879397332668
205571,0.831632196903
205572,0.989568889141
205574,0.965756237507
205575,0.951510608196
205581,0.844664990902
205585,0.839112758636
205587,0.867270112038
205588,0.977964758873
205589,0.471178263426
205590,0.788464128971
205591,0.860452830791
205592,0.83658605814
205593,0.942993164062
205596,0.830263853073
205597,0.834167599678
205598,0.71197283268
205599,0.874761879444
205600,0.457845151424
205601,0.779891371727
205602,0.891336381435
205603,0.87050974369
205604,0.85583293438
205608,0.926231503487
205609,0.641830503941
205611,0.515970468521
205612,0.822477519512
205613,0.763852775097
205615,0.962386369705
205616,0.690133452415
205617,0.839679896832
205619,0.940793931484
205621,0.558071494102
205626,0.784475922585
205628,0.864420711994
205630,0.809811711311
205631,0.818434655666
205632,0.837566196918
205633,0.783936023712
205635,0.055681437254
205637,0.864478051662
205639,0.845844328403
205640,0.968355476856
205641,0.812434196472
205642,0.930531263351
205643,0.600028991699
205644,0.648565948009
205646,0.662786304951
205648,0.691324710846
205655,0.802715420723
205656,0.935116529465
205657,0.827145278454
205659,0.677417814732
205661,0.707440316677
205662,0.782859265804
205664,0.967768549919
205665,0.700940907001
205666,0.932891070843
205667,0.144644394517
205668,0.833799779415
205669,0.51352584362
205676,0.971916019917
205677,0.683085560799
205678,0.765430808067
205679,0.812264561653
205681,0.524969577789
205682,0.781991243362
205684,0.962546050549
205686,0.955035746098
205688,0.654107689857
205690,0.413453936577
205692,0.640679657459
205694,0.931433022022
205698,0.779518067837
205700,0.747953593731
205702,0.71610891819
205704,0.818781018257
205705,0.627514898777
205709,0.962728738785
205710,0.980791211128
205711,0.929386198521
205714,0.541771113873
205715,0.563978075981
205717,0.827830970287
205718,0.865459918976
205719,0.56200838089
205720,0.977830469608
205721,0.946294784546
205722,0.594999969006
205724,0.793708562851
205726,0.833392322063
205727,0.984749138355
205729,0.978784024715
205730,0.675944149494
205738,0.838356971741
205739,0.977641761303
205741,0.977441012859
205743,0.770944178104
205745,0.691421151161
205747,0.693428218365
205748,0.725615441799
205749,0.567449688911
205751,0.815098583698
205753,0.953146398067
205756,0.704815208912
205760,0.510975837708
205761,0.786304235458
205762,0.820662438869
205765,0.422669500113
205767,0.86936545372
205772,0.950249314308
205773,0.843040585518
205776,0.670135259628
205779,0.723110079765
205780,0.904336214066
205781,0.103247910738
205783,0.910253405571
205788,0.949282288551
205793,0.828973889351
205794,0.812704324722
205795,0.918437719345
205797,0.732284247875
205800,0.972507655621
205802,0.943390011787
205808,0.480109751225
205811,0.673226833344
205812,0.587611615658
205814,0.0709784030914
205815,0.853650808334
205816,0.550806701183
205817,0.45060390234
205819,0.983823657036
205820,0.832261800766
205822,0.90447551012
205827,0.910642147064
205828,0.47553357482
205831,0.988572120667
205832,0.966093838215
205833,0.952356219292
205834,0.820446074009
205836,0.297751843929
205838,0.521492362022
205839,0.936734974384
205844,0.968518078327
205848,0.965574800968
205849,0.717932522297
205850,0.980868160725
205851,0.706635832787
205852,0.859757661819
205853,0.747436404228
205855,0.643994510174
205856,0.98051148653
205858,0.959816277027
205859,0.991366446018
205860,0.925991714001
205862,0.795611083508
205864,0.878408133984
205866,0.95954233408
205867,0.809665799141
205868,0.990402579308
205869,0.982715845108
205871,0.810255527496
205874,0.846680164337
205875,0.856131911278
205876,0.932295143604
205877,0.952959299088
205878,0.503615140915
205879,0.771777570248
205881,0.985709905624
205882,0.983130037785
205883,0.920273303986
205884,0.925032794476
205886,0.761598169804
205888,0.800842404366
205889,0.892061948776
205891,0.760506570339
205893,0.840691924095
205897,0.407142043114
205898,0.462384223938
205900,0.988751828671
205901,0.682762503624
205903,0.927634298801
205904,0.777520120144
205907,0.770755410194
205908,0.838663816452
205910,0.585799098015
205911,0.670297861099
205912,0.703502893448
205913,0.756753146648
205914,0.916604459286
205915,0.943518817425
205917,0.656328678131
205918,0.908065259457
205920,0.825739741325
205921,0.74729770422
205923,0.959277570248
205930,0.931065618992
205932,0.58430659771
205933,0.969065606594
205935,0.133268535137
205936,0.746986031532
205938,0.121658347547
205940,0.984527885914
205941,0.737850725651
205942,0.972557842731
205946,0.900360047817
205947,0.93705624342
205948,0.808303058147
205949,0.871312737465
205951,0.824125111103
205953,0.849613428116
205954,0.905897676945
205956,0.693579792976
205957,0.850744664669
205959,0.95070451498
205960,0.713949680328
205963,0.400165766478
205965,0.906931638718
205966,0.882222771645
205970,0.902353644371
205972,0.746981859207
205973,0.993119239807
205974,0.879404962063
205975,0.975347280502
205976,0.898887038231
205977,0.924097537994
205981,0.969988822937
205982,0.961398899555
205983,0.573993563652
205989,0.722711205482
205991,0.654139101505
205992,0.808817446232
205994,0.841784834862
205996,0.93123036623
205997,0.817787647247
205999,0.585256934166
206000,0.951198160648
206003,0.687090992928
206004,0.500642955303
206005,0.675844848156
206007,0.856051623821
206008,0.792816162109
206009,0.909824550152
206012,0.965496480465
206015,0.81443965435
206016,0.600770771503
206017,0.714617609978
206018,0.921068370342
206021,0.508392751217
206023,0.72446000576
206026,0.894592940807
206027,0.573904633522
206032,0.982816696167
206033,0.585436105728
206035,0.912739396095
206036,0.790769815445
206040,0.977291285992
206042,0.61722356081
206043,0.758444190025
206044,0.763293802738
206048,0.612157940865
206049,0.931010365486
206051,0.742670536041
206054,0.618415772915
206056,0.872321546078
206058,0.875284075737
206059,0.96818369627
206060,0.873537242413
206061,0.967544078827
206062,0.540534555912
206063,0.340851634741
206065,0.731507599354
206070,0.912214398384
206071,0.95058131218
206075,0.944148659706
206076,0.833282470703
206077,0.816249966621
206079,0.732405900955
206080,0.641236424446
206086,0.642794072628
206087,0.944424927235
206088,0.75849878788
206091,0.281525999308
206092,0.772972106934
206094,0.19299480319
206097,0.827730774879
206108,0.948333919048
206109,0.971498548985
206111,0.524192392826
206117,0.699869632721
206119,0.66575884819
206120,0.772149980068
206123,0.708524227142
206127,0.964627683163
206128,0.974571883678
206129,0.983255624771
206130,0.987531244755
206131,0.85540831089
206135,0.724474132061
206138,0.949264347553
206144,0.9756731987
206145,0.601540803909
206147,0.914864957333
206148,0.866437792778
206151,0.887708544731
206152,0.754289984703
206155,0.890358626842
206157,0.75611102581
206158,0.821367740631
206162,0.94276714325
206163,0.898477375507
206167,0.942392528057
206169,0.896396100521
206170,0.893869698048
206172,0.47753995657
206175,0.864157557487
206176,0.984018921852
206181,0.808173418045
206183,0.659106791019
206184,0.923171341419
206185,0.685451209545
206191,0.913650691509
206193,0.537528574467
206194,0.946307301521
206196,0.909530878067
206199,0.958356559277
206202,0.963403761387
206203,0.777924120426
206205,0.98789525032
206206,0.808648586273
206207,0.872408211231
206209,0.941798627377
206213,0.340789854527
206217,0.285834699869
206219,0.370509117842
206220,0.969925045967
206221,0.956105947495
206224,0.78341460228
206226,0.77058583498
206228,0.806917071342
206229,0.968600034714
206231,0.913933575153
206232,0.722068667412
206233,0.928462028503
206234,0.828386425972
206235,0.651418566704
206236,0.960770785809
206237,0.261423200369
206239,0.96035194397
206241,0.968926608562
206242,0.875536203384
206243,0.639472186565
206244,0.743578255177
206245,0.765058398247
206247,0.970537722111
206248,0.747620582581
206249,0.53837954998
206251,0.863956928253
206253,0.988477349281
206255,0.437039315701
206256,0.649370491505
206257,0.861846089363
206258,0.971640884876
206260,0.806356728077
206264,0.691528439522
206265,0.508102357388
206266,0.934742450714
206272,0.947495758533
206273,0.373636603355
206274,0.971560060978
206275,0.923852980137
206277,0.810115933418
206278,0.659968435764
206281,0.687963306904
206282,0.759244978428
206283,0.897432565689
206285,0.973206520081
206287,0.949637949467
206288,0.917074501514
206289,0.470745831728
206291,0.547289550304
206295,0.880184948444
206296,0.931994140148
206298,0.832988977432
206299,0.964791595936
206302,0.467820227146
206305,0.667262434959
206306,0.83733779192
206308,0.887921929359
206312,0.970818519592
206313,0.378587961197
206315,0.883261024952
206317,0.662293016911
206319,0.652963638306
206321,0.675764501095
206325,0.326440244913
206327,0.823649704456
206330,0.568030357361
206332,0.982752680779
206333,0.849031031132
206334,0.737788498402
206336,0.96228569746
206337,0.916340589523
206338,0.781100749969
206339,0.537873804569
206343,0.828047156334
206346,0.77384018898
206349,0.45755597949
206350,0.985016822815
206352,0.978872656822
206353,0.852239012718
206355,0.774813473225
206356,0.919863820076
206357,0.807022213936
206359,0.807742238045
206360,0.938615679741
206361,0.887394547462
206364,0.614033460617
206367,0.84964120388
206369,0.624454796314
206370,0.705993771553
206371,0.967912018299
206374,0.980721950531
206376,0.753584563732
206377,0.766249656677
206378,0.857323944569
206380,0.788641691208
206381,0.803984284401
206382,0.792358756065
206383,0.832082390785
206386,0.966482579708
206387,0.802532970905
206388,0.496626645327
206392,0.686040818691
206394,0.750376701355
206395,0.0776715576649
206396,0.906801462173
206400,0.644550681114
206401,0.942181587219
206402,0.980394601822
206404,0.606140911579
206405,0.647909641266
206408,0.84204429388
206410,0.96239554882
206411,0.842254638672
206412,0.553095579147
206413,0.917782783508
206414,0.832587003708
206417,0.936769843102
206420,0.575092852116
206421,0.41619604826
206422,0.740498960018
206431,0.987137556076
206436,0.919553637505
206437,0.938154280186
206438,0.939527511597
206439,0.833222806454
206440,0.939677476883
206444,0.4723726511
206450,0.662474870682
206452,0.837190449238
206454,0.641377449036
206456,0.781581044197
206457,0.265296906233
206459,0.897954463959
206461,0.734171390533
206462,0.943435192108
206464,0.903420686722
206469,0.935905694962
206470,0.674122214317
206471,0.72964900732
206472,0.820974946022
206473,0.708189725876
206477,0.304700344801
206478,0.815495550632
206483,0.542082607746
206484,0.98831987381
206486,0.553736686707
206487,0.908464848995
206490,0.569496929646
206492,0.932203233242
206493,0.900931656361
206494,0.19997702539
206496,0.873087048531
206497,0.495493859053
206501,0.633160233498
206502,0.915557801723
206503,0.957116782665
206504,0.910942018032
206506,0.853128194809
206509,0.91116297245
206510,0.944125413895
206511,0.630209803581
206512,0.929021596909
206514,0.731055021286
206516,0.791518509388
206517,0.506117165089
206518,0.974192976952
206519,0.958586752415
206524,0.982119739056
206526,0.686893224716
206527,0.750874042511
206528,0.575930833817
206529,0.695785939693
206530,0.577930808067
206532,0.597990214825
206535,0.78961622715
206538,0.726854920387
206541,0.940677165985
206544,0.252251327038
206546,0.711846470833
206547,0.690306067467
206548,0.428123980761
206549,0.875125408173
206551,0.303413629532
206556,0.933253824711
206557,0.772651493549
206560,0.502749085426
206561,0.733569502831
206563,0.594628274441
206566,0.986419260502
206567,0.961327135563
206569,0.96861320734
206571,0.646058559418
206572,0.855292320251
206574,0.95797765255
206575,0.888482272625
206579,0.5459420681
206580,0.891894936562
206581,0.902804672718
206583,0.470080703497
206584,0.916790544987
206585,0.684676706791
206587,0.792063415051
206588,0.973526120186
206590,0.887996196747
206591,0.771519780159
206592,0.67638117075
206596,0.950273931026
206597,0.953387081623
206598,0.924139559269
206599,0.905913114548
206601,0.0837400779128
206602,0.961844861507
206606,0.593758225441
206614,0.776115238667
206615,0.914947867393
206619,0.888188362122
206620,0.299767464399
206622,0.924563467503
206625,0.863969027996
206628,0.475810945034
206632,0.89024066925
206633,0.913020014763
206634,0.737912535667
206636,0.853948354721
206637,0.787887632847
206638,0.659239411354
206640,0.94854170084
206642,0.989557445049
206647,0.92417216301
206648,0.753961086273
206649,0.782867848873
206651,0.734636843204
206652,0.580216825008
206653,0.828649580479
206658,0.982201516628
206659,0.947391629219
206660,0.921966195107
206663,0.536214351654
206664,0.496282279491
206666,0.734304249287
206669,0.763056397438
206670,0.674555659294
206673,0.643582165241
206676,0.467374533415
206677,0.8559435606
206678,0.739320456982
206681,0.893031179905
206683,0.875287890434
206684,0.45485791564
206685,0.764756441116
206688,0.836246788502
206689,0.888033330441
206692,0.96042329073
206693,0.706116676331
206695,0.554296433926
206697,0.599268496037
206698,0.835787951946
206700,0.871015012264
206703,0.908081293106
206705,0.55511868
206706,0.971047759056
206707,0.980754971504
206709,0.839828968048
206712,0.889136016369
206713,0.125544980168
206714,0.743630766869
206715,0.802059948444
206725,0.9827491045
206730,0.864448189735
206732,0.789112627506
206733,0.876846134663
206734,0.951279819012
206735,0.668721139431
206737,0.714019596577
206740,0.337886303663
206745,0.715167343616
206748,0.759552419186
206750,0.750333964825
206753,0.978843986988
206754,0.972378730774
206755,0.750341176987
206756,0.917123436928
206759,0.776771724224
206761,0.819165229797
206762,0.946604669094
206764,0.806352972984
206765,0.984199523926
206768,0.411010682583
206769,0.884629607201
206770,0.705998957157
206773,0.673999488354
206774,0.817497014999
206778,0.937098026276
206780,0.739547669888
206784,0.91137868166
206789,0.597031414509
206790,0.963482201099
206792,0.831690371037
206793,0.954436659813
206795,0.983890354633
206796,0.741423070431
206797,0.880072951317
206799,0.463768154383
206800,0.935950934887
206802,0.808528602123
206804,0.932805716991
206806,0.340474277735
206807,0.297787606716
206814,0.804601252079
206820,0.636468946934
206821,0.960342049599
206822,0.741146147251
206823,0.886221945286
206828,0.916075229645
206830,0.958522558212
206831,0.993369579315
206832,0.977447986603
206833,0.964797019958
206836,0.814706206322
206837,0.796112895012
206838,0.932071268559
206840,0.837914049625
206841,0.883075892925
206842,0.141654357314
206847,0.872769832611
206848,0.774211227894
206849,0.787395000458
206850,0.973437130451
206852,0.951434075832
206853,0.744323611259
206856,0.726633548737
206857,0.933911502361
206858,0.747550606728
206860,0.953974723816
206862,0.801211118698
206863,0.927670419216
206864,0.705455362797
206865,0.779858589172
206866,0.917287230492
206867,0.732958436012
206868,0.628370046616
206871,0.874178469181
206872,0.858285665512
206875,0.800361931324
206876,0.961853027344
206878,0.878239870071
206881,0.69433259964
206882,0.681235313416
206891,0.839620471001
206893,0.813787341118
206894,0.929175138474
206895,0.921886324883
206899,0.712434113026
206901,0.949000239372
206902,0.951163113117
206903,0.938322603703
206908,0.921149492264
206910,0.500877082348
206911,0.673431515694
206912,0.958502113819
206913,0.982767343521
206914,0.602707445621
206918,0.866974592209
206920,0.987308084965
206925,0.793629527092
206929,0.961781799793
206931,0.494548797607
206932,0.886748671532
206933,0.968471288681
206934,0.743839979172
206938,0.785808801651
206939,0.171848595142
206941,0.919580757618
206943,0.906086802483
206944,0.728610694408
206945,0.690297961235
206947,0.786350727081
206948,0.956318080425
206949,0.839751183987
206952,0.901764273643
206953,0.913458704948
206954,0.950162231922
206955,0.799568116665
206972,0.730460882187
206973,0.872848987579
206974,0.983155846596
206978,0.983796238899
206981,0.585205316544
206982,0.720669746399
206983,0.755094587803
206985,0.914885520935
206987,0.831717610359
206990,0.690881311893
206991,0.748991131783
206992,0.986180484295
206993,0.783296465874
206994,0.907375752926
206997,0.928941130638
206998,0.74647295475
207006,0.913438558578
207008,0.778759539127
207011,0.920662105083
207014,0.416859298944
207015,0.396797388792
207018,0.961418390274
207019,0.75118380785
207021,0.336777836084
207022,0.492193311453
207024,0.873382925987
207025,0.491867661476
207027,0.795938611031
207028,0.774210453033
207030,0.641904056072
207036,0.820271492004
207038,0.163652613759
207042,0.196982711554
207044,0.805769741535
207045,0.886445999146
207047,0.755510210991
207048,0.616696476936
207049,0.501063764095
207050,0.95559155941
207053,0.638404786587
207055,0.440156310797
207058,0.915434598923
207059,0.0500412844121
207060,0.532976806164
207062,0.518560767174
207065,0.705251097679
207067,0.954726934433
207073,0.700317025185
207076,0.988837480545
207079,0.945979118347
207084,0.878488838673
207085,0.983333170414
207086,0.53824788332
207089,0.621923089027
207090,0.756573975086
207093,0.689535558224
207095,0.983051419258
207097,0.880572378635
207099,0.601981699467
207100,0.51734650135
207101,0.452677875757
207102,0.927065014839
207104,0.729750692844
207105,0.887869775295
207106,0.953205764294
207107,0.970464646816
207109,0.891521334648
207110,0.731026828289
207111,0.932823896408
207112,0.908008337021
207113,0.714649856091
207115,0.908962547779
207116,0.972180366516
207118,0.536855578423
207119,0.85566431284
207127,0.810094594955
207130,0.934740781784
207131,0.833718419075
207136,0.746366858482
207140,0.219370111823
207142,0.860368728638
207144,0.688982665539
207146,0.833998262882
207147,0.463017880917
207148,0.863548696041
207150,0.986535489559
207151,0.960670590401
207152,0.773320615292
207153,0.893084526062
207155,0.783849537373
207157,0.702232599258
207158,0.66931283474
207164,0.803420424461
207165,0.978764653206
207166,0.805448055267
207167,0.773192346096
207169,0.916301190853
207172,0.804329037666
207177,0.744615972042
207179,0.794756650925
207180,0.663991987705
207181,0.671394050121
207182,0.988045871258
207185,0.79923337698
207187,0.946554899216
207188,0.946564376354
207189,0.932584643364
207192,0.776483118534
207194,0.839413583279
207196,0.85369592905
207198,0.975261569023
207199,0.779113173485
207202,0.682673752308
207204,0.844995558262
207205,0.962110221386
207207,0.779318094254
207210,0.575297117233
207211,0.465746581554
207212,0.490119665861
207213,0.697197318077
207219,0.935782849789
207225,0.884760141373
207226,0.91371101141
207229,0.740568637848
207231,0.942249953747
207233,0.80687469244
207236,0.954791069031
207237,0.823041260242
207238,0.64171731472
207241,0.912397503853
207243,0.965685665607
207246,0.585559308529
207248,0.868088662624
207250,0.529369294643
207251,0.974552750587
207252,0.966815650463
207257,0.977500677109
207258,0.913347899914
207259,0.947430551052
207261,0.741430342197
207263,0.624454200268
207265,0.841279327869
207266,0.355195909739
207268,0.842506825924
207271,0.913202404976
207276,0.567683577538
207277,0.758161902428
207279,0.878514230251
207281,0.978073954582
207282,0.744530320168
207284,0.84495562315
207286,0.746520280838
207287,0.746496677399
207289,0.713194310665
207291,0.761762499809
207293,0.493982434273
207294,0.512793660164
207296,0.782274603844
207299,0.935597121716
207302,0.668162167072
207304,0.954878866673
207305,0.407860070467
207306,0.894299328327
207308,0.923643231392
207309,0.874377310276
207311,0.302400708199
207316,0.481746703386
207317,0.93344438076
207318,0.994471549988
207319,0.405258208513
207320,0.980270385742
207322,0.94186091423
207324,0.960430145264
207325,0.139951631427
207332,0.597466289997
207334,0.625570178032
207336,0.592466294765
207337,0.626550912857
207339,0.450531005859
207340,0.955670714378
207341,0.748453915119
207344,0.734526574612
207345,0.811738014221
207346,0.809511959553
207347,0.797603487968
207350,0.77570939064
207352,0.526824176311
207353,0.884156882763
207356,0.588261246681
207357,0.538442373276
207358,0.991917669773
207361,0.603292882442
207364,0.565504670143
207368,0.512253463268
207371,0.627956569195
207373,0.87737840414
207374,0.651412129402
207375,0.66933786869
207376,0.968750119209
207377,0.888993144035
207378,0.583377182484
207379,0.827183306217
207380,0.796589255333
207381,0.819869816303
207383,0.601857423782
207386,0.952220797539
207387,0.739775717258
207389,0.841338813305
207390,0.740929245949
207392,0.784998893738
207394,0.930943787098
207396,0.874413669109
207400,0.514211833477
207408,0.794898867607
207410,0.939645826817
207411,0.368964493275
207412,0.958752632141
207413,0.812473356724
207414,0.868414402008
207418,0.963083684444
207419,0.560615062714
207422,0.899453282356
207427,0.771901845932
207428,0.862859129906
207429,0.238849401474
207430,0.750979185104
207432,0.886560797691
207434,0.620616912842
207437,0.568765044212
207438,0.377070486546
207439,0.734440684319
207440,0.824399113655
207441,0.90676009655
207442,0.631865382195
207452,0.664200484753
207454,0.545007526875
207455,0.811038374901
207459,0.407080262899
207460,0.480261087418
207462,0.908814847469
207463,0.711774170399
207470,0.670201063156
207472,0.952198386192
207474,0.805358827114
207476,0.823146522045
207478,0.764264047146
207484,0.84885263443
207485,0.378144264221
207486,0.911249279976
207487,0.745227754116
207489,0.741727054119
207491,0.97761964798
207492,0.859290242195
207493,0.68374723196
207494,0.689546883106
207504,0.61611789465
207511,0.976205170155
207513,0.860754430294
207514,0.828359663486
207515,0.754977285862
207517,0.573253273964
207518,0.80282574892
207519,0.541641116142
207521,0.281161665916
207522,0.744670927525
207525,0.931583046913
207528,0.92016261816
207529,0.796280801296
207532,0.843975901604
207533,0.307913124561
207534,0.869865596294
207536,0.726417183876
207537,0.938457429409
207541,0.757299482822
207544,0.919506907463
207546,0.895625054836
207549,0.895828723907
207550,0.415124386549
207551,0.720587730408
207552,0.816109955311
207553,0.358322501183
207554,0.682851195335
207555,0.797129809856
207558,0.897900283337
207559,0.883483588696
207562,0.569548845291
207566,0.89324504137
207567,0.580653190613
207569,0.25019299984
207573,0.888330221176
207574,0.580859601498
207575,0.840146064758
207577,0.858693361282
207578,0.963529586792
207580,0.893185794353
207583,0.909242212772
207585,0.882125914097
207587,0.92043620348
207592,0.905651092529
207593,0.932590663433
207594,0.952941715717
207596,0.759574711323
207597,0.585064232349
207598,0.920291185379
207601,0.777597844601
207602,0.751914322376
207604,0.531771123409
207605,0.62390679121
207606,0.846138715744
207608,0.967730820179
207610,0.746337115765
207612,0.521152079105
207614,0.921622693539
207615,0.951173007488
207617,0.90200650692
207618,0.984349429607
207619,0.401460915804
207620,0.840341389179
207621,0.890841841698
207627,0.89099419117
207631,0.853713989258
207632,0.639119446278
207635,0.925011456013
207636,0.61743503809
207639,0.774422049522
207640,0.768853604794
207641,0.980964481831
207646,0.64974629879
207648,0.878855407238
207650,0.626943647861
207652,0.618080377579
207655,0.725236356258
207657,0.858079731464
207658,0.531443953514
207661,0.0681856051087
207662,0.865892410278
207665,0.686923921108
207666,0.714818358421
207668,0.760412991047
207669,0.872083127499
207671,0.987223744392
207673,0.969455122948
207674,0.835839629173
207676,0.881383955479
207677,0.406799048185
207679,0.881332874298
207680,0.694815099239
207684,0.790667235851
207685,0.816403925419
207686,0.138746976852
207687,0.707238078117
207689,0.844592452049
207691,0.81596750021
207693,0.860123217106
207694,0.728605091572
207696,0.558696448803
207701,0.919129252434
207704,0.71137791872
207706,0.785805583
207709,0.742265284061
207711,0.78083974123
207713,0.58854842186
207714,0.818290472031
207717,0.988842248917
207718,0.786529064178
207722,0.953181147575
207723,0.906407952309
207724,0.914079666138
207725,0.902814626694
207726,0.660447001457
207730,0.747926592827
207732,0.594855129719
207735,0.877194941044
207737,0.676370620728
207739,0.829760491848
207741,0.3303591609
207743,0.861195743084
207747,0.810317695141
207751,0.970064759254
207753,0.569653332233
207754,0.826940059662
207757,0.879656255245
207762,0.952764332294
207763,0.645533144474
207764,0.826003789902
207765,0.893433570862
207770,0.97405153513
207772,0.82603520155
207773,0.904857099056
207774,0.736504137516
207776,0.773587167263
207781,0.683961987495
207783,0.780631482601
207785,0.657013714314
207786,0.970854818821
207788,0.924871742725
207793,0.818576335907
207795,0.833850443363
207796,0.893727898598
207797,0.797616362572
207798,0.963148891926
207799,0.580082297325
207802,0.925660729408
207804,0.940827906132
207805,0.883275449276
207807,0.769728243351
207809,0.986962616444
207812,0.724678039551
207813,0.794906318188
207818,0.564489066601
207819,0.561071336269
207822,0.909096121788
207823,0.616582274437
207824,0.920265078545
207825,0.814882695675
207826,0.743256032467
207831,0.837546467781
207834,0.941518604755
207836,0.4364156425
207837,0.889341533184
207839,0.913925945759
207840,0.989626169205
207841,0.775990247726
207844,0.932790696621
207847,0.863622248173
207851,0.93466925621
207854,0.589279592037
207856,0.859023213387
207859,0.631454527378
207863,0.930610835552
207868,0.964944958687
207869,0.713452160358
207872,0.920137465
207876,0.799533247948
207877,0.788439512253
207880,0.858919501305
207882,0.961576879025
207888,0.40740826726
207889,0.927913069725
207891,0.416036039591
207892,0.86381483078
207894,0.940754711628
207897,0.036020193249
207899,0.537988126278
207900,0.886874496937
207901,0.872455954552
207903,0.0939617007971
207906,0.367363989353
207908,0.522269427776
207911,0.861839175224
207912,0.557841777802
207916,0.836736798286
207917,0.84894567728
207920,0.801549732685
207921,0.74060946703
207923,0.798430800438
207924,0.549098312855
207925,0.987302422523
207926,0.742362618446
207927,0.921689629555
207928,0.695969700813
207930,0.134526908398
207933,0.802493691444
207935,0.500436484814
207936,0.80510610342
207937,0.815507411957
207938,0.916479170322
207941,0.27928802371
207943,0.983556866646
207944,0.883150279522
207947,0.92571079731
207948,0.972823560238
207949,0.947301745415
207951,0.777556478977
207953,0.86549270153
207954,0.878902077675
207955,0.886647820473
207958,0.614332854748
207960,0.354260891676
207961,0.630744099617
207963,0.926486909389
207965,0.6126562953
207970,0.421881943941
207971,0.629582345486
207973,0.879422843456
207976,0.886861681938
207978,0.956732451916
207979,0.760441303253
207980,0.552077353001
207982,0.66579502821
207983,0.667565584183
207984,0.994104802608
207985,0.705002009869
207986,0.906975209713
207988,0.744686603546
207989,0.756056725979
207991,0.991335630417
207992,0.686524748802
207993,0.91962736845
207995,0.968327760696
207997,0.782850563526
208000,0.874777853489
208008,0.623378396034
208009,0.959802210331
208012,0.991443812847
208013,0.937179744244
208014,0.848144948483
208017,0.428444623947
208019,0.714944005013
208020,0.860080718994
208021,0.621750891209
208022,0.610099732876
208024,0.774824202061
208025,0.853930354118
208028,0.859778285027
208031,0.588726878166
208032,0.87535816431
208034,0.746811389923
208035,0.915248632431
208041,0.631657719612
208042,0.957143962383
208043,0.951487958431
208045,0.872042298317
208046,0.578130185604
208049,0.817308783531
208050,0.785509169102
208054,0.926690161228
208058,0.521005690098
208059,0.799440443516
208060,0.987777411938
208061,0.958235383034
208062,0.816813111305
208063,0.767961025238
208067,0.966162025928
208069,0.986805915833
208070,0.651259481907
208072,0.788444280624
208074,0.947958409786
208075,0.335220813751
208077,0.978432774544
208078,0.921875715256
208081,0.968244493008
208083,0.678022146225
208087,0.984527766705
208089,0.96769630909
208091,0.411309599876
208093,0.720552206039
208097,0.985864639282
208098,0.789748668671
208099,0.63180577755
208100,0.661426067352
208101,0.691371798515
208102,0.743850708008
208107,0.815701246262
208109,0.840191721916
208110,0.616476356983
208111,0.520349979401
208112,0.8276450634
208113,0.98075312376
208115,0.899383723736
208117,0.978481471539
208118,0.689493715763
208119,0.967014372349
208122,0.920000493526
208128,0.930022358894
208132,0.87837356329
208133,0.762387394905
208134,0.58513379097
208135,0.966317594051
208142,0.810632646084
208143,0.836615085602
208144,0.920664727688
208145,0.626064181328
208151,0.741654872894
208153,0.716233849525
208154,0.933103203773
208155,0.958668828011
208156,0.588990211487
208157,0.807213068008
208158,0.980264663696
208159,0.904324412346
208162,0.864943802357
208163,0.900454282761
208165,0.524359166622
208166,0.58392983675
208168,0.841879010201
208169,0.807969868183
208171,0.842213749886
208175,0.785262405872
208177,0.772379696369
208179,0.982223153114
208180,0.826213121414
208181,0.718321859837
208183,0.757915496826
208185,0.932167291641
208186,0.558951675892
208187,0.0891411602497
208188,0.613761723042
208193,0.987104415894
208195,0.410463899374
208197,0.761192679405
208198,0.603760957718
208199,0.948972761631
208200,0.500135064125
208201,0.066065132618
208203,0.914697051048
208206,0.827661693096
208207,0.721650838852
208208,0.876549720764
208211,0.611945807934
208213,0.93978613615
208214,0.915037512779
208216,0.939712643623
208217,0.53875619173
208218,0.496646761894
208220,0.758291721344
208222,0.93613409996
208226,0.799003899097
208228,0.974686145782
208229,0.710623383522
208231,0.780880153179
208235,0.88094162941
208238,0.978411853313
208241,0.719504475594
208242,0.948638379574
208244,0.447259426117
208245,0.796524882317
208246,0.670590519905
208247,0.819325685501
208248,0.746971905231
208250,0.696189641953
208252,0.687548577785
208254,0.97698622942
208255,0.719819366932
208256,0.935025274754
208257,0.790970981121
208260,0.713794350624
208262,0.675459861755
208263,0.96342498064
208265,0.869973301888
208267,0.981571376324
208269,0.85538393259
208271,0.866695702076
208272,0.820859670639
208276,0.975909531116
208277,0.763938307762
208278,0.956229031086
208279,0.74728423357
208285,0.694134771824
208286,0.767699360847
208290,0.586510181427
208297,0.653668582439
208298,0.682353138924
208300,0.276476472616
208301,0.62489759922
208302,0.949206233025
208304,0.82962501049
208307,0.794725954533
208308,0.747070968151
208312,0.776499092579
208313,0.952107965946
208314,0.581798315048
208317,0.982034564018
208318,0.851433217525
208321,0.908482611179
208322,0.7017608881
208323,0.104704022408
208325,0.936653733253
208326,0.968567728996
208327,0.34182587266
208329,0.822477221489
208331,0.738588213921
208332,0.830877959728
208333,0.77718681097
208335,0.854584753513
208337,0.938823640347
208339,0.743096351624
208340,0.968424677849
208341,0.909353017807
208343,0.78404456377
208347,0.8233756423
208348,0.882688045502
208350,0.724468827248
208352,0.905001580715
208353,0.317661017179
208355,0.94939905405
208356,0.94277536869
208358,0.976328551769
208361,0.796607792377
208362,0.86534768343
208369,0.734066307545
208370,0.737102091312
208373,0.690836906433
208375,0.778183400631
208376,0.606361150742
208380,0.762652218342
208382,0.98657554388
208384,0.950287520885
208386,0.741638302803
208388,0.654465556145
208389,0.975790321827
208390,0.763538837433
208393,0.893813550472
208395,0.909749209881
208398,0.726098716259
208399,0.972857177258
208400,0.526657581329
208403,0.974610030651
208404,0.781200170517
208408,0.755743443966
208409,0.689443767071
208410,0.801735579967
208412,0.987845003605
208415,0.0324055552483
208416,0.351948022842
208417,0.917987942696
208418,0.980754137039
208422,0.737976312637
208424,0.85576748848
208425,0.917204856873
208428,0.776242315769
208430,0.476916909218
208432,0.941832482815
208435,0.693218827248
208436,0.450556814671
208437,0.904278278351
208441,0.889004468918
208442,0.976192414761
208443,0.68012958765
208444,0.858342587948
208446,0.863013982773
208449,0.789982736111
208451,0.342229694128
208455,0.994153797626
208456,0.953077316284
208457,0.116385176778
208461,0.889854431152
208462,0.948408722878
208464,0.763297557831
208465,0.952102541924
208468,0.902771890163
208470,0.943377375603
208473,0.83062171936
208475,0.74337553978
208477,0.747981548309
208479,0.337681263685
208481,0.855362355709
208482,0.957058131695
208486,0.966510415077
208487,0.834282279015
208491,0.920483767986
208492,0.983992993832
208493,0.805802047253
208495,0.602049529552
208497,0.913625717163
208498,0.927902936935
208501,0.959925234318
208502,0.375544548035
208503,0.701388061047
208505,0.978069186211
208506,0.975256145
208508,0.874503016472
208510,0.527790367603
208512,0.87420976162
208513,0.546040117741
208514,0.340579658747
208515,0.323188453913
208516,0.84571325779
208519,0.969031155109
208521,0.928911089897
208522,0.127468332648
208525,0.838001489639
208529,0.749765276909
208530,0.657819807529
208531,0.979908883572
208532,0.829282343388
208533,0.973558425903
208534,0.957970559597
208535,0.648537993431
208536,0.834391117096
208537,0.963999390602
208538,0.852869927883
208541,0.826433300972
208542,0.585682213306
208543,0.582155585289
208544,0.896476268768
208547,0.969620168209
208548,0.699592232704
208549,0.613298118114
208551,0.648457288742
208553,0.954603970051
208554,0.666045665741
208556,0.69362527132
208557,0.775372564793
208558,0.81800699234
208559,0.863930046558
208560,0.917316496372
208562,0.81839120388
208563,0.909180045128
208565,0.370261192322
208569,0.816550970078
208572,0.413015723228
208573,0.781471908092
208574,0.98134791851
208576,0.955845594406
208580,0.671226620674
208582,0.651859402657
208583,0.817237913609
208584,0.383345603943
208586,0.618952810764
208588,0.0295353326946
208591,0.941676855087
208592,0.393597871065
208594,0.312510371208
208598,0.958872199059
208599,0.710636854172
208600,0.992672204971
208603,0.970014870167
208604,0.901578068733
208606,0.9098995924
208608,0.986926734447
208611,0.573873102665
208612,0.611923217773
208615,0.848411560059
208616,0.825823366642
208620,0.96136713028
208623,0.774075686932
208624,0.97829324007
208627,0.992454767227
208628,0.935148119926
208629,0.97074753046
208631,0.533254802227
208635,0.987915277481
208638,0.984976768494
208644,0.901501178741
208645,0.876668691635
208646,0.812289178371
208650,0.640327036381
208652,0.917278707027
208654,0.137465506792
208656,0.751120090485
208658,0.347679615021
208660,0.634314417839
208666,0.652176558971
208668,0.891543149948
208671,0.594162046909
208673,0.765531122684
208675,0.483766943216
208678,0.386194437742
208680,0.852089047432
208681,0.722360312939
208685,0.296150416136
208686,0.501511156559
208689,0.931388556957
208690,0.78193718195
208692,0.967201888561
208693,0.724992215633
208696,0.799695193768
208701,0.768679559231
208702,0.655745446682
208703,0.655962228775
208704,0.84988373518
208705,0.15295791626
208707,0.594232738018
208708,0.984999358654
208711,0.772019028664
208717,0.696712315083
208722,0.558799386024
208725,0.768675386906
208728,0.68416851759
208730,0.874052584171
208733,0.819978713989
208734,0.54581785202
208735,0.822604179382
208736,0.848560869694
208737,0.917908132076
208739,0.72085505724
208741,0.89358407259
208742,0.936822891235
208744,0.980869531631
208746,0.869665563107
208748,0.96128231287
208749,0.897584557533
208751,0.554200530052
208753,0.741770148277
208754,0.905465900898
208756,0.984505355358
208761,0.673045039177
208762,0.462743759155
208764,0.757407605648
208766,0.872693121433
208769,0.797084331512
208770,0.637980401516
208771,0.928679525852
208775,0.56954228878
208776,0.522219777107
208777,0.816928505898
208778,0.750294148922
208781,0.673269569874
208782,0.913462340832
208784,0.938254594803
208785,0.728950679302
208786,0.809444129467
208788,0.481592535973
208789,0.43353959918
208791,0.858388245106
208794,0.79149723053
208795,0.700112760067
208797,0.796662151814
208800,0.95480465889
208801,0.949281394482
208807,0.534510195255
208808,0.634339392185
208811,0.859845399857
208812,0.768646419048
208815,0.735887646675
208816,0.494265347719
208818,0.63041394949
208819,0.693863749504
208824,0.228368222713
208826,0.693818092346
208827,0.807270526886
208829,0.94823217392
208834,0.75246655941
208835,0.921511530876
208836,0.946256220341
208837,0.961062908173
208840,0.981629252434
208844,0.962106347084
208847,0.783933997154
208848,0.833241283894
208849,0.546859443188
208850,0.703349769115
208852,0.837180972099
208853,0.770725131035
208862,0.953311800957
208863,0.987255454063
208867,0.917235374451
208870,0.824224472046
208871,0.885235846043
208872,0.487064003944
208873,0.93937587738
208877,0.880386412144
208879,0.54275983572
208880,0.99095749855
208881,0.742613732815
208886,0.893814384937
208887,0.7635217309
208889,0.917507350445
208891,0.852421820164
208892,0.788641214371
208894,0.963483572006
208897,0.470092564821
208899,0.725678324699
208904,0.895549654961
208905,0.922212362289
208907,0.845843732357
208909,0.690033853054
208913,0.885161280632
208917,0.974953114986
208921,0.983540832996
208923,0.738830804825
208928,0.44355276227
208931,0.475178927183
208935,0.966050863266
208938,0.234014078975
208941,0.952649354935
208942,0.947895169258
208943,0.962091982365
208945,0.628646969795
208949,0.943562269211
208950,0.867716729641
208951,0.966374576092
208953,0.430871427059
208955,0.790036737919
208960,0.697393298149
208961,0.880306303501
208962,0.917072832584
208963,0.928041398525
208964,0.558819770813
208965,0.530754208565
208967,0.631057739258
208968,0.513728439808
208969,0.838506221771
208970,0.607737421989
208972,0.916720330715
208973,0.941894352436
208974,0.205749869347
208976,0.935419380665
208977,0.828638792038
208978,0.225402414799
208981,0.854624807835
208983,0.944103717804
208984,0.781001031399
208985,0.882715165615
208986,0.690169751644
208991,0.985020160675
208992,0.860835015774
208993,0.952851355076
209000,0.653179526329
209001,0.580715239048
209002,0.955208659172
209003,0.763385295868
209004,0.982837200165
209005,0.856361329556
209006,0.862878084183
209007,0.846096038818
209008,0.756974756718
209009,0.913529217243
209014,0.43243893981
209015,0.349231511354
209018,0.498668402433
209020,0.736112058163
209022,0.806974351406
209023,0.808369994164
209026,0.58375364542
209027,0.603652894497
209028,0.889775514603
209029,0.910579323769
209030,0.852809846401
209031,0.331035524607
209032,0.82024282217
209033,0.967566132545
209035,0.666431725025
209037,0.762929737568
209038,0.956903219223
209039,0.808378517628
209040,0.799098372459
209041,0.513918459415
209042,0.361764669418
209043,0.979232192039
209045,0.826155006886
209052,0.985127270222
209054,0.81200748682
209055,0.842340171337
209058,0.245710775256
209059,0.894570946693
209060,0.866125762463
209062,0.796798467636
209065,0.855142176151
209068,0.103125028312
209069,0.96256428957
209072,0.752425312996
209073,0.514405369759
209077,0.805274486542
209080,0.720729708672
209081,0.853244304657
209091,0.590666651726
209092,0.64703720808
209097,0.727748990059
209100,0.752468824387
209102,0.976464450359
209106,0.799890637398
209109,0.90854126215
209110,0.962957382202
209111,0.958732664585
209112,0.98197054863
209113,0.48077994585
209114,0.942246556282
209117,0.117988280952
209122,0.94712215662
209123,0.879718840122
209126,0.88579928875
209127,0.911620736122
209129,0.895106256008
209130,0.759449660778
209131,0.724637448788
209132,0.720928549767
209134,0.934738397598
209135,0.788443982601
209136,0.913556039333
209137,0.752192556858
209141,0.807433307171
209142,0.743992745876
209144,0.693409740925
209146,0.714873433113
209147,0.66255992651
209148,0.92590123415
209149,0.602041780949
209151,0.934850394726
209153,0.370752900839
209155,0.975051641464
209157,0.789875090122
209158,0.264833539724
209159,0.0431211479008
209160,0.936225950718
209161,0.896193146706
209169,0.721043348312
209172,0.978551566601
209176,0.941769480705
209177,0.680497348309
209179,0.942474901676
209180,0.819445133209
209183,0.908951282501
209184,0.951723635197
209185,0.832107424736
209186,0.64110916853
209188,0.894695818424
209189,0.926527202129
209190,0.958755135536
209192,0.751602232456
209195,0.841710805893
209196,0.858893811703
209197,0.525485038757
209199,0.783979415894
209202,0.972406566143
209205,0.516824543476
209206,0.881147801876
209208,0.875835239887
209213,0.931808412075
209214,0.367632567883
209215,0.987929582596
209220,0.88324379921
209221,0.970520555973
209224,0.784434616566
209226,0.371668130159
209228,0.830110669136
209229,0.793915450573
209231,0.890599250793
209233,0.782383143902
209234,0.982330799103
209235,0.872480094433
209237,0.90511071682
209238,0.868975579739
209242,0.781288862228
209243,0.760926544666
209244,0.876792252064
209247,0.972675561905
209248,0.882723331451
209249,0.669583261013
209254,0.565735459328
209256,0.539285957813
209257,0.770150661469
209259,0.852505862713
209260,0.73644310236
209261,0.935600042343
209262,0.824473142624
209263,0.783713936806
209265,0.970245182514
209267,0.972360312939
209268,0.937986254692
209271,0.717936515808
209272,0.804014980793
209273,0.945005834103
209275,0.600051105022
209277,0.860925972462
209278,0.891923725605
209279,0.400031983852
209284,0.902033567429
209286,0.958051204681
209287,0.913645744324
209290,0.830031037331
209292,0.868982434273
209293,0.985884487629
209295,0.79830956459
209297,0.839946746826
209298,0.990688681602
209302,0.78426617384
209303,0.256092846394
209306,0.754424273968
209307,0.900301992893
209313,0.897312819958
209315,0.871470153332
209317,0.860485076904
209323,0.938894152641
209325,0.839849472046
209326,0.802583217621
209327,0.966782808304
209328,0.764359295368
209329,0.70236748457
209330,0.568612396717
209331,0.926336407661
209335,0.878532767296
209338,0.557249426842
209339,0.844407737255
209340,0.753436386585
209344,0.821649193764
209346,0.948817431927
209347,0.590521037579
209348,0.664860963821
209349,0.773531258106
209350,0.96757042408
209354,0.845857143402
209355,0.963700592518
209356,0.25060069561
209357,0.925196051598
209360,0.5122179389
209361,0.750106811523
209362,0.816721260548
209363,0.864541113377
209364,0.770253062248
209370,0.870942652225
209372,0.753295361996
209374,0.772958278656
209375,0.805842995644
209378,0.709786057472
209380,0.955699265003
209383,0.962749183178
209384,0.724453210831
209386,0.701843559742
209388,0.955971181393
209389,0.64846098423
209393,0.670718789101
209395,0.823808968067
209396,0.760022580624
209397,0.988168418407
209399,0.954446136951
209401,0.963147461414
209402,0.925736665726
209404,0.914386451244
209408,0.91896122694
209410,0.869778752327
209411,0.985821306705
209412,0.987556815147
209413,0.980788886547
209414,0.915400326252
209415,0.852369070053
209417,0.83255982399
209418,0.608251154423
209421,0.685871779919
209423,0.765670001507
209425,0.974871695042
209426,0.762119054794
209428,0.720417976379
209430,0.711737930775
209431,0.785359859467
209432,0.720199048519
209436,0.558984875679
209440,0.566897511482
209441,0.953210711479
209448,0.0771832764149
209449,0.930396556854
209453,0.818832874298
209455,0.842853248119
209457,0.56357473135
209458,0.6136739254
209461,0.0572674795985
209463,0.720189213753
209464,0.975281298161
209468,0.892712116241
209472,0.889349877834
209473,0.960215210915
209474,0.770286917686
209476,0.890334784985
209477,0.552400231361
209478,0.836009323597
209479,0.797757208347
209481,0.894861698151
209483,0.826303899288
209485,0.275625944138
209486,0.816330552101
209487,0.911454379559
209488,0.960238039494
209490,0.760645270348
209495,0.980266869068
209496,0.554358005524
209502,0.802673220634
209504,0.966847419739
209505,0.922790944576
209506,0.777946949005
209507,0.890982210636
209510,0.818946957588
209512,0.842168986797
209513,0.880172967911
209515,0.562132716179
209516,0.984346389771
209517,0.901046931744
209518,0.832511246204
209521,0.968137800694
209522,0.689269781113
209527,0.805254638195
209528,0.866089165211
209531,0.815395057201
209532,0.767757534981
209533,0.80506914854
209534,0.152547389269
209536,0.985086083412
209543,0.812474727631
209544,0.851530969143
209545,0.606694042683
209550,0.90306609869
209551,0.970008015633
209553,0.831252336502
209554,0.870492875576
209555,0.849556982517
209556,0.43528431654
209558,0.98329782486
209561,0.570245027542
209565,0.978764533997
209566,0.855992794037
209568,0.743815243244
209570,0.685055077076
209571,0.980043053627
209573,0.983739793301
209574,0.665458798409
209575,0.848782062531
209576,0.855844974518
209578,0.752272307873
209579,0.815122187138
209583,0.495708882809
209584,0.699310183525
209585,0.81717813015
209586,0.69236266613
209587,0.873633980751
209589,0.81852042675
209591,0.794970989227
209592,0.924503982067
209593,0.790004551411
209596,0.702979326248
209597,0.951262891293
209598,0.971310794353
209600,0.931510388851
209601,0.870871603489
209602,0.848759293556
209603,0.818246841431
209612,0.8346799016
209613,0.771483540535
209614,0.74649721384
209615,0.960604250431
209616,0.958698511124
209620,0.786185503006
209621,0.936610639095
209626,0.906510293484
209629,0.773730695248
209630,0.962159991264
209632,0.985804736614
209635,0.886840581894
209637,0.742472171783
209642,0.887960016727
209643,0.99382609129
209645,0.920650541782
209646,0.942420065403
209649,0.497676134109
209651,0.505432546139
209652,0.929808139801
209653,0.868408739567
209656,0.900248885155
209659,0.88166809082
209660,0.945479393005
209661,0.740031003952
209665,0.796519398689
209666,0.916124939919
209669,0.696685314178
209670,0.674862682819
209671,0.155136197805
209672,0.70545655489
209673,0.526866734028
209675,0.367718309164
209678,0.607457756996
209680,0.669852435589
209681,0.586794376373
209682,0.891165137291
209683,0.640581488609
209686,0.625043094158
209687,0.921486139297
209688,0.287125945091
209689,0.86393558979
209691,0.819857001305
209693,0.567774116993
209694,0.78117865324
209702,0.819246590137
209704,0.877301514149
209709,0.975228250027
209710,0.82373458147
209714,0.876098096371
209718,0.943096458912
209719,0.984251797199
209722,0.855767011642
209723,0.565592706203
209724,0.709447979927
209726,0.872820496559
209727,0.862625956535
209728,0.963921606541
209729,0.921892642975
209730,0.397159069777
209731,0.952966213226
209732,0.90419960022
209733,0.85759216547
209735,0.903116285801
209737,0.108198061585
209738,0.693985998631
209739,0.977519392967
209741,0.987588584423
209743,0.772414445877
209744,0.672210037708
209749,0.981672465801
209751,0.83484005928
209752,0.764749526978
209753,0.393391728401
209755,0.161225125194
209757,0.75171905756
209759,0.759930312634
209760,0.808580577374
209762,0.954585373402
209764,0.804214119911
209765,0.722766876221
209767,0.81791305542
209768,0.936989545822
209770,0.903079628944
209771,0.59910774231
209772,0.838267922401
209773,0.781402170658
209774,0.624006688595
209775,0.988788187504
209776,0.900649189949
209777,0.910383522511
209778,0.729559659958
209779,0.69639390707
209781,0.803449809551
209785,0.938523113728
209786,0.652481257915
209788,0.930103600025
209790,0.888010025024
209791,0.738094210625
209792,0.816196024418
209794,0.808000445366
209799,0.992754042149
209800,0.505719959736
209802,0.913054704666
209803,0.939463853836
209805,0.899876773357
209806,0.599827051163
209808,0.976050198078
209809,0.889693915844
209810,0.94222432375
209811,0.651099026203
209812,0.973169803619
209813,0.902573645115
209815,0.66173774004
209816,0.976999223232
209819,0.899393081665
209822,0.980642914772
209824,0.942511200905
209826,0.0822114571929
209827,0.965469360352
209831,0.775927484035
209834,0.550804197788
209837,0.912726104259
209839,0.0586307682097
209842,0.934199929237
209847,0.909553945065
209848,0.973653018475
209849,0.962300598621
209853,0.928825139999
209854,0.90914952755
209855,0.751391351223
209856,0.428094685078
209857,0.670284152031
209858,0.754732251167
209860,0.720664143562
209861,0.894489765167
209862,0.963346660137
209863,0.841810524464
209866,0.46023491025
209869,0.984352767467
209873,0.86320656538
209876,0.467635273933
209877,0.799833893776
209878,0.333703845739
209879,0.952709078789
209880,0.877676308155
209882,0.882502317429
209884,0.976173222065
209887,0.400115013123
209889,0.634775042534
209890,0.647050857544
209892,0.881464242935
209893,0.722221672535
209898,0.179836854339
209899,0.985308110714
209903,0.986503481865
209906,0.681558489799
209908,0.894100666046
209911,0.834697604179
209914,0.840001344681
209916,0.72704488039
209918,0.489058822393
209920,0.680681586266
209921,0.486305981874
209922,0.381920456886
209923,0.905586183071
209925,0.695189774036
209927,0.749356687069
209928,0.926115334034
209930,0.590722858906
209933,0.645333230495
209935,0.946623682976
209936,0.798094511032
209937,0.988806605339
209939,0.76588511467
209941,0.34379029274
209942,0.861476123333
209944,0.882363736629
209945,0.612301588058
209948,0.697339594364
209949,0.576814830303
209951,0.843672275543
209952,0.982765853405
209953,0.72633010149
209954,0.788883328438
209956,0.483348608017
209957,0.647860705853
209961,0.798707127571
209964,0.984746694565
209965,0.878628790379
209966,0.836497664452
209967,0.776920199394
209970,0.898683667183
209971,0.931750535965
209973,0.88274794817
209976,0.988545835018
209977,0.472517877817
209979,0.486101001501
209980,0.986980736256
209981,0.580050170422
209986,0.571962177753
209987,0.882190823555
209989,0.850647270679
209997,0.750558853149
209998,0.932491004467
210000,0.964531421661
210001,0.660911560059
210002,0.898558497429
210003,0.858400285244
210005,0.967717289925
210006,0.799281179905
210007,0.839776337147
210009,0.931124031544
210010,0.935248851776
210013,0.768538475037
210025,0.120389923453
210026,0.687612831593
210030,0.507232785225
210033,0.781717538834
210034,0.78341448307
210037,0.910946846008
210040,0.81150251627
210045,0.69260931015
210050,0.883775770664
210052,0.858567774296
210053,0.768124103546
210058,0.828548014164
210060,0.698753654957
210062,0.877030670643
210063,0.872978746891
210064,0.571925759315
210065,0.831205427647
210066,0.710823953152
210070,0.888383686543
210071,0.76228761673
210072,0.742013037205
210075,0.268233448267
210078,0.603820919991
210079,0.676268815994
210080,0.761570870876
210085,0.68932390213
210086,0.317740082741
210087,0.644185185432
210094,0.314710080624
210097,0.760992884636
210098,0.818575143814
210099,0.909985840321
210100,0.37890547514
210101,0.938102602959
210103,0.736151456833
210104,0.847467184067
210106,0.843307077885
210108,0.89773696661
210111,0.918519496918
210117,0.964676737785
210118,0.899456739426
210119,0.759404063225
210122,0.830711424351
210126,0.962686777115
210127,0.817433834076
210130,0.772307097912
210132,0.512667298317
210133,0.98400580883
210134,0.618157804012
210136,0.554639518261
210139,0.316178500652
210141,0.905892133713
210142,0.932587742805
210143,0.83582174778
210146,0.647485136986
210147,0.986797988415
210152,0.9182959795
210158,0.631395876408
210159,0.958013534546
210162,0.95874530077
210163,0.87491774559
210166,0.443971186876
210167,0.744840621948
210168,0.828624606133
210169,0.443582683802
210174,0.80519425869
210176,0.911469638348
210177,0.871272861958
210178,0.631836414337
210181,0.628865003586
210183,0.544843614101
210185,0.980584263802
210186,0.95151913166
210187,0.960108458996
210189,0.730016171932
210190,0.879327833652
210191,0.882044553757
210192,0.806663393974
210193,0.850018501282
210195,0.88625985384
210196,0.965974867344
210199,0.909716248512
210202,0.434580624104
210204,0.692157745361
210207,0.692965745926
210209,0.975254058838
210210,0.729563832283
210213,0.406827688217
210214,0.936852276325
210215,0.718260407448
210217,0.901817381382
210218,0.973474621773
210219,0.400580912828
210220,0.795129776001
210221,0.902126073837
210222,0.846195459366
210225,0.925736367702
210226,0.659845292568
210227,0.633664011955
210232,0.794421434402
210234,0.876599252224
210235,0.954112231731
210236,0.884864926338
210237,0.973394870758
210238,0.931052207947
210239,0.685622274876
210241,0.932836294174
210242,0.848809421062
210243,0.824663877487
210244,0.972094833851
210245,0.509049892426
210246,0.819513261318
210248,0.817546069622
210249,0.715252518654
210250,0.233031541109
210253,0.981250107288
210256,0.981375217438
210259,0.718234300613
210263,0.903126478195
210265,0.668957471848
210266,0.586635947227
210270,0.912171959877
210274,0.750317215919
210277,0.635883808136
210281,0.912496626377
210282,0.899580419064
210283,0.620933532715
210284,0.958281993866
210285,0.431726306677
210287,0.97907602787
210288,0.646696388721
210289,0.807863950729
210290,0.86988568306
210291,0.410719037056
210293,0.840542078018
210294,0.924635350704
210295,0.730746507645
210297,0.810510754585
210298,0.981259047985
210299,0.834704816341
210301,0.939052939415
210304,0.755088984966
210306,0.505583822727
210309,0.666440308094
210310,0.934574604034
210311,0.828076124191
210313,0.659074723721
210314,0.542866826057
210315,0.847064256668
210317,0.800178170204
210318,0.976143836975
210321,0.672228991985
210324,0.881557822227
210325,0.934672474861
210327,0.896732330322
210331,0.978785634041
210333,0.888402104378
210335,0.960968017578
210336,0.978580832481
210337,0.573145270348
210339,0.963753283024
210340,0.985665440559
210341,0.929382860661
210342,0.88068562746
210347,0.734121084213
210348,0.981741726398
210349,0.986597001553
210350,0.886817336082
210358,0.656038999557
210360,0.504343688488
210363,0.934939563274
210364,0.453147321939
210366,0.482904314995
210367,0.690046131611
210369,0.395863384008
210370,0.665550351143
210372,0.943529129028
210373,0.869665384293
210375,0.984650611877
210379,0.865355670452
210382,0.757951021194
210383,0.38645234704
210386,0.321005135775
210387,0.935588300228
210388,0.518793344498
210389,0.688695192337
210390,0.462949156761
210391,0.356425702572
210393,0.576779603958
210398,0.960512161255
210400,0.850674390793
210401,0.802469670773
210403,0.988122880459
210404,0.608346402645
210405,0.930457770824
210409,0.577146410942
210411,0.671301186085
210412,0.903004646301
210413,0.957505822182
210419,0.930633842945
210421,0.701838493347
210423,0.985621511936
210424,0.978766798973
210427,0.760067284107
210430,0.66737216711
210432,0.724765658379
210437,0.918277561665
210438,0.960041463375
210439,0.977418243885
210444,0.695346415043
210446,0.686876952648
210447,0.706295788288
210448,0.722719550133
210449,0.988394021988
210452,0.734891474247
210453,0.781295180321
210455,0.522973299026
210458,0.97709852457
210459,0.952946841717
210464,0.639563500881
210466,0.794850647449
210468,0.883032381535
210470,0.561405479908
210473,0.896367788315
210475,0.974714338779
210477,0.894389331341
210478,0.832571387291
210479,0.986475646496
210482,0.966122508049
210483,0.714739382267
210484,0.921949863434
210486,0.948798894882
210487,0.662282407284
210488,0.807904183865
210490,0.854980885983
210492,0.967987954617
210494,0.944219529629
210495,0.751358568668
210498,0.899337291718
210499,0.888558387756
210500,0.895379662514
210502,0.664276361465
210505,0.641277849674
210509,0.98208963871
210510,0.979953050613
210514,0.786678135395
210515,0.754679083824
210518,0.949477791786
210525,0.75387942791
210527,0.731477439404
210530,0.578763246536
210531,0.713856637478
210533,0.773253083229
210534,0.839022576809
210535,0.711727619171
210536,0.885117590427
210537,0.981982946396
210538,0.826462209225
210542,0.6820281744
210544,0.954383611679
210546,0.906772553921
210549,0.936757385731
210556,0.717578887939
210560,0.82112622261
210563,0.927020013332
210566,0.818859517574
210570,0.946974813938
210574,0.962656617165
210577,0.54650002718
210581,0.873264431953
210582,0.708960294724
210586,0.836656272411
210587,0.215175464749
210588,0.860959231853
210589,0.906596899033
210591,0.116021081805
210594,0.474763631821
210596,0.647037804127
210597,0.788177728653
210599,0.949515402317
210600,0.757223129272
210605,0.888162791729
210607,0.831873714924
210608,0.777208447456
210613,0.927824020386
210614,0.892834305763
210615,0.761444032192
210617,0.913054406643
210618,0.954112648964
210620,0.849537372589
210621,0.717349648476
210624,0.542266309261
210626,0.596665143967
210629,0.831382751465
210630,0.645559072495
210633,0.987095355988
210635,0.708680331707
210637,0.692958533764
210638,0.632550060749
210639,0.65493530035
210642,0.825486540794
210645,0.505282640457
210647,0.987414300442
210648,0.722383022308
210649,0.616421282291
210650,0.925329625607
210651,0.634644389153
210654,0.83808273077
210666,0.830547213554
210668,0.747534394264
210669,0.948906540871
210673,0.729883253574
210675,0.757654845715
210677,0.74295091629
210680,0.505193591118
210683,0.936281681061
210684,0.712092399597
210685,0.876994550228
210687,0.867410302162
210690,0.943172454834
210691,0.83818346262
210695,0.71494281292
210696,0.861276090145
210703,0.379492998123
210707,0.633668839931
210708,0.914247751236
210711,0.90207272768
210712,0.819683551788
210713,0.71906965971
210714,0.907789826393
210717,0.985636591911
210720,0.895683050156
210721,0.846266329288
210724,0.32492223382
210725,0.950554549694
210729,0.714430212975
210730,0.761409163475
210732,0.964366197586
210733,0.979801177979
210734,0.774026870728
210735,0.828556597233
210736,0.987286150455
210737,0.860846400261
210742,0.821721434593
210745,0.71342009306
210746,0.914929687977
210747,0.891227245331
210750,0.931181490421
210752,0.913668692112
210758,0.705248713493
210760,0.866700768471
210763,0.864523112774
210765,0.956835329533
210767,0.857185184956
210768,0.655032455921
210769,0.854353308678
210772,0.905089437962
210773,0.935406863689
210774,0.456991136074
210776,0.952633202076
210780,0.955600500107
210781,0.83540314436
210785,0.960793018341
210786,0.739415585995
210790,0.869928121567
210791,0.426235258579
210795,0.85795623064
210800,0.75454467535
210801,0.81283301115
210802,0.72197419405
210805,0.542536079884
210808,0.884583950043
210815,0.805297017097
210816,0.363344669342
210817,0.159393563867
210819,0.58771198988
210820,0.914853453636
210821,0.478213012218
210824,0.673869490623
210825,0.856862306595
210826,0.625421643257
210829,0.634063363075
210832,0.649786651134
210833,0.923200905323
210835,0.718223869801
210837,0.903367102146
210839,0.946769654751
210840,0.949535429478
210841,0.816952288151
210843,0.926389276981
210844,0.843768775463
210845,0.765794217587
210846,0.991944074631
210848,0.747883081436
210849,0.475061416626
210850,0.936516106129
210852,0.610501945019
210854,0.806714355946
210857,0.534576058388
210859,0.811565160751
210861,0.683477461338
210862,0.701961159706
210864,0.984644174576
210865,0.964334487915
210868,0.428146183491
210869,0.547498106956
210870,0.859540998936
210871,0.806261718273
210874,0.502066135406
210878,0.70636677742
210881,0.929360449314
210883,0.516969263554
210885,0.930761992931
210887,0.822542726994
210888,0.582666099072
210890,0.922783255577
210891,0.59177839756
210892,0.953552484512
210893,0.970002830029
210894,0.78923869133
210897,0.680474102497
210901,0.480777740479
210902,0.720812261105
210903,0.731880187988
210905,0.976059675217
210906,0.777697265148
210907,0.779821157455
210908,0.94591575861
210909,0.622562766075
210910,0.97569078207
210911,0.825951755047
210912,0.659346699715
210914,0.927387833595
210915,0.800825357437
210916,0.699215710163
210918,0.839794993401
210919,0.783054709435
210920,0.658554017544
210921,0.5287784338
210923,0.742658913136
210926,0.42385494709
210930,0.808169603348
210931,0.784132957458
210932,0.97661203146
210933,0.722287595272
210935,0.904884397984
210937,0.910443782806
210938,0.909650743008
210939,0.90864109993
210941,0.748176753521
210942,0.978598177433
210943,0.755770683289
210944,0.747093260288
210946,0.749244093895
210948,0.972412884235
210949,0.564685702324
210955,0.747905492783
210957,0.713996887207
210958,0.629191756248
210961,0.562532246113
210963,0.637597501278
210967,0.673826694489
210969,0.945475041866
210974,0.219574078918
210976,0.890236914158
210978,0.564937770367
210979,0.91317152977
210981,0.97970199585
210983,0.907365620136
210984,0.855690181255
210985,0.670125067234
210991,0.826636850834
210994,0.315574854612
210995,0.937705457211
210996,0.955170035362
210997,0.558617889881
210999,0.624486088753
211000,0.81207972765
211001,0.913565993309
211002,0.692491531372
211004,0.662425160408
211005,0.754649579525
211006,0.913435876369
211008,0.868843019009
211009,0.611247956753
211010,0.867094993591
211012,0.854591786861
211016,0.650906860828
211018,0.730979979038
211020,0.909265875816
211021,0.705599427223
211022,0.790952205658
211023,0.615431308746
211024,0.846746563911
211026,0.435110211372
211027,0.907446205616
211028,0.285029351711
211030,0.943645119667
211032,0.513570964336
211034,0.950452268124
211036,0.899082541466
211037,0.853993475437
211038,0.725411653519
211040,0.986962616444
211042,0.914691150188
211044,0.857308030128
211045,0.938278734684
211046,0.434908360243
211047,0.978919148445
211048,0.84872674942
211049,0.357111871243
211050,0.966386318207
211051,0.869773805141
211052,0.926369547844
211054,0.937345743179
211055,0.843360543251
211056,0.756046533585
211057,0.789983987808
211058,0.856635928154
211059,0.613434016705
211063,0.449509173632
211064,0.983129918575
211067,0.684876739979
211068,0.855640351772
211069,0.738725721836
211070,0.826429486275
211072,0.603305339813
211076,0.953566253185
211077,0.530795097351
211078,0.891387403011
211079,0.780041694641
211080,0.883417010307
211081,0.936161935329
211084,0.720037400723
211086,0.962555766106
211087,0.924243450165
211088,0.957287192345
211089,0.486452788115
211093,0.968103826046
211094,0.96345025301
211095,0.923580169678
211096,0.508022427559
211098,0.830179393291
211100,0.722550034523
211101,0.853731274605
211102,0.368409067392
211105,0.752186775208
211106,0.255086660385
211110,0.426113992929
211111,0.769160926342
211112,0.774464964867
211113,0.904279232025
211115,0.98154771328
211116,0.786798715591
211118,0.932474970818
211120,0.797599256039
211123,0.902769982815
211124,0.668945491314
211127,0.918395102024
211128,0.87190747261
211131,0.940549731255
211132,0.753485620022
211133,0.5202652812
211135,0.956053137779
211136,0.305876195431
211137,0.643799781799
211138,0.952839255333
211139,0.806026816368
211140,0.687223315239
211141,0.974232673645
211148,0.930834114552
211149,0.84295886755
211150,0.745262503624
211151,0.843997776508
211157,0.576124429703
211158,0.930316925049
211159,0.587400376797
211163,0.92556566
211166,0.775457084179
211168,0.859731316566
211169,0.945335686207
211170,0.74981957674
211172,0.98127245903
211175,0.757520079613
211180,0.840941131115
211183,0.876976013184
211184,0.963014900684
211186,0.828135430813
211187,0.781610071659
211191,0.558745384216
211192,0.987490594387
211193,0.822495102882
211194,0.960220813751
211196,0.701074957848
211197,0.839039683342
211199,0.91546100378
211200,0.991433978081
211201,0.485831290483
211205,0.247508272529
211206,0.900096356869
211207,0.727346777916
211208,0.754257321358
211209,0.412228435278
211210,0.596273183823
211213,0.930909633636
211214,0.723480224609
211215,0.871951818466
211218,0.957386255264
211219,0.913750112057
211220,0.45779940486
211225,0.67300671339
211227,0.525601029396
211228,0.889094293118
211229,0.0616311132908
211230,0.852051317692
211232,0.900886774063
211236,0.949184596539
211238,0.877352356911
211241,0.78195977211
211242,0.745796024799
211243,0.974301040173
211244,0.990747928619
211246,0.678340911865
211247,0.884873449802
211249,0.952533364296
211251,0.777797162533
211253,0.945277571678
211256,0.706855297089
211258,0.826834797859
211262,0.898222267628
211263,0.754348993301
211264,0.852338254452
211267,0.919798374176
211268,0.95591789484
211270,0.598931074142
211275,0.580293953419
211279,0.581511497498
211281,0.659693002701
211282,0.674889862537
211283,0.636495351791
211284,0.952056646347
211285,0.86634272337
211291,0.926647007465
211294,0.559790432453
211295,0.836773276329
211297,0.951899945736
211298,0.948333919048
211299,0.869640350342
211300,0.944947600365
211302,0.849257051945
211303,0.889940083027
211304,0.0615440756083
211308,0.840206801891
211309,0.983656048775
211310,0.880326449871
211311,0.971270859241
211312,0.926720380783
211321,0.602252066135
211322,0.871392846107
211326,0.961980879307
211328,0.690614104271
211332,0.385898590088
211335,0.650431573391
211341,0.742954969406
211342,0.844917833805
211344,0.777414977551
211345,0.741391003132
211346,0.423983901739
211347,0.830978035927
211350,0.966075778008
211352,0.974626123905
211354,0.923591732979
211355,0.85687994957
211356,0.894287467003
211357,0.993351638317
211358,0.781792938709
211362,0.84141087532
211363,0.603683233261
211364,0.952545166016
211365,0.729855239391
211366,0.913911879063
211367,0.958818137646
211368,0.924741625786
211370,0.215723022819
211371,0.810104906559
211372,0.758467912674
211374,0.87579280138
211375,0.870285689831
211378,0.980000913143
211380,0.751502156258
211383,0.847202420235
211384,0.779375195503
211385,0.924422681332
211388,0.761557281017
211390,0.41035553813
211393,0.748548746109
211394,0.919886231422
211395,0.752141833305
211396,0.806761562824
211398,0.885453164577
211401,0.75195401907
211405,0.656927108765
211409,0.659778356552
211410,0.878737926483
211411,0.38621917367
211417,0.873874783516
211418,0.837979316711
211419,0.980889379978
211423,0.921240031719
211424,0.801630198956
211425,0.944477140903
211426,0.65351909399
211427,0.465042203665
211428,0.83381664753
211429,0.85962241888
211433,0.867509543896
211439,0.932132005692
211441,0.247600480914
211442,0.79995828867
211444,0.811949491501
211445,0.900757133961
211446,0.893715620041
211447,0.96184939146
211456,0.601472198963
211457,0.552370071411
211459,0.860064506531
211460,0.78993421793
211462,0.985188126564
211467,0.890550017357
211471,0.645335137844
211472,0.7377191782
211473,0.808908462524
211475,0.923286616802
211480,0.880033433437
211481,0.510791122913
211482,0.97349780798
211484,0.860892653465
211485,0.479155600071
211486,0.882786214352
211490,0.932933628559
211493,0.895291090012
211494,0.946426928043
211495,0.617824435234
211496,0.654300153255
211497,0.788659453392
211499,0.351833641529
211502,0.824105203152
211506,0.763843297958
211507,0.90960329771
211508,0.539413094521
211510,0.807065010071
211514,0.858746170998
211516,0.788874268532
211517,0.717587649822
211518,0.966661036015
211520,0.477960258722
211522,0.757652342319
211526,0.210433363914
211527,0.525037765503
211528,0.988401949406
211530,0.687154889107
211533,0.317715704441
211536,0.971479296684
211543,0.806043863297
211550,0.870547413826
211551,0.672325313091
211558,0.639102935791
211561,0.750692248344
211562,0.688006639481
211563,0.849366545677
211565,0.720173358917
211566,0.627741158009
211567,0.968316257
211568,0.733296573162
211571,0.857836842537
211573,0.940419316292
211574,0.668878555298
211577,0.668168962002
211580,0.938337862492
211581,0.731492698193
211582,0.791854441166
211583,0.957348585129
211586,0.730407059193
211590,0.88137358427
211593,0.870545268059
211595,0.931690037251
211597,0.75402110815
211599,0.644546627998
211600,0.829017043114
211601,0.82609051466
211602,0.873690724373
211603,0.92504554987
211606,0.787633419037
211608,0.819503307343
211611,0.975742995739
211613,0.919309198856
211615,0.626515567303
211618,0.778168916702
211619,0.375973969698
211620,0.939066290855
211621,0.488167524338
211622,0.962758481503
211626,0.836455762386
211627,0.926800429821
211628,0.948594629765
211629,0.629135370255
211634,0.627144396305
211635,0.707080304623
211636,0.904892742634
211638,0.531328737736
211641,0.697014868259
211642,0.689803123474
211643,0.95123642683
211648,0.871898055077
211649,0.624592065811
211654,0.762400567532
211656,0.74012774229
211659,0.930893182755
211660,0.454332649708
211664,0.955563366413
211665,0.900419712067
211666,0.813922703266
211667,0.886830806732
211668,0.852661728859
211669,0.496902048588
211670,0.950860977173
211672,0.793861806393
211673,0.897943794727
211674,0.919811964035
211676,0.827400505543
211677,0.760554850101
211678,0.514062047005
211679,0.768833994865
211681,0.989146828651
211687,0.912146508694
211688,0.546313107014
211690,0.896668553352
211691,0.711419224739
211693,0.190530478954
211694,0.659831464291
211696,0.979019701481
211697,0.800185978413
211698,0.824555158615
211706,0.907324433327
211707,0.806180596352
211708,0.677712798119
211710,0.973862826824
211711,0.912516891956
211718,0.525370657444
211720,0.562908053398
211722,0.236936882138
211725,0.693948805332
211731,0.789958000183
211736,0.822809934616
211737,0.896630644798
211738,0.858485460281
211743,0.867152452469
211745,0.92826372385
211746,0.958762705326
211747,0.714862525463
211748,0.872409999371
211749,0.570698857307
211750,0.786854743958
211751,0.795965671539
211752,0.554916977882
211754,0.708374083042
211756,0.78905659914
211757,0.854191720486
211758,0.774371027946
211759,0.4918820858
211760,0.980525314808
211761,0.701126337051
211762,0.902752161026
211765,0.467102080584
211767,0.499722391367
211768,0.673178851604
211771,0.889305949211
211773,0.973978817463
211774,0.938682675362
211777,0.248095825315
211778,0.963536083698
211779,0.984355092049
211781,0.0874721109867
211782,0.33027997613
211783,0.838962376118
211787,0.91947644949
211789,0.574358701706
211790,0.428558975458
211792,0.836902856827
211797,0.963573396206
211798,0.780845761299
211801,0.801553606987
211803,0.875851333141
211804,0.623171687126
211805,0.5363073349
211808,0.96210950613
211809,0.264117360115
211810,0.880999982357
211811,0.907904267311
211814,0.987525820732
211817,0.870589077473
211818,0.825854241848
211824,0.501544952393
211826,0.766431570053
211827,0.979693174362
211828,0.838726878166
211833,0.802629590034
211834,0.923833429813
211835,0.774101316929
211836,0.810591340065
211839,0.739881634712
211840,0.869652211666
211841,0.718763053417
211842,0.660119175911
211843,0.922256588936
211844,0.0662268102169
211846,0.486126124859
211847,0.579769313335
211848,0.882359743118
211850,0.515419006348
211851,0.980795919895
211853,0.961489260197
211855,0.596372127533
211860,0.770986258984
211861,0.672724843025
211862,0.909213960171
211864,0.76272892952
211865,0.361583411694
211866,0.636257410049
211867,0.885461509228
211868,0.487207949162
211870,0.842229485512
211871,0.583271205425
211875,0.905202746391
211877,0.915666222572
211879,0.921415090561
211882,0.85889172554
211884,0.929014623165
211885,0.729746699333
211887,0.951174080372
211890,0.992195010185
211891,0.668006360531
211892,0.514420032501
211894,0.811065256596
211899,0.959416925907
211901,0.322234034538
211902,0.5064868927
211903,0.849797725677
211910,0.7378282547
211913,0.988459169865
211914,0.986590504646
211915,0.985347509384
211916,0.479045391083
211918,0.936654567719
211921,0.890721261501
211923,0.752708017826
211924,0.627521038055
211925,0.932140052319
211928,0.791664779186
211932,0.883156657219
211935,0.713636279106
211936,0.806277096272
211937,0.944304585457
211938,0.89946949482
211939,0.966629862785
211940,0.914605796337
211944,0.917204082012
211945,0.844426691532
211946,0.915416538715
211948,0.927052199841
211951,0.641285300255
211953,0.816513180733
211957,0.634643435478
211958,0.97151607275
211961,0.717504382133
211962,0.823929011822
211965,0.846632778645
211966,0.536068737507
211968,0.923306524754
211969,0.513582289219
211971,0.957076072693
211972,0.463515341282
211974,0.897927522659
211975,0.267360717058
211976,0.949711501598
211977,0.59808909893
211981,0.982049167156
211983,0.659630775452
211984,0.86641138792
211988,0.928883433342
211989,0.408655464649
211990,0.605817437172
211995,0.739276170731
211996,0.958099901676
211999,0.93238312006
212000,0.844683229923
212002,0.971725940704
212003,0.62914866209
212005,0.484075158834
212007,0.920003652573
212008,0.683903872967
212011,0.72837883234
212014,0.909612357616
212021,0.968969702721
212022,0.906651079655
212024,0.692970097065
212026,0.764501392841
212027,0.59576022625
212028,0.957942128181
212030,0.996323943138
212034,0.925277352333
212036,0.910929620266
212038,0.737689614296
212039,0.83682268858
212040,0.992511153221
212042,0.83299601078
212043,0.715952217579
212046,0.972237288952
212048,0.842668473721
212053,0.549905061722
212054,0.662182986736
212057,0.843995094299
212059,0.77037024498
212060,0.987638711929
212061,0.83791321516
212063,0.862715959549
212064,0.953665316105
212066,0.594988405704
212067,0.933813154697
212069,0.653082072735
212070,0.761441648006
212075,0.816341221333
212076,0.920788228512
212077,0.88438898325
212081,0.922206521034
212082,0.835574805737
212084,0.784884393215
212086,0.890489697456
212088,0.751221716404
212091,0.934317052364
212092,0.854727983475
212093,0.895755529404
212097,0.308200359344
212099,0.93874925375
212101,0.864536583424
212103,0.879141747952
212105,0.889422595501
212106,0.797696113586
212107,0.885872364044
212108,0.911270260811
212109,0.799376726151
212111,0.431539833546
212113,0.754344880581
212114,0.535032987595
212116,0.441867560148
212121,0.364547401667
212123,0.870014965534
212127,0.644293665886
212129,0.98923933506
212130,0.972203373909
212131,0.662597119808
212135,0.905613183975
212136,0.691710889339
212137,0.893148005009
212140,0.685181617737
212142,0.984137177467
212143,0.934376299381
212145,0.959990501404
212146,0.758594155312
212147,0.916575908661
212148,0.732878863811
212150,0.318425267935
212151,0.771786808968
212152,0.844143509865
212153,0.721406877041
212157,0.766585588455
212159,0.581831514835
212160,0.719691872597
212161,0.673379361629
212165,0.797309875488
212167,0.923193097115
212171,0.899373054504
212173,0.887174248695
212174,0.765720069408
212176,0.96633452177
212178,0.639757990837
212183,0.837957561016
212189,0.750908792019
212190,0.986240684986
212192,0.694292366505
212193,0.591783642769
212195,0.140047594905
212196,0.854963958263
212197,0.69678914547
212198,0.906824290752
212199,0.586890935898
212201,0.833969473839
212202,0.677277743816
212204,0.937820851803
212206,0.94850051403
212208,0.969190478325
212209,0.769765973091
212211,0.821192979813
212215,0.966851115227
212216,0.564880430698
212217,0.80580085516
212218,0.676807403564
212219,0.921722948551
212220,0.933637440205
212222,0.921366393566
212223,0.671159863472
212225,0.761611998081
212226,0.895264625549
212228,0.671770751476
212233,0.400737941265
212234,0.644026517868
212235,0.713471293449
212236,0.670595943928
212237,0.992811024189
212238,0.806714653969
212239,0.885210335255
212242,0.911616921425
212245,0.733589470387
212246,0.934022784233
212247,0.934021532536
212249,0.913064777851
212250,0.923314154148
212251,0.595742881298
212252,0.925135910511
212255,0.865148067474
212258,0.7270616889
212259,0.366131395102
212260,0.443879961967
212264,0.916832864285
212269,0.379908591509
212271,0.9191172719
212273,0.845518767834
212274,0.653421223164
212275,0.965512931347
212277,0.428146332502
212279,0.670579195023
212281,0.487502932549
212282,0.731972277164
212283,0.864644944668
212286,0.509239971638
212287,0.891306221485
212288,0.815838813782
212289,0.601832032204
212290,0.767700374126
212291,0.782820701599
212293,0.81627112627
212294,0.61736702919
212295,0.929141879082
212299,0.539118289948
212300,0.875129520893
212302,0.955574452877
212307,0.725021779537
212309,0.631699323654
212311,0.327923089266
212312,0.542666077614
212313,0.980272352695
212314,0.106054455042
212322,0.762583196163
212323,0.596532762051
212325,0.98786097765
212326,0.288380533457
212329,0.591465771198
212330,0.932211637497
212331,0.956695854664
212332,0.405522584915
212336,0.911326766014
212337,0.401453405619
212338,0.83664727211
212340,0.697234809399
212341,0.551854193211
212343,0.479493916035
212345,0.827490448952
212349,0.502752780914
212351,0.680540442467
212360,0.991828858852
212363,0.969209492207
212369,0.973544001579
212370,0.985469698906
212371,0.136099264026
212374,0.701446592808
212376,0.912117421627
212377,0.464272856712
212380,0.941856384277
212381,0.864918172359
212382,0.853509426117
212384,0.769658505917
212386,0.64170563221
212389,0.87553191185
212392,0.814944148064
212394,0.887340664864
212395,0.344959259033
212396,0.913468003273
212398,0.584762632847
212403,0.841054856777
212406,0.981188118458
212409,0.774191081524
212410,0.833674490452
212412,0.767417252064
212414,0.822704792023
212415,0.811708033085
212416,0.824333310127
212418,0.882626831532
212421,0.590616285801
212423,0.916705191135
212424,0.90201997757
212425,0.973375916481
212428,0.982535362244
212431,0.896571218967
212432,0.648474156857
212433,0.66591668129
212434,0.75629645586
212435,0.459840238094
212436,0.59607052803
212437,0.805027067661
212438,0.943447828293
212439,0.544809281826
212440,0.631349861622
212443,0.386065900326
212444,0.8032310009
212445,0.587737619877
212447,0.901008367538
212449,0.89009231329
212452,0.95666795969
212455,0.975969910622
212456,0.968517482281
212458,0.656567871571
212460,0.182363629341
212461,0.930705308914
212467,0.458923637867
212468,0.430743455887
212469,0.421540260315
212471,0.939359366894
212472,0.658434569836
212475,0.99259275198
212478,0.723791658878
212482,0.975471138954
212486,0.836481750011
212489,0.779149234295
212490,0.620043337345
212494,0.743560910225
212495,0.984810173512
212497,0.766481995583
212499,0.701610445976
212501,0.713517010212
212502,0.498209118843
212503,0.990474283695
212506,0.610094487667
212507,0.604531645775
212508,0.576310396194
212511,0.716353595257
212514,0.893702328205
212518,0.55411106348
212519,0.460498392582
212521,0.743066430092
212522,0.589011967182
212528,0.786677539349
212529,0.784849226475
212531,0.838928222656
212534,0.854479491711
212536,0.8314447999
212537,0.986738801003
212541,0.985666811466
212542,0.755771696568
212543,0.601971626282
212547,0.887772083282
212548,0.985702574253
212551,0.693914234638
212552,0.89719414711
212557,0.428667753935
212559,0.984122931957
212562,0.323119312525
212563,0.662961900234
212567,0.822901844978
212568,0.643822968006
212569,0.962455689907
212572,0.951505303383
212573,0.750138878822
212575,0.549369752407
212577,0.591518878937
212580,0.68855202198
212581,0.670452654362
212582,0.607138395309
212584,0.618518412113
212585,0.646958947182
212586,0.989911973476
212587,0.77214884758
212588,0.953980028629
212589,0.722480118275
212591,0.685436546803
212595,0.9586378932
212597,0.763657569885
212599,0.566511690617
212600,0.93189316988
212601,0.624313175678
212602,0.961141228676
212606,0.927659749985
212608,0.651037335396
212611,0.781058251858
212612,0.113459803164
212614,0.564545631409
212619,0.788080275059
212624,0.631925880909
212625,0.722353994846
212626,0.98245871067
212627,0.827037990093
212632,0.921586036682
212635,0.81335324049
212636,0.71594285965
212638,0.907082378864
212641,0.799365103245
212642,0.872874379158
212647,0.324098974466
212648,0.950185775757
212649,0.622030556202
212651,0.944565415382
212652,0.749188125134
212653,0.600444972515
212655,0.454047441483
212656,0.750991344452
212657,0.943501234055
212660,0.709338188171
212661,0.616996049881
212663,0.496024519205
212664,0.78034478426
212665,0.909216940403
212667,0.962488293648
212669,0.777392804623
212671,0.608489453793
212672,0.604696035385
212673,0.626483142376
212674,0.937054216862
212675,0.681201159954
212678,0.868663132191
212686,0.378256917
212687,0.0477551333606
212688,0.848325073719
212689,0.98736166954
212690,0.736164450645
212693,0.694620549679
212694,0.761408805847
212696,0.748696148396
212697,0.785699427128
212699,0.58312112093
212700,0.793079733849
212702,0.763887405396
212703,0.934821009636
212704,0.639422953129
212705,0.952271699905
212709,0.899912178516
212710,0.72414201498
212714,0.966531515121
212715,0.955015301704
212716,0.7853282094
212719,0.874860227108
212721,0.949236810207
212723,0.706522166729
212725,0.5810765028
212726,0.703194618225
212729,0.60262876749
212732,0.682938814163
212733,0.935854434967
212736,0.550842344761
212739,0.708956420422
212741,0.899318158627
212743,0.605076372623
212747,0.954828679562
212748,0.509005427361
212749,0.0792412683368
212750,0.632611870766
212753,0.942422568798
212754,0.966059625149
212756,0.978554666042
212757,0.549222886562
212758,0.674016475677
212762,0.816700696945
212764,0.923543155193
212766,0.935969591141
212768,0.89808100462
212769,0.785622179508
212774,0.803553104401
212776,0.965254843235
212780,0.582807302475
212782,0.714234471321
212783,0.488141834736
212784,0.916726052761
212786,0.893868565559
212787,0.87306112051
212789,0.500075101852
212790,0.688187360764
212792,0.765241503716
212794,0.903245031834
212795,0.961461544037
212796,0.900860071182
212800,0.910061359406
212804,0.99065887928
212808,0.924546957016
212811,0.527706205845
212814,0.968446731567
212815,0.623641610146
212816,0.731402039528
212820,0.718584835529
212821,0.669843196869
212823,0.927699625492
212824,0.491498410702
212826,0.838141441345
212827,0.671231389046
212830,0.969840824604
212832,0.954515099525
212833,0.937011003494
212834,0.931813359261
212836,0.722833752632
212837,0.91218572855
212838,0.715819180012
212839,0.917726039886
212840,0.896138191223
212844,0.918207705021
212849,0.884920477867
212851,0.444787710905
212853,0.658192574978
212857,0.970653057098
212858,0.934598445892
212860,0.450856238604
212861,0.674028515816
212862,0.920414805412
212863,0.989860355854
212864,0.804512321949
212866,0.905294895172
212867,0.89050924778
212871,0.354339629412
212872,0.637442708015
212873,0.980964124203
212875,0.945258319378
212877,0.971620738506
212880,0.972364485264
212881,0.826618254185
212883,0.914983391762
212885,0.755926609039
212886,0.517542600632
212890,0.992408037186
212895,0.838710069656
212896,0.924376666546
212901,0.886151790619
212902,0.222259625793
212903,0.908469438553
212906,0.640426039696
212907,0.758884012699
212908,0.948656618595
212909,0.548268735409
212910,0.981869935989
212911,0.889848411083
212912,0.958157002926
212913,0.803046762943
212914,0.860486388206
212915,0.898366749287
212916,0.828747212887
212917,0.687253594398
212918,0.907534778118
212919,0.788140356541
212921,0.836299479008
212923,0.915652871132
212928,0.890428900719
212929,0.818657815456
212931,0.754539489746
212932,0.978405952454
212933,0.934197306633
212936,0.804346323013
212937,0.71758711338
212938,0.611565411091
212939,0.736890435219
212943,0.966779470444
212944,0.834479212761
212951,0.97387188673
212953,0.929199397564
212955,0.667085647583
212956,0.951159656048
212959,0.539303421974
212963,0.801062226295
212964,0.933956742287
212965,0.818719387054
212967,0.217096462846
212969,0.711596131325
212970,0.740302145481
212972,0.964799106121
212973,0.484488368034
212978,0.744107246399
212979,0.966549992561
212980,0.895718336105
212981,0.891153872013
212983,0.978408575058
212984,0.911774277687
212985,0.899321198463
212987,0.986865341663
212988,0.532991051674
212992,0.859639644623
212994,0.862521409988
212995,0.780596733093
212999,0.88308942318
213001,0.980819284916
213004,0.771291553974
213006,0.354593366385
213008,0.796727776527
213010,0.934862911701
213012,0.125413298607
213017,0.843068063259
213018,0.843285858631
213019,0.831237494946
213021,0.663812577724
213022,0.714104175568
213023,0.335315406322
213024,0.940483629704
213025,0.791640996933
213026,0.860407710075
213029,0.929459154606
213031,0.666990399361
213035,0.624822735786
213037,0.747949540615
213039,0.531473398209
213040,0.211510285735
213044,0.934680640697
213046,0.966560423374
213047,0.636478304863
213048,0.734563469887
213049,0.714611709118
213050,0.754208624363
213054,0.688853085041
213055,0.829931914806
213058,0.753057718277
213059,0.659202814102
213060,0.61683011055
213061,0.803828716278
213063,0.780494093895
213070,0.889840185642
213071,0.646778941154
213072,0.722652196884
213073,0.947572767735
213074,0.904795408249
213075,0.976056039333
213076,0.870803594589
213078,0.832710623741
213082,0.866732299328
213083,0.74201977253
213088,0.943391740322
213089,0.992788016796
213092,0.629932641983
213095,0.951897919178
213096,0.892799198627
213098,0.387979388237
213101,0.963580131531
213102,0.918400108814
213109,0.734304428101
213112,0.972436666489
213113,0.925486803055
213114,0.60088121891
213115,0.843616783619
213118,0.560776412487
213122,0.763145327568
213123,0.798680067062
213124,0.737820386887
213125,0.943381309509
213127,0.539665937424
213129,0.754175424576
213130,0.959315538406
213132,0.683056056499
213133,0.945521056652
213135,0.737358391285
213136,0.943877160549
213139,0.939195871353
213143,0.884427785873
213144,0.830688178539
213145,0.901666879654
213147,0.976837098598
213148,0.0384849794209
213151,0.943312764168
213153,0.977221727371
213154,0.955135762691
213158,0.986516714096
213159,0.967831194401
213161,0.240962550044
213166,0.984804391861
213170,0.309454411268
213171,0.878187596798
213175,0.966516256332
213181,0.954735100269
213185,0.681568205357
213186,0.519679963589
213187,0.849843561649
213189,0.790008723736
213191,0.641183495522
213192,0.766103327274
213193,0.824221134186
213194,0.925060093403
213195,0.680122971535
213201,0.648331701756
213202,0.717058539391
213204,0.95002245903
213207,0.157578453422
213209,0.862189054489
213211,0.848271846771
213212,0.590160608292
213213,0.911381602287
213215,0.937898278236
213216,0.982375085354
213218,0.931954920292
213219,0.574327290058
213221,0.308831244707
213225,0.723821878433
213226,0.773100614548
213227,0.860579311848
213228,0.607926368713
213234,0.751964688301
213235,0.717163205147
213237,0.770510315895
213238,0.267767161131
213239,0.977295041084
213241,0.884380459785
213247,0.784318208694
213248,0.839999735355
213249,0.907773911953
213251,0.862455964088
213252,0.939081549644
213253,0.779234647751
213254,0.856943130493
213258,0.689733147621
213263,0.966916739941
213265,0.919326901436
213267,0.959260582924
213268,0.961507201195
213272,0.851415455341
213274,0.713272094727
213275,0.78815382719
213276,0.772895991802
213277,0.288309901953
213278,0.901721835136
213281,0.893619477749
213283,0.810459315777
213284,0.705460131168
213287,0.772895157337
213290,0.929082393646
213291,0.773261129856
213293,0.888438224792
213294,0.871938049793
213295,0.980601072311
213297,0.821853935719
213298,0.947192192078
213300,0.944893836975
213304,0.731412351131
213306,0.435364961624
213309,0.693285048008
213311,0.921856760979
213313,0.946275115013
213314,0.253091454506
213319,0.977222263813
213320,0.875857114792
213322,0.973870396614
213324,0.638368010521
213327,0.761438190937
213328,0.614883482456
213330,0.825243473053
213333,0.963511347771
213337,0.93283110857
213342,0.988174915314
213345,0.598105847836
213346,0.986317336559
213349,0.907230317593
213350,0.980078339577
213353,0.934632897377
213354,0.865019500256
213356,0.850843906403
213357,0.735223472118
213358,0.840041041374
213360,0.745484471321
213361,0.818970859051
213362,0.720221817493
213366,0.888595581055
213367,0.741226017475
213368,0.292099565268
213369,0.902985036373
213370,0.862159013748
213375,0.791464209557
213377,0.406437158585
213378,0.848967134953
213379,0.849587619305
213380,0.923361361027
213381,0.823451936245
213383,0.928478896618
213384,0.753166377544
213385,0.691474437714
213386,0.892361819744
213387,0.734555065632
213388,0.770640015602
213391,0.96494436264
213393,0.743785500526
213394,0.650593459606
213399,0.913388133049
213400,0.546023368835
213401,0.593150377274
213408,0.71326649189
213409,0.768143951893
213410,0.568420886993
213411,0.641521155834
213412,0.863059937954
213413,0.907899677753
213414,0.921120643616
213415,0.895455539227
213419,0.228878811002
213420,0.978607177734
213421,0.79686331749
213422,0.539884150028
213427,0.489617973566
213428,0.948144733906
213430,0.98629039526
213431,0.751189947128
213432,0.403829991817
213435,0.599990606308
213437,0.546165645123
213438,0.458743214607
213441,0.431052476168
213442,0.422450870275
213446,0.843400061131
213448,0.922746360302
213449,0.961330354214
213453,0.873504340649
213454,0.822704672813
213459,0.829503655434
213460,0.59436249733
213461,0.920378625393
213462,0.946042299271
213469,0.785679221153
213470,0.712175488472
213472,0.707808017731
213473,0.645177304745
213474,0.943553864956
213475,0.963802158833
213477,0.84932756424
213478,0.933575153351
213479,0.868638575077
213481,0.761261403561
213482,0.66435199976
213483,0.687985479832
213484,0.6679225564
213489,0.545962512493
213490,0.918773531914
213492,0.696088552475
213493,0.696018874645
213497,0.751502513885
213498,0.936774194241
213499,0.992064535618
213501,0.742015659809
213502,0.924807786942
213503,0.871781527996
213509,0.631127476692
213517,0.958482146263
213518,0.802222549915
213525,0.792638659477
213528,0.967237174511
213529,0.431567102671
213530,0.422290444374
213532,0.92072057724
213534,0.915935277939
213536,0.84121888876
213537,0.805362761021
213538,0.924338936806
213539,0.556176364422
213540,0.747330665588
213543,0.896475493908
213545,0.538377165794
213546,0.976048767567
213547,0.849820792675
213548,0.720695078373
213549,0.750801086426
213550,0.677964925766
213551,0.933477640152
213552,0.98628693819
213553,0.816296815872
213555,0.926531434059
213557,0.926831960678
213560,0.811597585678
213563,0.988832712173
213568,0.554653942585
213569,0.561441004276
213570,0.891810059547
213571,0.717868506908
213573,0.810978889465
213575,0.766533017159
213578,0.879536211491
213579,0.941460192204
213580,0.941644191742
213583,0.943970918655
213584,0.596298933029
213585,0.748746275902
213586,0.802186489105
213588,0.552202224731
213589,0.79131257534
213590,0.880751848221
213595,0.980432987213
213596,0.208241522312
213597,0.836075663567
213600,0.835135698318
213604,0.964979708195
213607,0.954574286938
213608,0.954905927181
213611,0.689157903194
213613,0.882829487324
213614,0.889450252056
213615,0.927855014801
213617,0.467715412378
213620,0.964715898037
213621,0.950615525246
213623,0.694072067738
213624,0.557264566422
213626,0.451806098223
213627,0.888826072216
213628,0.441571742296
213629,0.740219950676
213630,0.756921231747
213635,0.75712621212
213636,0.631545603275
213637,0.891910195351
213638,0.793944001198
213642,0.728155612946
213643,0.914057850838
213646,0.517141163349
213648,0.991952240467
213649,0.779991269112
213653,0.623089075089
213654,0.97311425209
213655,0.803725600243
213657,0.706593930721
213660,0.813726723194
213662,0.590528070927
213664,0.929459929466
213665,0.974400818348
213667,0.402752459049
213669,0.927611529827
213670,0.991394102573
213671,0.926576435566
213672,0.693492174149
213675,0.985823631287
213676,0.701934099197
213677,0.63872307539
213680,0.876815974712
213681,0.739489734173
213682,0.956120371819
213684,0.484487146139
213687,0.955034554005
213689,0.618650734425
213690,0.916507482529
213694,0.955849826336
213696,0.361240178347
213699,0.850647032261
213701,0.571660757065
213702,0.802569508553
213704,0.857675075531
213707,0.973008394241
213709,0.940726220608
213710,0.590345084667
213712,0.836286365986
213713,0.935467779636
213715,0.0441188551486
213719,0.896863937378
213722,0.570456683636
213723,0.531005859375
213724,0.734700262547
213725,0.464162379503
213726,0.928276777267
213727,0.966678261757
213730,0.712979376316
213734,0.92217707634
213735,0.854092597961
213736,0.792860746384
213737,0.825936853886
213739,0.885510861874
213740,0.856987535954
213744,0.69042301178
213746,0.739529490471
213747,0.493007063866
213750,0.708519279957
213751,0.656444966793
213757,0.646504700184
213758,0.918525457382
213759,0.734945952892
213760,0.719260215759
213761,0.961109042168
213764,0.448770463467
213766,0.964716017246
213768,0.342420578003
213770,0.75446087122
213774,0.562960803509
213776,0.916160941124
213777,0.683557212353
213778,0.823517382145
213779,0.586294770241
213780,0.539286494255
213783,0.91109585762
213786,0.935588300228
213788,0.823382616043
213789,0.744064211845
213790,0.76702940464
213791,0.928801178932
213792,0.176003783941
213795,0.90936434269
213796,0.759920835495
213797,0.78456568718
213798,0.985409975052
213800,0.664107680321
213802,0.934942483902
213804,0.819727301598
213806,0.914999365807
213807,0.950123369694
213808,0.822736799717
213810,0.850445508957
213811,0.9338747859
213814,0.842250168324
213816,0.972333073616
213818,0.683791816235
213819,0.671027541161
213820,0.335521996021
213822,0.747459173203
213823,0.647845506668
213825,0.676499128342
213827,0.80987071991
213828,0.925437092781
213829,0.811547100544
213833,0.81881660223
213834,0.139143526554
213836,0.917264759541
213838,0.733441650867
213840,0.476390510798
213842,0.794936180115
213844,0.920341789722
213845,0.650901436806
213846,0.748517990112
213851,0.874268949032
213852,0.9519982934
213857,0.813134789467
213858,0.710875570774
213859,0.734131634235
213861,0.492499381304
213862,0.808611750603
213863,0.744748175144
213867,0.747486829758
213868,0.410110592842
213869,0.887135028839
213870,0.863443315029
213872,0.901097357273
213873,0.876250863075
213874,0.941748201847
213876,0.707382380962
213877,0.770479559898
213879,0.778402924538
213880,0.526674747467
213887,0.669481217861
213888,0.808484792709
213889,0.868786692619
213892,0.937773168087
213893,0.901044368744
213895,0.931712567806
213896,0.531164169312
213897,0.886801660061
213900,0.904522061348
213902,0.882544994354
213903,0.929983794689
213908,0.725101709366
213915,0.877884149551
213917,0.975652217865
213919,0.499527424574
213921,0.522741317749
213922,0.816801309586
213924,0.817847728729
213926,0.902119576931
213928,0.53530305624
213929,0.934714019299
213930,0.847891151905
213931,0.450806349516
213932,0.873753964901
213933,0.456384092569
213934,0.970241069794
213935,0.535691082478
213937,0.652552068233
213939,0.472120881081
213940,0.79420119524
213941,0.960865676403
213944,0.759498000145
213945,0.920916795731
213946,0.905878782272
213951,0.957658231258
213955,0.948141694069
213960,0.462419092655
213961,0.759812057018
213962,0.313566714525
213964,0.88378149271
213965,0.81046050787
213966,0.989613711834
213968,0.772419393063
213970,0.937345862389
213971,0.984979569912
213973,0.829732596874
213976,0.863887250423
213977,0.498451262712
213978,0.836556851864
213981,0.897679805756
213982,0.120872087777
213983,0.991878986359
213985,0.781997561455
213986,0.781791746616
213993,0.95923525095
213994,0.407849192619
213995,0.411161571741
213996,0.959490656853
213997,0.687281847
213999,0.814300894737
214000,0.907426178455
214002,0.98532897234
214003,0.0838343203068
214004,0.942393779755
214007,0.832239568233
214011,0.82594037056
214012,0.783223748207
214015,0.845124423504
214017,0.883835017681
214020,0.912014603615
214023,0.778727173805
214029,0.646564126015
214035,0.591972053051
214036,0.797675788403
214037,0.847784996033
214038,0.807296037674
214039,0.634616196156
214040,0.957098424435
214043,0.991220414639
214046,0.728188037872
214047,0.896337807178
214048,0.864906072617
214050,0.798538088799
214052,0.979652643204
214056,0.447299391031
214063,0.60985648632
214065,0.483850210905
214067,0.169203177094
214075,0.89852899313
214079,0.965699315071
214083,0.989304542542
214085,0.690370559692
214086,0.764874219894
214088,0.858574151993
214089,0.492368251085
214091,0.903240025043
214092,0.830575287342
214095,0.77466738224
214096,0.821574032307
214097,0.980339229107
214098,0.962444663048
214099,0.551273822784
214100,0.939742207527
214101,0.842530965805
214102,0.563278794289
214103,0.978660941124
214104,0.899967730045
214105,0.914783835411
214107,0.817358732224
214108,0.889602661133
214110,0.640972197056
214112,0.935055553913
214115,0.759884476662
214116,0.801040112972
214118,0.398823976517
214119,0.601522147655
214120,0.0625042617321
214121,0.545463740826
214123,0.868314564228
214125,0.465899705887
214126,0.556926488876
214135,0.696755349636
214137,0.9370880723
214138,0.378083795309
214139,0.644838631153
214141,0.982704460621
214142,0.808952987194
214145,0.692180454731
214147,0.957731544971
214150,0.792747378349
214151,0.934520065784
214154,0.940642058849
214155,0.714544594288
214158,0.399275004864
214167,0.562926530838
214168,0.685643434525
214171,0.938373625278
214173,0.944920063019
214174,0.957938849926
214175,0.878638505936
214176,0.932057380676
214177,0.975524127483
214178,0.431568443775
214179,0.54449480772
214180,0.516331076622
214181,0.830698132515
214184,0.579293191433
214185,0.781898796558
214189,0.60029053688
214190,0.905113279819
214191,0.47490888834
214193,0.75290709734
214194,0.748946368694
214196,0.894914567471
214197,0.890670180321
214198,0.769438803196
214199,0.431062191725
214201,0.976751804352
214202,0.889691710472
214207,0.846415638924
214208,0.563820540905
214209,0.647631108761
214210,0.707219600677
214213,0.977119863033
214215,0.963966846466
214216,0.614031255245
214217,0.771406829357
214223,0.970351338387
214225,0.826045036316
214227,0.732028782368
214228,0.80331069231
214230,0.753639757633
214233,0.974683642387
214234,0.643032729626
214236,0.804997861385
214238,0.941920697689
214240,0.90176320076
214241,0.854045212269
214242,0.721188545227
214243,0.928868830204
214245,0.409378826618
214246,0.53201186657
214247,0.960664868355
214249,0.946317732334
214252,0.74807882309
214255,0.722556293011
214259,0.823338806629
214261,0.540965676308
214263,0.930849909782
214264,0.847002089024
214265,0.504782319069
214270,0.863102972507
214272,0.622202515602
214275,0.889667093754
214278,0.923388957977
214279,0.973345637321
214280,0.964589118958
214281,0.737858951092
214282,0.746921896935
214286,0.928117156029
214289,0.646104335785
214294,0.763638019562
214295,0.932887971401
214298,0.559573948383
214299,0.744346141815
214302,0.788232922554
214306,0.984835267067
214307,0.904425323009
214308,0.973798513412
214309,0.802265644073
214311,0.947213053703
214312,0.488896876574
214313,0.653310775757
214316,0.844721376896
214318,0.350782543421
214319,0.83670270443
214320,0.993388772011
214321,0.701703310013
214322,0.743611454964
214323,0.834134161472
214324,0.944576382637
214327,0.221258595586
214333,0.558991372585
214334,0.982344150543
214338,0.814380347729
214339,0.763009488583
214340,0.939505636692
214341,0.718482673168
214342,0.909136712551
214345,0.941785931587
214346,0.956263661385
214348,0.639677226543
214351,0.910004496574
214352,0.935666978359
214353,0.902637064457
214360,0.936821639538
214363,0.943430364132
214364,0.804121613503
214367,0.948496043682
214368,0.95940965414
214370,0.868413090706
214371,0.816119849682
214373,0.9781422019
214377,0.832460820675
214379,0.967697739601
214382,0.217224389315
214383,0.811329603195
214384,0.36227658391
214386,0.875575780869
214387,0.857590734959
214389,0.815627813339
214390,0.722966849804
214391,0.915628135204
214392,0.743705451488
214394,0.623373925686
214395,0.738883376122
214397,0.853878200054
214399,0.672129869461
214400,0.656489610672
214402,0.849299907684
214403,0.528006374836
214404,0.650508344173
214405,0.753244757652
214407,0.595406532288
214408,0.852261185646
214412,0.609320521355
214413,0.896834731102
214414,0.744896113873
214415,0.882076621056
214416,0.868851721287
214419,0.91506510973
214422,0.89731580019
214423,0.945533871651
214427,0.813239395618
214432,0.741452336311
214439,0.875959694386
214441,0.487419813871
214442,0.933276236057
214445,0.877677202225
214447,0.884443342686
214449,0.882805049419
214450,0.89808768034
214452,0.933007180691
214454,0.852195978165
214456,0.193485677242
214457,0.943965733051
214458,0.695418179035
214461,0.906297385693
214462,0.44120529294
214464,0.93293851614
214467,0.916315674782
214469,0.77829939127
214470,0.947536945343
214471,0.901970803738
214473,0.752842247486
214476,0.986729264259
214479,0.687791645527
214483,0.727587759495
214485,0.924863576889
214487,0.426667362452
214490,0.841274678707
214491,0.86242800951
214495,0.426465988159
214496,0.533900380135
214497,0.552856087685
214501,0.837900340557
214502,0.710092008114
214503,0.817479193211
214504,0.783859848976
214505,0.474049150944
214508,0.787506759167
214509,0.811854124069
214511,0.938982665539
214513,0.988822698593
214519,0.707207977772
214520,0.5960906744
214521,0.929908216
214522,0.893614709377
214523,0.960285007954
214527,0.711540937424
214528,0.983334124088
214529,0.595559179783
214530,0.729582965374
214531,0.931336581707
214535,0.649694383144
214536,0.781740307808
214537,0.586168289185
214538,0.920372188091
214539,0.754295110703
214540,0.882636964321
214541,0.951855897903
214545,0.81583493948
214549,0.958618164062
214551,0.71185541153
214552,0.563084721565
214553,0.94353890419
214554,0.948565661907
214557,0.84123468399
214562,0.645169973373
214564,0.952400267124
214568,0.858736515045
214569,0.961227655411
214572,0.936995625496
214574,0.987480700016
214577,0.813086748123
214578,0.935798287392
214580,0.967598438263
214583,0.636377811432
214585,0.804902434349
214588,0.7455753088
214589,0.886559069157
214592,0.9358715415
214593,0.384095072746
214594,0.624498665333
214595,0.797634780407
214598,0.627067387104
214599,0.410892546177
214600,0.972983002663
214602,0.987572669983
214605,0.82553178072
214606,0.804517686367
214608,0.802219808102
214610,0.80863827467
214611,0.584783017635
214613,0.627979338169
214614,0.670536637306
214615,0.755606710911
214617,0.974198937416
214619,0.919031977654
214620,0.956262946129
214624,0.95643889904
214628,0.128990456462
214630,0.846688270569
214631,0.877366006374
214632,0.618844985962
214635,0.95085144043
214638,0.98255366087
214641,0.856007993221
214642,0.934087991714
214643,0.973845183849
214644,0.838019788265
214649,0.861827194691
214651,0.678337931633
214652,0.973845183849
214654,0.964146733284
214657,0.961797118187
214660,0.862478196621
214661,0.868032038212
214662,0.525462806225
214666,0.935613870621
214667,0.984801471233
214669,0.858477711678
214674,0.914490818977
214675,0.96580016613
214676,0.182253912091
214677,0.737524569035
214680,0.869661450386
214681,0.926531016827
214683,0.995036661625
214684,0.717874407768
214688,0.963505983353
214690,0.221071377397
214693,0.943296849728
214697,0.946958065033
214698,0.901835143566
214700,0.954621136189
214701,0.584459722042
214702,0.776795983315
214704,0.935626864433
214706,0.836104929447
214707,0.908782720566
214708,0.640499830246
214709,0.689749777317
214710,0.853237569332
214715,0.870719313622
214716,0.975819826126
214718,0.5853536129
214719,0.899034917355
214720,0.504624247551
214721,0.806050539017
214726,0.788234889507
214727,0.832020282745
214728,0.881993710995
214730,0.892868518829
214732,0.639407098293
214733,0.741091668606
214736,0.805040419102
214738,0.742469191551
214739,0.867675721645
214743,0.801052689552
214745,0.908987641335
214746,0.68958067894
214748,0.936891913414
214749,0.71570122242
214750,0.792117893696
214752,0.518508315086
214757,0.661236286163
214758,0.774259150028
214759,0.798239290714
214767,0.769111812115
214768,0.882018864155
214769,0.987730205059
214770,0.902604758739
214773,0.769458293915
214775,0.91960901022
214777,0.864543557167
214780,0.728331625462
214781,0.733937203884
214782,0.340070456266
214785,0.937107920647
214786,0.974674344063
214787,0.532450735569
214791,0.971780776978
214795,0.776107668877
214796,0.316695064306
214798,0.636580824852
214800,0.723803222179
214801,0.903944134712
214804,0.564745545387
214805,0.925980687141
214806,0.967890918255
214807,0.911215603352
214808,0.793460130692
214811,0.446372419596
214813,0.841957509518
214814,0.904222726822
214815,0.738141298294
214818,0.802009403706
214820,0.957124233246
214821,0.66086345911
214822,0.440411925316
214826,0.900982677937
214827,0.836770653725
214828,0.962631523609
214830,0.730063319206
214833,0.882673561573
214837,0.14629869163
214839,0.790844380856
214840,0.94813400507
214841,0.560146272182
214842,0.842126250267
214845,0.685528755188
214846,0.736122786999
214850,0.694957017899
214851,0.974204838276
214852,0.91047078371
214853,0.903108775616
214861,0.888165533543
214864,0.516279995441
214865,0.602582514286
214868,0.820854604244
214869,0.985761225224
214870,0.913661539555
214871,0.841034471989
214872,0.968412160873
214873,0.876145899296
214876,0.941620409489
214877,0.54062050581
214887,0.976506412029
214888,0.128445655107
214892,0.611538171768
214895,0.688873052597
214899,0.612897694111
214903,0.855670690536
214904,0.377607911825
214905,0.824334144592
214907,0.979585647583
214908,0.923567056656
214910,0.834120810032
214911,0.28289180994
214912,0.924092233181
214913,0.903440654278
214914,0.413385301828
214916,0.831916213036
214917,0.889748811722
214920,0.917251825333
214921,0.943098962307
214922,0.977150201797
214923,0.629883766174
214924,0.966373920441
214928,0.936089396477
214930,0.991986274719
214933,0.942126095295
214941,0.879762172699
214943,0.862064182758
214944,0.848378658295
214945,0.861222445965
214946,0.449593394995
214947,0.89272069931
214948,0.680595397949
214949,0.788999974728
214950,0.790643811226
214951,0.791679799557
214952,0.953010380268
214953,0.369636446238
214956,0.807284832001
214957,0.972361683846
214958,0.953173696995
214962,0.644522368908
214963,0.825108766556
214966,0.703517615795
214967,0.903686463833
214969,0.617085278034
214970,0.65892791748
214971,0.909000754356
214973,0.974781274796
214977,0.6505843997
214978,0.847076773643
214979,0.984474897385
214980,0.827751219273
214981,0.974964499474
214982,0.925480604172
214983,0.473189681768
214984,0.800885438919
214987,0.594618618488
214990,0.893887996674
214991,0.982125878334
214992,0.791867554188
214993,0.831249892712
214995,0.955819904804
214996,0.788062036037
214998,0.956814289093
215001,0.964622497559
215003,0.830461323261
215005,0.836156904697
215010,0.793203532696
215011,0.606969177723
215013,0.868569552898
215018,0.851218640804
215019,0.370236515999
215020,0.82430678606
215022,0.436157554388
215023,0.458765655756
215025,0.958081185818
215028,0.215868622065
215033,0.696684539318
215034,0.988099396229
215037,0.14771412313
215039,0.902283847332
215040,0.788379371166
215042,0.704806149006
215044,0.968775212765
215046,0.771267950535
215047,0.981590092182
215049,0.5856102705
215055,0.762077391148
215059,0.812643826008
215060,0.835211455822
215061,0.70886695385
215062,0.608618080616
215064,0.840745151043
215065,0.903411149979
215066,0.990795552731
215070,0.387707829475
215072,0.63339304924
215074,0.674997866154
215075,0.960604786873
215076,0.62904971838
215080,0.831606626511
215081,0.950880289078
215085,0.988408267498
215087,0.56615447998
215090,0.403542518616
215091,0.426112383604
215093,0.563266694546
215097,0.514020860195
215099,0.861614584923
215100,0.847658336163
215102,0.627395808697
215103,0.532870352268
215104,0.888987779617
215106,0.899525225163
215107,0.980783045292
215108,0.906077802181
215110,0.916065394878
215115,0.812655210495
215122,0.496466755867
215123,0.880717039108
215125,0.48998272419
215126,0.983687639236
215127,0.869632482529
215129,0.789508759975
215131,0.73183709383
215133,0.407992243767
215134,0.471999257803
215135,0.63026958704
215138,0.938020646572
215140,0.732157766819
215143,0.720435202122
215144,0.987627089024
215147,0.528471171856
215148,0.631248831749
215149,0.916740477085
215150,0.599304318428
215151,0.817877829075
215154,0.891121029854
215155,0.913024127483
215156,0.632428944111
215157,0.958199441433
215158,0.708653748035
215163,0.915766000748
215165,0.7431422472
215168,0.810856640339
215170,0.873580574989
215174,0.772138893604
215176,0.783710479736
215179,0.783261537552
215180,0.765617072582
215181,0.80602067709
215184,0.83080136776
215186,0.8227648139
215187,0.924707114697
215190,0.756885051727
215193,0.300924271345
215200,0.662850499153
215205,0.891238033772
215206,0.62258130312
215209,0.822485268116
215213,0.899736344814
215214,0.947574853897
215215,0.643122971058
215217,0.742384195328
215218,0.435506790876
215219,0.974653661251
215220,0.951313495636
215221,0.400495827198
215223,0.917123317719
215225,0.650339961052
215228,0.944985508919
215229,0.755140542984
215230,0.906580626965
215231,0.965783178806
215233,0.957630872726
215235,0.774346709251
215237,0.92640453577
215238,0.715918540955
215239,0.689349234104
215241,0.927341997623
215245,0.659625411034
215247,0.948893845081
215248,0.91525554657
215249,0.797522187233
215250,0.841374158859
215252,0.969222009182
215253,0.741909861565
215254,0.91697204113
215257,0.868889451027
215258,0.915099561214
215259,0.922317743301
215261,0.782611966133
215266,0.448249340057
215268,0.774535059929
215271,0.933370113373
215272,0.719335377216
215273,0.417436957359
215274,0.957170963287
215275,0.914401531219
215278,0.714915454388
215283,0.852506160736
215286,0.935164093971
215287,0.905659556389
215288,0.97464376688
215294,0.759654581547
215295,0.75428968668
215297,0.795836269855
215298,0.674924790859
215299,0.849618256092
215302,0.958518087864
215303,0.698760032654
215305,0.654750049114
215306,0.828441679478
215309,0.559928297997
215310,0.784496426582
215312,0.602427184582
215313,0.531653523445
215316,0.72520840168
215321,0.609209060669
215325,0.642828524113
215326,0.94893014431
215327,0.977819144726
215328,0.680605113506
215329,0.872911572456
215331,0.729746460915
215332,0.858476579189
215334,0.84548074007
215335,0.875359177589
215339,0.77319341898
215340,0.897459983826
215342,0.164370819926
215343,0.938039124012
215344,0.598828554153
215345,0.955567836761
215346,0.772024929523
215350,0.954753875732
215351,0.894246995449
215352,0.631304562092
215356,0.619626522064
215360,0.793898761272
215361,0.975361347198
215362,0.975499927998
215363,0.827811121941
215364,0.498056322336
215366,0.765977978706
215372,0.585709691048
215374,0.883587360382
215376,0.754655361176
215381,0.614591360092
215387,0.479162395
215388,0.627567410469
215390,0.878004074097
215391,0.591347873211
215392,0.763963103294
215395,0.971480846405
215398,0.967943549156
215400,0.217505007982
215402,0.768710851669
215403,0.614012956619
215405,0.959452152252
215406,0.949913799763
215410,0.592093586922
215411,0.870386898518
215413,0.983337461948
215415,0.802208244801
215416,0.410272628069
215420,0.959830522537
215421,0.580265522003
215422,0.645119607449
215423,0.297715485096
215428,0.835873961449
215431,0.666700780392
215435,0.531239449978
215436,0.98629540205
215437,0.654747009277
215442,0.770925223827
215444,0.67369800806
215446,0.749247789383
215447,0.644625484943
215448,0.796064019203
215450,0.737730383873
215453,0.970941483974
215454,0.78499853611
215455,0.733621478081
215456,0.442503660917
215457,0.668042719364
215458,0.974079251289
215461,0.859807491302
215462,0.973977148533
215468,0.954595804214
215471,0.821999907494
215473,0.977053582668
215474,0.926748633385
215479,0.975683629513
215480,0.910831034184
215483,0.686895489693
215484,0.952139735222
215488,0.930205464363
215489,0.925511538982
215491,0.658404588699
215492,0.660000324249
215494,0.954218566418
215497,0.851025640965
215498,0.485261231661
215500,0.716193079948
215501,0.971285462379
215502,0.850223720074
215507,0.486019998789
215509,0.938868105412
215510,0.714610397816
215511,0.972163259983
215516,0.768915534019
215519,0.670698046684
215524,0.497603267431
215526,0.754447996616
215528,0.938113987446
215529,0.946209073067
215530,0.688878655434
215531,0.859381377697
215532,0.696595966816
215533,0.970473825932
215534,0.748553752899
215535,0.689491450787
215536,0.187174782157
215537,0.966498732567
215538,0.813633620739
215539,0.892783522606
215543,0.853820681572
215545,0.878470778465
215546,0.667299091816
215547,0.758346259594
215548,0.823654234409
215549,0.422808378935
215556,0.988458812237
215557,0.722358763218
215558,0.837894976139
215559,0.740192055702
215564,0.984822630882
215567,0.789160132408
215574,0.889867842197
215575,0.668099820614
215576,0.860391914845
215577,0.756851792336
215578,0.529037892818
215580,0.951710522175
215581,0.976657867432
215584,0.955561935902
215585,0.762733280659
215588,0.958998382092
215592,0.825885653496
215595,0.953441500664
215598,0.774158895016
215601,0.564046144485
215602,0.967511832714
215604,0.978136956692
215606,0.972859680653
215608,0.894123733044
215609,0.650306284428
215611,0.497064650059
215614,0.69184243679
215615,0.621620357037
215616,0.929958641529
215619,0.966195762157
215620,0.925048410892
215621,0.29289534688
215622,0.948820352554
215623,0.926250815392
215624,0.976813554764
215628,0.716850817204
215629,0.926687717438
215630,0.987631380558
215631,0.926572084427
215632,0.854771494865
215634,0.769624888897
215635,0.865303337574
215636,0.776967346668
215637,0.932372570038
215638,0.80467492342
215644,0.676754713058
215645,0.752687811852
215648,0.924822986126
215650,0.930466234684
215652,0.975987195969
215653,0.788515925407
215654,0.361891329288
215657,0.981502711773
215660,0.668508410454
215661,0.280767321587
215676,0.765362143517
215678,0.824546039104
215680,0.217025727034
215683,0.899821579456
215685,0.468420475721
215688,0.659576237202
215689,0.816585302353
215690,0.862147510052
215692,0.478367805481
215694,0.90282523632
215698,0.921572566032
215700,0.452317208052
215701,0.61286175251
215702,0.901502609253
215706,0.806581258774
215711,0.930012047291
215718,0.768985390663
215722,0.647791266441
215724,0.327936381102
215726,0.925424039364
215729,0.987522423267
215731,0.769096791744
215733,0.865955352783
215735,0.917111814022
215736,0.890848755836
215738,0.822819173336
215748,0.921438455582
215749,0.955324947834
215750,0.280236303806
215752,0.831963956356
215754,0.987577319145
215757,0.464399904013
215758,0.951258003712
215761,0.772532701492
215763,0.60452067852
215764,0.870840609074
215765,0.700817584991
215766,0.689225912094
215767,0.86689388752
215769,0.797604262829
215773,0.811056494713
215775,0.983824729919
215778,0.893864393234
215779,0.859940886497
215781,0.634751141071
215782,0.685776531696
215789,0.865684449673
215790,0.329586982727
215794,0.713058829308
215795,0.896144330502
215796,0.922411620617
215799,0.837252438068
215800,0.769848048687
215801,0.843687474728
215806,0.685897171497
215807,0.514312446117
215812,0.553383111954
215813,0.981608331203
215818,0.530385494232
215819,0.648616671562
215820,0.950511038303
215824,0.746692359447
215826,0.943704903126
215828,0.887516856194
215831,0.843208491802
215833,0.896917819977
215835,0.991009116173
215836,0.929252445698
215837,0.77382683754
215839,0.791333794594
215840,0.849435329437
215841,0.914589524269
215842,0.889959514141
215843,0.799440920353
215846,0.983333647251
215847,0.731559455395
215849,0.817939937115
215852,0.519337952137
215853,0.98532384634
215854,0.885831832886
215855,0.703082799911
215856,0.726988554001
215860,0.871063232422
215861,0.792919039726
215862,0.660341858864
215863,0.742954730988
215866,0.807139575481
215868,0.821451425552
215870,0.601176977158
215871,0.859371840954
215872,0.9120413661
215873,0.802646756172
215874,0.708939194679
215875,0.948392212391
215878,0.942122817039
215879,0.728182435036
215882,0.949654757977
215884,0.968170166016
215885,0.821634590626
215886,0.662487089634
215887,0.666538417339
215888,0.316893428564
215889,0.72514039278
215890,0.790982246399
215894,0.98733830452
215895,0.88030898571
215897,0.910579681396
215900,0.777174890041
215901,0.185387209058
215903,0.570677101612
215908,0.818585336208
215909,0.933519482613
215912,0.882877647877
215914,0.845543622971
215919,0.779021918774
215922,0.992577254772
215923,0.811783075333
215925,0.513559341431
215929,0.62785589695
215930,0.842747271061
215931,0.901443243027
215933,0.953699052334
215935,0.380156934261
215938,0.814928293228
215939,0.750231325626
215944,0.97431665659
215947,0.554626345634
215949,0.952703654766
215950,0.387221336365
215951,0.941342592239
215952,0.831786155701
215953,0.907920300961
215954,0.946296811104
215958,0.252218782902
215959,0.935415327549
215961,0.787787437439
215963,0.803316473961
215964,0.868199884892
215966,0.766288816929
215967,0.959252655506
215969,0.893962204456
215971,0.925910532475
215973,0.616494596004
215974,0.943956077099
215975,0.492135196924
215976,0.947056174278
215977,0.934549808502
215980,0.802532196045
215983,0.394595354795
215984,0.991895496845
215985,0.77316236496
215989,0.857651054859
215990,0.971162676811
215991,0.904912650585
215996,0.801664054394
215997,0.714846730232
215999,0.763416349888
216002,0.983507037163
216005,0.873678207397
216008,0.568588793278
216009,0.802363097668
216010,0.732055008411
216011,0.83752655983
216013,0.712683856487
216018,0.770988821983
216019,0.603982806206
216020,0.46062156558
216021,0.896883308887
216022,0.796440601349
216023,0.733305990696
216024,0.718319952488
216025,0.923727929592
216026,0.909712314606
216028,0.783211886883
216029,0.903825640678
216032,0.918025135994
216033,0.980921566486
216035,0.415463387966
216039,0.981649577618
216041,0.93705624342
216043,0.57775592804
216044,0.932365715504
216045,0.909876286983
216048,0.750156641006
216049,0.854175329208
216050,0.932463943958
216051,0.809941589832
216052,0.702220201492
216054,0.881466209888
216055,0.542138516903
216057,0.923520505428
216062,0.654751062393
216063,0.940011262894
216065,0.866032063961
216068,0.745028376579
216069,0.97228461504
216071,0.974786043167
216074,0.893578052521
216076,0.943712770939
216077,0.92003172636
216080,0.868528425694
216081,0.809957206249
216083,0.969248771667
216084,0.769959867001
216085,0.738875985146
216086,0.532437264919
216087,0.951943159103
216091,0.786421000957
216094,0.760180592537
216097,0.950398206711
216098,0.970400989056
216099,0.922413766384
216103,0.831635475159
216106,0.73890465498
216108,0.675864875317
216110,0.568674206734
216111,0.799194097519
216114,0.762277007103
216116,0.912546038628
216117,0.820788919926
216119,0.881194710732
216121,0.9352414608
216124,0.800774157047
216125,0.899237215519
216129,0.970645904541
216130,0.853874802589
216131,0.583707988262
216132,0.854071617126
216135,0.917216181755
216138,0.910775065422
216139,0.990903794765
216141,0.542626440525
216142,0.593859136105
216144,0.611676752567
216145,0.469704270363
216147,0.932752609253
216148,0.791905045509
216150,0.635460674763
216152,0.883960902691
216153,0.784464836121
216154,0.801284253597
216157,0.960288524628
216161,0.80852496624
216163,0.16433596611
216164,0.988576829433
216165,0.79548484087
216171,0.907970249653
216172,0.94086420536
216173,0.943126320839
216175,0.952307283878
216176,0.280855953693
216177,0.878811001778
216178,0.925409138203
216181,0.727083623409
216182,0.944245576859
216183,0.880000114441
216185,0.169934257865
216186,0.471333771944
216187,0.929555892944
216193,0.74877256155
216195,0.986993730068
216197,0.930774390697
216200,0.971255660057
216204,0.385847896338
216205,0.736416876316
216209,0.956330955029
216213,0.555474340916
216214,0.761139154434
216216,0.311254858971
216217,0.681765317917
216220,0.994901657104
216223,0.564197957516
216230,0.79519701004
216231,0.957668125629
216232,0.740049779415
216233,0.884816586971
216240,0.779541730881
216241,0.800169467926
216243,0.957041561604
216244,0.611937820911
216245,0.623419880867
216248,0.979907631874
216249,0.743183016777
216250,0.913286149502
216251,0.903250455856
216255,0.960258483887
216257,0.667871832848
216258,0.842034578323
216259,0.780445098877
216262,0.72630751133
216264,0.920334339142
216266,0.657466590405
216267,0.899576365948
216269,0.854714035988
216270,0.863629817963
216271,0.712069690228
216272,0.962500751019
216273,0.91547948122
216275,0.736361324787
216276,0.711204171181
216277,0.863535284996
216279,0.693193435669
216281,0.900314092636
216283,0.943756699562
216286,0.974302470684
216287,0.766636788845
216288,0.672437012196
216289,0.637649655342
216290,0.393793731928
216293,0.678946912289
216295,0.848015010357
216298,0.889964163303
216299,0.942899882793
216307,0.913732469082
216308,0.758768618107
216311,0.890517413616
216314,0.894356966019
216316,0.966438055038
216317,0.782269120216
216319,0.94229799509
216320,0.915915071964
216323,0.650156497955
216324,0.962174415588
216325,0.785839736462
216326,0.798107087612
216328,0.871893703938
216330,0.948609650135
216332,0.94153636694
216337,0.595132231712
216339,0.859024584293
216340,0.708462119102
216341,0.64404630661
216342,0.703916847706
216344,0.573119103909
216346,0.57049292326
216350,0.762699306011
216354,0.928012430668
216359,0.941924571991
216361,0.980056464672
216363,0.912693321705
216366,0.943236529827
216367,0.933552443981
216368,0.856592714787
216369,0.947702765465
216371,0.896769702435
216372,0.954093456268
216373,0.990540385246
216374,0.85299795866
216375,0.873859941959
216376,0.851877510548
216378,0.820006251335
216379,0.948136985302
216381,0.954565703869
216383,0.657776534557
216384,0.423914909363
216385,0.925378024578
216388,0.956884145737
216390,0.922644674778
216391,0.595400214195
216392,0.966116845608
216396,0.678119242191
216397,0.925764322281
216398,0.529995024204
216399,0.856649816036
216400,0.704039216042
216401,0.944097220898
216402,0.604797422886
216403,0.64075422287
216406,0.659597396851
216408,0.933251142502
216409,0.439733147621
216412,0.928165316582
216413,0.978449106216
216414,0.862871825695
216417,0.953170239925
216418,0.967254221439
216421,0.893113315105
216422,0.872810721397
216429,0.478730499744
216431,0.728616774082
216432,0.671286404133
216433,0.970948338509
216439,0.895770072937
216442,0.885328054428
216443,0.967375814915
216445,0.891287565231
216446,0.745331466198
216447,0.850679516792
216449,0.774320542812
216451,0.972202122211
216453,0.899015247822
216454,0.760197758675
216456,0.976513922215
216457,0.941076159477
216458,0.865163385868
216460,0.986412882805
216461,0.639104008675
216462,0.879680514336
216465,0.79430359602
216466,0.400629967451
216471,0.989972829819
216474,0.811295509338
216475,0.858519494534
216476,0.367170631886
216477,0.616311371326
216478,0.901090860367
216479,0.736130714417
216480,0.968910694122
216483,0.915753126144
216484,0.875323474407
216487,0.809281349182
216488,0.980498313904
216490,0.810954213142
216494,0.94786298275
216495,0.606572926044
216498,0.980229496956
216500,0.757038533688
216501,0.828253686428
216503,0.551187157631
216504,0.341404736042
216505,0.909048438072
216506,0.937068998814
216508,0.903940856457
216509,0.98360645771
216510,0.968931615353
216511,0.565811574459
216516,0.282001286745
216517,0.804475605488
216518,0.745868325233
216523,0.817635476589
216529,0.921554863453
216530,0.844271719456
216532,0.850718080997
216534,0.820181965828
216536,0.511049568653
216537,0.737080156803
216539,0.75435167551
216540,0.821391820908
216543,0.769608616829
216544,0.579096138477
216545,0.777039170265
216551,0.675360321999
216552,0.903337001801
216553,0.669911980629
216554,0.824278056622
216555,0.668737947941
216556,0.673632264137
216557,0.973310172558
216564,0.897192597389
216565,0.604622542858
216566,0.882686793804
216567,0.904768288136
216569,0.849567472935
216570,0.830027401447
216572,0.86085408926
216573,0.850111067295
216574,0.621394097805
216575,0.636518359184
216576,0.76957410574
216578,0.581836879253
216580,0.903016209602
216582,0.576174616814
216584,0.965757250786
216585,0.857665717602
216586,0.701237976551
216589,0.969185173512
216592,0.759324610233
216593,0.981245398521
216594,0.193715855479
216595,0.528884887695
216596,0.759266555309
216599,0.9310323596
216600,0.946311950684
216602,0.941266000271
216603,0.463925302029
216607,0.573279082775
216608,0.920074880123
216609,0.697893202305
216614,0.911572873592
216615,0.744115352631
216619,0.741515636444
216620,0.671785116196
216622,0.799446940422
216626,0.943000495434
216627,0.833681941032
216628,0.986759603024
216633,0.719920098782
216635,0.92548429966
216637,0.762587547302
216639,0.716482639313
216641,0.937879383564
216644,0.90511071682
216645,0.482238203287
216646,0.474338382483
216648,0.794504106045
216649,0.904130637646
216650,0.815642893314
216651,0.898399353027
216653,0.849108338356
216654,0.770329535007
216655,0.976260244846
216657,0.731496334076
216658,0.922791063786
216660,0.64965826273
216662,0.969636678696
216667,0.942231595516
216668,0.968336701393
216670,0.923573553562
216672,0.844351768494
216673,0.898473799229
216677,0.474846661091
216678,0.665683209896
216679,0.969758868217
216681,0.517968773842
216682,0.794629871845
216683,0.96459966898
216687,0.977974116802
216688,0.777287065983
216690,0.90353256464
216691,0.98382216692
216693,0.669431567192
216696,0.981268823147
216699,0.978703558445
216700,0.749062240124
216701,0.980233371258
216702,0.837820887566
216705,0.884319901466
216708,0.870427846909
216709,0.734351456165
216711,0.664710998535
216712,0.621727824211
216714,0.785098791122
216716,0.980984807014
216717,0.943441390991
216720,0.847450792789
216721,0.936349391937
216728,0.202473595738
216729,0.394736498594
216733,0.829830169678
216734,0.827686548233
216736,0.16330589354
216737,0.966413021088
216741,0.526715159416
216742,0.862069368362
216743,0.804964601994
216746,0.592007100582
216747,0.975500047207
216750,0.819390773773
216751,0.951860010624
216752,0.862709164619
216753,0.612652361393
216754,0.892770946026
216759,0.767625331879
216760,0.831608176231
216761,0.672616183758
216763,0.908079445362
216766,0.624651789665
216767,0.966902494431
216769,0.841563880444
216770,0.72911041975
216771,0.897662997246
216772,0.938671946526
216773,0.845542252064
216774,0.704721808434
216775,0.970400214195
216778,0.853543698788
216780,0.849874675274
216781,0.464823633432
216783,0.848311126232
216785,0.814785897732
216790,0.807240247726
216794,0.906697928905
216795,0.562429428101
216796,0.687632024288
216802,0.932670176029
216806,0.34389141202
216807,0.66231995821
216812,0.721125364304
216814,0.7729601264
216815,0.897455751896
216818,0.76759916544
216819,0.938987374306
216820,0.664366602898
216822,0.867646992207
216824,0.860724151134
216826,0.976463317871
216827,0.652302145958
216829,0.95228511095
216830,0.756741702557
216831,0.935778141022
216833,0.895197570324
216836,0.745406508446
216838,0.854536235332
216839,0.908504068851
216840,0.852744698524
216841,0.975960731506
216842,0.108781814575
216845,0.917550504208
216846,0.452070325613
216848,0.84753549099
216849,0.886921465397
216850,0.685257732868
216851,0.896242916584
216852,0.769198358059
216853,0.942610561848
216854,0.719237446785
216861,0.910281956196
216862,0.794653654099
216863,0.481590598822
216864,0.934943556786
216868,0.803260922432
216871,0.851531147957
216874,0.87141084671
216877,0.88937997818
216878,0.7778673172
216879,0.825321376324
216880,0.837986469269
216881,0.698814868927
216882,0.763510286808
216884,0.963314592838
216886,0.741311192513
216887,0.448124527931
216895,0.895061254501
216896,0.871353328228
216901,0.865822672844
216902,0.58087259531
216904,0.935525655746
216907,0.935151576996
216912,0.892342329025
216913,0.938409984112
216914,0.97890329361
216915,0.85842436552
216916,0.222334876657
216917,0.661103785038
216918,0.800890624523
216919,0.865777134895
216922,0.892319560051
216923,0.885524749756
216924,0.923765957355
216927,0.90521132946
216928,0.952126204967
216929,0.822352945805
216933,0.95346057415
216934,0.880272865295
216938,0.908854007721
216939,0.546395719051
216940,0.89790725708
216941,0.975774109364
216942,0.95710682869
216943,0.894574284554
216944,0.876327872276
216945,0.825822770596
216946,0.573495209217
216950,0.689095556736
216953,0.862526297569
216954,0.829752743244
216955,0.736338913441
216956,0.599414408207
216957,0.800323307514
216959,0.529109656811
216961,0.636310040951
216963,0.647655844688
216964,0.813822805882
216965,0.772689163685
216975,0.673232614994
216981,0.720355451107
216983,0.816342651844
216987,0.938316941261
216988,0.734090447426
216991,0.374772906303
216993,0.871264994144
216994,0.740390360355
216995,0.983555734158
216996,0.743069589138
216999,0.69195741415
217001,0.928552269936
217003,0.79579937458
217004,0.594551861286
217006,0.744133353233
217008,0.878308832645
217011,0.680523514748
217012,0.841958880424
217013,0.883042037487
217015,0.868531763554
217017,0.976798415184
217020,0.833412766457
217022,0.835473775864
217023,0.52874904871
217024,0.64266449213
217025,0.933429718018
217026,0.602434098721
217029,0.887482762337
217030,0.934398055077
217031,0.944583058357
217034,0.891065835953
217035,0.794148027897
217037,0.817105948925
217041,0.899237215519
217042,0.817437052727
217043,0.794900476933
217044,0.900735735893
217045,0.818890333176
217046,0.542311191559
217047,0.692715644836
217048,0.896022856236
217049,0.887333631516
217053,0.771615207195
217058,0.634289383888
217060,0.936880648136
217061,0.940269112587
217062,0.680685460567
217063,0.965992689133
217067,0.610986888409
217068,0.831740736961
217069,0.979815363884
217070,0.644146442413
217072,0.498711109161
217075,0.684524178505
217076,0.824245393276
217077,0.949780225754
217083,0.947824060917
217085,0.897874593735
217086,0.875191032887
217087,0.52138864994
217090,0.954167664051
217091,0.983235895634
217092,0.619858503342
217094,0.846268951893
217096,0.526305675507
217098,0.952599704266
217099,0.804999709129
217100,0.911146521568
217102,0.784170269966
217104,0.717765212059
217105,0.802999436855
217111,0.875887334347
217115,0.683186173439
217116,0.931450843811
217118,0.922565221786
217119,0.95654052496
217120,0.862724006176
217122,0.641152620316
217123,0.862140774727
217125,0.900802671909
217126,0.766296923161
217127,0.694231808186
217128,0.961342215538
217130,0.669153749943
217132,0.181737363338
217134,0.762664735317
217135,0.581859171391
217138,0.88698554039
217140,0.544532060623
217141,0.984489321709
217143,0.931146025658
217150,0.92698264122
217152,0.913786947727
217156,0.960495889187
217157,0.298091113567
217159,0.934577941895
217160,0.546377778053
217161,0.740001142025
217162,0.747013866901
217163,0.785153865814
217164,0.731805384159
217165,0.968155324459
217166,0.846725165844
217169,0.761888563633
217170,0.964769721031
217174,0.80029553175
217175,0.836207091808
217176,0.787428736687
217178,0.871901512146
217182,0.717800199986
217183,0.732576847076
217184,0.864392340183
217186,0.615318894386
217194,0.600001871586
217195,0.843768775463
217197,0.673408150673
217198,0.770501077175
217204,0.661657512188
217206,0.919819951057
217207,0.931075453758
217209,0.667697370052
217211,0.736480534077
217212,0.777899622917
217216,0.823305487633
217217,0.850095510483
217219,0.934303939342
217220,0.940258145332
217221,0.905842602253
217226,0.906734585762
217227,0.895735621452
217232,0.985774278641
217233,0.882583916187
217234,0.742851674557
217236,0.778471589088
217238,0.726952135563
217240,0.690549969673
217241,0.650349378586
217243,0.428906440735
217245,0.942629933357
217246,0.987145543098
217251,0.922456800938
217252,0.945247113705
217255,0.982276499271
217257,0.936157107353
217258,0.494517445564
217262,0.591035425663
217263,0.97358840704
217265,0.626154184341
217267,0.542174875736
217268,0.986931502819
217269,0.967124283314
217270,0.955543577671
217277,0.765532791615
217278,0.974585950375
217284,0.655833899975
217285,0.933964669704
217286,0.468955695629
217287,0.39401242137
217290,0.667584002018
217291,0.946571648121
217292,0.888459205627
217296,0.866464555264
217299,0.756708562374
217300,0.770607352257
217301,0.942466855049
217305,0.766739606857
217306,0.936982452869
217309,0.459778040648
217310,0.737342953682
217312,0.925375938416
217314,0.615612149239
217315,0.721369624138
217317,0.734025776386
217318,0.837566435337
217320,0.58831179142
217321,0.988563656807
217322,0.760419249535
217323,0.880177736282
217324,0.642496466637
217325,0.791857123375
217326,0.986006855965
217327,0.69333332777
217329,0.492741107941
217332,0.0790022686124
217336,0.922597587109
217337,0.61601793766
217338,0.586660265923
217339,0.890702366829
217340,0.924436450005
217341,0.880045413971
217343,0.603033959866
217345,0.960670769215
217346,0.993000388145
217349,0.676549851894
217353,0.911577641964
217354,0.48364803195
217358,0.910176217556
217361,0.497678250074
217362,0.252751290798
217364,0.77588301897
217366,0.984299063683
217368,0.722320020199
217370,0.977451145649
217372,0.951836109161
217374,0.831061184406
217376,0.913507342339
217388,0.979113399982
217389,0.980151712894
217391,0.71341407299
217392,0.982522249222
217393,0.521694302559
217394,0.50889146328
217395,0.534946799278
217397,0.747605979443
217399,0.773680448532
217403,0.734656512737
217405,0.969149470329
217409,0.949016153812
217411,0.991504490376
217413,0.686015129089
217418,0.464282095432
217420,0.796284258366
217421,0.833755612373
217422,0.949276149273
217424,0.956912100315
217425,0.406525969505
217429,0.731626629829
217430,0.58330231905
217431,0.46392133832
217432,0.426541775465
217433,0.9003713727
217434,0.913216531277
217435,0.727707922459
217438,0.897822439671
217440,0.64104115963
217441,0.936198592186
217442,0.301004886627
217445,0.903790473938
217446,0.787692546844
217449,0.987557291985
217450,0.816775202751
217451,0.793212175369
217452,0.807160615921
217455,0.734556794167
217456,0.712376773357
217459,0.744422495365
217460,0.889262318611
217461,0.89006793499
217463,0.975966215134
217467,0.845795750618
217469,0.491910099983
217470,0.907163202763
217472,0.535018265247
217473,0.974279046059
217474,0.90575748682
217475,0.606803238392
217477,0.537943482399
217478,0.713115096092
217480,0.699375033379
217482,0.750849246979
217484,0.486094474792
217486,0.896904408932
217488,0.843424141407
217489,0.675095319748
217490,0.915413320065
217491,0.846782445908
217492,0.954107224941
217494,0.776720941067
217496,0.894573569298
217499,0.975569188595
217504,0.860535085201
217505,0.570567727089
217507,0.332722485065
217508,0.809029519558
217509,0.949173152447
217510,0.465614259243
217521,0.942369103432
217522,0.880413293839
217523,0.374935001135
217524,0.772681295872
217525,0.917872846127
217530,0.6900857687
217532,0.509888350964
217533,0.549865603447
217534,0.875891029835
217535,0.869266986847
217538,0.834254324436
217539,0.957861721516
217542,0.896348297596
217543,0.813520312309
217544,0.451070189476
217545,0.859042108059
217549,0.956604778767
217550,0.745469450951
217551,0.976234912872
217553,0.943394899368
217555,0.991462409496
217558,0.736295104027
217566,0.62323820591
217567,0.976156294346
217570,0.838762223721
217571,0.370274871588
217572,0.64274585247
217573,0.700438439846
217574,0.942716062069
217576,0.977414608002
217580,0.725984036922
217581,0.887743592262
217583,0.987054407597
217586,0.627265453339
217589,0.961940705776
217591,0.746425867081
217593,0.768390774727
217595,0.303727120161
217597,0.660268783569
217600,0.713460445404
217601,0.866963088512
217602,0.791375041008
217603,0.888402402401
217605,0.734434425831
217610,0.846253991127
217611,0.759913682938
217614,0.716878652573
217616,0.729713320732
217618,0.799299716949
217621,0.919164836407
217622,0.901024639606
217623,0.906637609005
217625,0.614986181259
217629,0.431524038315
217631,0.709256470203
217632,0.809335052967
217637,0.38728582859
217639,0.72180557251
217641,0.819748699665
217645,0.595849633217
217647,0.404918283224
217648,0.562547802925
217650,0.680965125561
217651,0.853261291981
217653,0.954621553421
217654,0.908840596676
217657,0.906281650066
217660,0.696413934231
217661,0.911402821541
217662,0.960340619087
217664,0.947713792324
217666,0.942171931267
217669,0.851534545422
217670,0.664260029793
217671,0.935131072998
217672,0.309323251247
217673,0.981293618679
217674,0.880807876587
217677,0.532017886639
217680,0.548045933247
217681,0.853461146355
217682,0.965160667896
217683,0.442181020975
217687,0.754127085209
217688,0.866044044495
217689,0.840710878372
217691,0.8782761693
217692,0.885153234005
217696,0.796509802341
217697,0.76672232151
217698,0.708172440529
217700,0.78580224514
217701,0.941516697407
217703,0.690383374691
217704,0.79303842783
217705,0.723852753639
217708,0.819865643978
217709,0.948407590389
217711,0.816562116146
217718,0.953206479549
217720,0.850629448891
217724,0.903889238834
217725,0.916953206062
217726,0.971583724022
217728,0.97775375843
217731,0.890230774879
217735,0.87967056036
217737,0.989200234413
217738,0.982422053814
217741,0.933723330498
217742,0.839936673641
217744,0.865019500256
217745,0.602626085281
217748,0.777904510498
217749,0.905938088894
217750,0.920359373093
217751,0.723884880543
217752,0.848235309124
217753,0.645096838474
217755,0.764678299427
217756,0.500869572163
217758,0.887327313423
217763,0.841153681278
217766,0.848513662815
217772,0.814709961414
217776,0.757921040058
217778,0.393786042929
217779,0.699499487877
217782,0.905373215675
217785,0.211689844728
217786,0.652866244316
217789,0.807424783707
217790,0.865375757217
217791,0.802466154099
217792,0.814940333366
217793,0.39401909709
217798,0.853673815727
217799,0.654263496399
217800,0.980516731739
217802,0.764534115791
217804,0.267844498158
217805,0.87126916647
217806,0.835043251514
217807,0.52160525322
217811,0.829343259335
217812,0.709972381592
217814,0.452623486519
217815,0.55124938488
217816,0.906820833683
217817,0.844108104706
217819,0.0960705131292
217820,0.931276917458
217824,0.743081212044
217825,0.770144581795
217829,0.837685883045
217831,0.656218111515
217832,0.79569208622
217833,0.22769588232
217836,0.887305736542
217838,0.478392779827
217839,0.91749548912
217840,0.872364938259
217841,0.759613215923
217847,0.650677025318
217852,0.922391235828
217861,0.649679303169
217862,0.929683446884
217863,0.5530154109
217864,0.969716370106
217865,0.6233304739
217867,0.682187795639
217871,0.793311417103
217873,0.861586987972
217877,0.724197685719
217878,0.915609776974
217880,0.803317070007
217883,0.372033208609
217884,0.94525706768
217885,0.831966400146
217886,0.934457302094
217890,0.641482532024
217891,0.552939593792
217892,0.569213628769
217896,0.871089160442
217897,0.947026252747
217898,0.978435397148
217899,0.887418687344
217900,0.966638743877
217901,0.706739723682
217902,0.806044638157
217903,0.934815108776
217904,0.921224713326
217909,0.780066072941
217910,0.836514115334
217911,0.840196549892
217914,0.687156498432
217915,0.683418154716
217916,0.968990981579
217917,0.486458212137
217919,0.801104724407
217922,0.83303052187
217924,0.950488328934
217926,0.721077620983
217927,0.979751884937
217928,0.689424753189
217930,0.653125345707
217931,0.980923295021
217932,0.672415673733
217933,0.632035493851
217935,0.860311388969
217936,0.950821101665
217937,0.982752382755
217939,0.914964258671
217940,0.599662661552
217942,0.305105090141
217943,0.754768610001
217946,0.983667731285
217947,0.865912139416
217949,0.88639485836
217950,0.699814617634
217951,0.770422637463
217952,0.851870059967
217954,0.696379184723
217955,0.737129628658
217958,0.455323845148
217961,0.966265082359
217962,0.86738216877
217967,0.566278636456
217973,0.5626501441
217975,0.432576209307
217977,0.832729399204
217981,0.676209270954
217983,0.731422841549
217984,0.834464907646
217985,0.879209578037
217987,0.87530452013
217989,0.710345923901
217991,0.873900353909
217992,0.850621581078
217995,0.266752630472
217996,0.853213906288
217997,0.373848736286
217999,0.800153255463
218005,0.650528728962
218006,0.0716042891145
218007,0.72594422102
218009,0.872052073479
218013,0.984593093395
218014,0.737843334675
218015,0.976798057556
218016,0.954270482063
218017,0.551365315914
218022,0.928365647793
218026,0.575405478477
218027,0.807014763355
218033,0.550167620182
218037,0.929715871811
218038,0.940360367298
218042,0.798193454742
218043,0.960728526115
218044,0.765756368637
218047,0.916999042034
218049,0.646120846272
218050,0.149200245738
218051,0.402035832405
218053,0.949966967106
218055,0.888419687748
218056,0.990364849567
218058,0.631424248219
218061,0.523115038872
218065,0.795189499855
218067,0.975487351418
218070,0.770968973637
218072,0.909609973431
218073,0.924736857414
218076,0.448861330748
218079,0.836295545101
218081,0.991957426071
218083,0.798907458782
218084,0.732341766357
218089,0.829039573669
218090,0.637871682644
218091,0.890803337097
218092,0.835157155991
218094,0.780605018139
218095,0.911354422569
218101,0.873705923557
218105,0.918418109417
218106,0.881319403648
218108,0.867569625378
218110,0.987281739712
218111,0.596281647682
218113,0.961017370224
218114,0.872365474701
218116,0.863518834114
218117,0.848119974136
218119,0.884141385555
218123,0.568540513515
218125,0.838778078556
218128,0.897324442863
218131,0.0719663724303
218132,0.750319719315
218133,0.608211398125
218137,0.689045071602
218139,0.57270860672
218140,0.924995243549
218142,0.210758030415
218143,0.665612637997
218144,0.573440849781
218145,0.857666313648
218150,0.20897975564
218152,0.731254458427
218154,0.657703280449
218156,0.967058539391
218160,0.741117238998
218161,0.925290703773
218162,0.875414907932
218163,0.71742618084
218165,0.768978476524
218167,0.586498081684
218168,0.739593505859
218170,0.953379154205
218171,0.640232384205
218172,0.551868498325
218173,0.858782112598
218174,0.245762884617
218175,0.978061199188
218176,0.618894696236
218179,0.68941962719
218182,0.953472495079
218186,0.56493973732
218187,0.575201034546
218190,0.94841080904
218191,0.984294891357
218192,0.66704761982
218193,0.798691511154
218195,0.576529085636
218196,0.169262424111
218197,0.890963196754
218200,0.501585066319
218201,0.924933969975
218203,0.922413468361
218207,0.892782628536
218209,0.970706880093
218211,0.873054981232
218215,0.855899631977
218216,0.939768970013
218218,0.616408824921
218220,0.33948430419
218221,0.0542676262558
218222,0.700573682785
218224,0.978612780571
218226,0.687661826611
218229,0.752929806709
218231,0.982321500778
218234,0.849091529846
218235,0.876096367836
218236,0.929524898529
218237,0.804456114769
218238,0.865736544132
218239,0.681131660938
218240,0.881898581982
218243,0.435914605856
218244,0.99131166935
218245,0.918439328671
218248,0.825658738613
218249,0.81298738718
218251,0.736783444881
218252,0.917239487171
218253,0.844971358776
218254,0.624365150928
218255,0.827828347683
218259,0.746849536896
218260,0.757930159569
218262,0.592777252197
218265,0.964514672756
218266,0.852519512177
218269,0.609234988689
218272,0.753796696663
218273,0.38792937994
218277,0.973748445511
218278,0.943847954273
218279,0.673470437527
218280,0.60386288166
218282,0.475223004818
218283,0.274594664574
218285,0.9639518857
218287,0.679323256016
218288,0.832908153534
218289,0.324629098177
218290,0.879551231861
218291,0.386627942324
218294,0.812170922756
218295,0.63397949934
218299,0.892955780029
218301,0.386434108019
218309,0.958734333515
218310,0.863346874714
218311,0.444082766771
218316,0.977546751499
218318,0.698444068432
218321,0.910301268101
218323,0.987610578537
218325,0.879339039326
218327,0.749352872372
218328,0.906202614307
218330,0.36317756772
218332,0.751944124699
218336,0.887737691402
218337,0.604218661785
218338,0.833628118038
218341,0.722931325436
218344,0.471719771624
218346,0.89066785574
218347,0.668987572193
218350,0.712484300137
218351,0.948417007923
218352,0.738323807716
218356,0.857957541943
218358,0.644045054913
218360,0.789860069752
218362,0.857044696808
218366,0.871921598911
218370,0.978315353394
218371,0.81488609314
218372,0.931760907173
218373,0.538047969341
218374,0.969523787498
218377,0.939633607864
218378,0.890776574612
218379,0.925075113773
218386,0.882488489151
218387,0.899892807007
218389,0.388498276472
218390,0.548941791058
218392,0.970636308193
218393,0.3067278862
218395,0.701408207417
218399,0.724846184254
218400,0.528675734997
218403,0.890563428402
218407,0.77311193943
218408,0.841700851917
218409,0.780137956142
218410,0.5633867383
218412,0.665014445782
218413,0.920703411102
218416,0.752079963684
218417,0.973220169544
218419,0.252087563276
218420,0.963364839554
218421,0.642799735069
218425,0.602463960648
218426,0.843244075775
218428,0.917418122292
218429,0.854617476463
218430,0.715902328491
218431,0.86220562458
218432,0.930951654911
218437,0.971160411835
218438,0.726113677025
218439,0.886450707912
218443,0.916061639786
218444,0.757051408291
218447,0.866565942764
218449,0.881840646267
218452,0.680892288685
218453,0.798062860966
218455,0.734683871269
218457,0.721511483192
218459,0.676006197929
218460,0.749879837036
218462,0.863876760006
218463,0.959779262543
218465,0.64511102438
218466,0.897427082062
218467,0.96806794405
218469,0.820638537407
218470,0.899954795837
218471,0.968328416348
218472,0.230642303824
218475,0.742610216141
218479,0.89055877924
218480,0.168950334191
218482,0.86905580759
218483,0.864587903023
218484,0.833972871304
218485,0.81947863102
218487,0.512450873852
218488,0.778973162174
218491,0.654522120953
218492,0.700502574444
218495,0.94917088747
218498,0.737000286579
218503,0.301058381796
218508,0.955582618713
218509,0.69807100296
218511,0.96914935112
218512,0.562887430191
218516,0.260222285986
218518,0.903528392315
218519,0.793126821518
218522,0.773383796215
218523,0.984656155109
218524,0.808522760868
218527,0.938152432442
218530,0.904721736908
218534,0.732064068317
218537,0.840950369835
218540,0.669315695763
218541,0.845716416836
218542,0.694530546665
218544,0.706438481808
218545,0.708771824837
218546,0.943588376045
218549,0.57438403368
218551,0.958799004555
218552,0.737528383732
218554,0.984348058701
218555,0.810899078846
218556,0.105077266693
218559,0.879164397717
218560,0.97816747427
218561,0.816925048828
218568,0.795025169849
218570,0.802672386169
218572,0.84540104866
218573,0.952949523926
218574,0.61513531208
218577,0.913537085056
218581,0.943584859371
218585,0.909259498119
218589,0.765522003174
218591,0.72581923008
218592,0.845244348049
218597,0.947213053703
218601,0.381479173899
218602,0.902698457241
218605,0.921943604946
218609,0.755467474461
218610,0.944125711918
218611,0.517932891846
218612,0.770490407944
218614,0.825324475765
218615,0.754738211632
218621,0.69145321846
218624,0.85788410902
218626,0.79205095768
218628,0.986458003521
218629,0.699229836464
218634,0.359376490116
218637,0.960225224495
218640,0.954986572266
218641,0.896271765232
218646,0.849961996078
218649,0.637414574623
218650,0.883191466331
218653,0.98939704895
218654,0.928878009319
218656,0.774145007133
218658,0.685489177704
218659,0.726179778576
218660,0.510860979557
218661,0.505275011063
218662,0.793239653111
218663,0.3657117486
218664,0.671693265438
218665,0.85325729847
218666,0.926097214222
218667,0.766038060188
218669,0.904066503048
218670,0.878762960434
218671,0.906474173069
218672,0.978396356106
218673,0.499911218882
218676,0.863259077072
218677,0.992843449116
218680,0.611962139606
218683,0.901276648045
218688,0.646727621555
218690,0.923331737518
218691,0.569498896599
218692,0.919278979301
218693,0.745016038418
218694,0.744674324989
218696,0.770401597023
218699,0.287448078394
218700,0.873775720596
218702,0.612772405148
218704,0.922664165497
218705,0.618423521519
218707,0.978870749474
218708,0.957187771797
218713,0.97225934267
218715,0.0928559154272
218719,0.849651098251
218720,0.886238217354
218724,0.974980473518
218726,0.724166512489
218730,0.858222723007
218731,0.883140325546
218735,0.903326153755
218736,0.778422176838
218737,0.969451785088
218740,0.219131231308
218742,0.630812883377
218743,0.71132516861
218744,0.793218016624
218745,0.580889523029
218746,0.499544680119
218747,0.791918158531
218751,0.988413631916
218752,0.815223157406
218753,0.969687104225
218756,0.360817730427
218757,0.870420396328
218759,0.791472017765
218760,0.806069076061
218761,0.787192463875
218762,0.971533536911
218763,0.88235527277
218766,0.800558626652
218767,0.81732237339
218768,0.867370784283
218769,0.87853115797
218770,0.62160462141
218773,0.875237941742
218774,0.727418601513
218777,0.780579388142
218778,0.802815377712
218780,0.769916832447
218784,0.741589605808
218785,0.79032355547
218788,0.835919201374
218789,0.861801981926
218790,0.653142929077
218791,0.570341467857
218792,0.969436764717
218795,0.873902916908
218800,0.62541782856
218801,0.473167151213
218804,0.90612578392
218807,0.909490644932
218808,0.557374000549
218810,0.963075578213
218812,0.736171722412
218814,0.972544431686
218817,0.496986478567
218819,0.941220402718
218820,0.741928577423
218821,0.937612891197
218823,0.838565051556
218825,0.771475434303
218826,0.564576804638
218827,0.973832666874
218829,0.644595861435
218830,0.838005542755
218831,0.812333166599
218833,0.833499908447
218839,0.919964194298
218843,0.889706909657
218845,0.798009812832
218848,0.373092085123
218850,0.546833693981
218852,0.975656509399
218855,0.50660020113
218856,0.585521221161
218859,0.527975559235
218860,0.922396242619
218861,0.861607789993
218862,0.74747055769
218863,0.756647229195
218864,0.951786458492
218865,0.550634324551
218866,0.874074161053
218867,0.483590424061
218869,0.960873901844
218870,0.901293754578
218871,0.815644562244
218873,0.818305134773
218875,0.808694958687
218879,0.942592859268
218880,0.573169946671
218884,0.475511670113
218885,0.440268397331
218887,0.647043645382
218888,0.591989278793
218890,0.884792804718
218894,0.911256790161
218896,0.620777189732
218897,0.940361142159
218898,0.959405958652
218899,0.808512866497
218901,0.969243407249
218902,0.835225045681
218908,0.365304976702
218909,0.90791028738
218910,0.941162347794
218912,0.6771286726
218913,0.700569450855
218917,0.881590604782
218919,0.782778918743
218923,0.961864829063
218926,0.715765953064
218929,0.766462504864
218930,0.930579841137
218931,0.602436542511
218936,0.861515045166
218937,0.894896328449
218943,0.587297618389
218945,0.968125581741
218946,0.70504039526
218948,0.697964310646
218949,0.887546360493
218951,0.852458298206
218952,0.939959645271
218954,0.743112623692
218957,0.637069225311
218959,0.78461676836
218960,0.95037150383
218961,0.659030795097
218965,0.70455300808
218967,0.93804949522
218969,0.865242660046
218970,0.972964167595
218971,0.799332678318
218972,0.908423125744
218975,0.983888745308
218977,0.801293671131
218978,0.924334585667
218982,0.853258252144
218984,0.897123575211
218985,0.961708903313
218987,0.716184794903
218989,0.870605766773
218991,0.814237236977
218992,0.933633565903
218994,0.973348557949
218995,0.938089907169
218996,0.971702873707
218998,0.688834965229
219000,0.824968397617
219002,0.798089087009
219004,0.892036497593
219005,0.890212237835
219007,0.82382017374
219008,0.942681014538
219012,0.717733561993
219013,0.906522333622
219014,0.731451511383
219015,0.93946647644
219016,0.987791836262
219020,0.838132977486
219022,0.979781746864
219025,0.923722624779
219027,0.85184520483
219029,0.644137203693
219030,0.787374079227
219031,0.746286809444
219034,0.841331005096
219035,0.792712390423
219036,0.660645604134
219038,0.624519169331
219039,0.902393460274
219041,0.788072049618
219043,0.74582618475
219046,0.732462286949
219047,0.772420108318
219048,0.805942475796
219050,0.751441538334
219052,0.781142175198
219055,0.887465953827
219056,0.896173775196
219057,0.936965405941
219059,0.821416318417
219060,0.92501616478
219061,0.794430196285
219063,0.958892583847
219064,0.961711466312
219065,0.515155613422
219067,0.872959733009
219069,0.974728047848
219070,0.700227677822
219072,0.772022128105
219073,0.892767131329
219074,0.745767712593
219077,0.482464134693
219080,0.751324951649
219081,0.818754017353
219082,0.909437000751
219085,0.822389662266
219086,0.974763035774
219088,0.846502244473
219090,0.537701845169
219092,0.688769519329
219093,0.985652208328
219094,0.662556707859
219096,0.707707166672
219099,0.984632015228
219100,0.965335726738
219102,0.8550131917
219104,0.719745993614
219106,0.0948771163821
219108,0.577088594437
219110,0.967695653439
219113,0.864446043968
219116,0.926662445068
219117,0.845162153244
219118,0.977120399475
219122,0.889145612717
219123,0.718690693378
219124,0.049033023417
219125,0.752844035625
219126,0.924313902855
219127,0.647795498371
219128,0.89951646328
219129,0.965044438839
219130,0.937195658684
219133,0.956452608109
219138,0.592580616474
219139,0.781714737415
219143,0.844619572163
219144,0.961219072342
219150,0.90294021368
219152,0.826209068298
219153,0.894833922386
219154,0.548491716385
219161,0.942760109901
219163,0.779367804527
219165,0.476396501064
219172,0.237641766667
219174,0.69649374485
219177,0.380660057068
219180,0.964584112167
219181,0.456398189068
219182,0.722845137119
219185,0.858681678772
219186,0.986298978329
219188,0.944079577923
219189,0.585670769215
219190,0.494939386845
219195,0.491901218891
219196,0.458351790905
219197,0.777970433235
219198,0.977454543114
219200,0.900397062302
219204,0.961207091808
219206,0.96676337719
219208,0.94158244133
219209,0.904854357243
219212,0.823732614517
219215,0.764186620712
219217,0.93855714798
219221,0.920609354973
219224,0.786919593811
219228,0.847065150738
219229,0.914836704731
219231,0.904503703117
219232,0.948846876621
219233,0.905526936054
219234,0.827217519283
219235,0.795424938202
219238,0.838615834713
219239,0.437134563923
219240,0.978395879269
219245,0.739245295525
219246,0.751020610332
219248,0.940569579601
219251,0.898599207401
219253,0.885077893734
219255,0.361841708422
219256,0.936146974564
219257,0.641845285892
219259,0.760365068913
219260,0.961849868298
219262,0.444198220968
219264,0.688853740692
219266,0.689581334591
219270,0.8448548913
219272,0.859648287296
219275,0.681525826454
219282,0.974932849407
219284,0.725284814835
219285,0.970304429531
219286,0.498505830765
219289,0.766317844391
219291,0.968620479107
219292,0.678050100803
219295,0.877184808254
219296,0.931469142437
219298,0.792410731316
219300,0.511182308197
219304,0.935522139072
219305,0.48999273777
219309,0.842158079147
219310,0.976426303387
219313,0.931026279926
219315,0.470652461052
219316,0.833126306534
219321,0.876158595085
219324,0.811153352261
219326,0.876372337341
219327,0.970547735691
219330,0.911659538746
219332,0.860850691795
219334,0.97197830677
219335,0.846961915493
219336,0.937258064747
219337,0.905099987984
219338,0.80471098423
219339,0.868184089661
219340,0.872785151005
219342,0.493678152561
219343,0.641024410725
219344,0.844415903091
219347,0.88064789772
219349,0.788777947426
219351,0.56537270546
219352,0.965392231941
219355,0.81668484211
219356,0.902755498886
219358,0.819892764091
219361,0.838378369808
219362,0.907754957676
219363,0.124331638217
219364,0.887315809727
219365,0.837359428406
219368,0.652265965939
219370,0.834423005581
219371,0.985372126102
219374,0.984620213509
219375,0.955071210861
219378,0.934479057789
219379,0.780272781849
219380,0.963152229786
219381,0.789053142071
219382,0.854750812054
219383,0.973310410976
219387,0.669092357159
219388,0.716129541397
219389,0.928864955902
219390,0.855405807495
219391,0.692931473255
219393,0.946362018585
219394,0.812340497971
219397,0.983319580555
219398,0.60293340683
219401,0.890790522099
219403,0.897888541222
219405,0.761203408241
219406,0.949492990971
219407,0.716666281223
219408,0.849775731564
219409,0.730440497398
219410,0.852664589882
219411,0.891219854355
219414,0.949219763279
219415,0.706280350685
219417,0.811509907246
219419,0.937701702118
219421,0.657714486122
219422,0.690339446068
219430,0.554678142071
219432,0.16897778213
219433,0.646299064159
219435,0.741163432598
219436,0.846165776253
219439,0.523871243
219442,0.568653821945
219444,0.757726669312
219446,0.538397550583
219449,0.675724089146
219452,0.0881944224238
219453,0.957692205906
219455,0.895639300346
219456,0.949579596519
219457,0.760892868042
219459,0.717829346657
219460,0.827385723591
219463,0.966587722301
219465,0.640563070774
219466,0.945356667042
219467,0.970926165581
219471,0.976292312145
219474,0.972650170326
219475,0.785508751869
219479,0.817342460155
219481,0.978690385818
219485,0.92227178812
219488,0.678164958954
219491,0.915987610817
219492,0.975398659706
219493,0.751018404961
219495,0.895802199841
219496,0.939758837223
219500,0.0853048115969
219502,0.656006276608
219503,0.587336421013
219505,0.984530329704
219507,0.890480995178
219509,0.966613590717
219512,0.659973919392
219515,0.864950656891
219519,0.95999443531
219520,0.959957182407
219522,0.611277461052
219524,0.788075506687
219527,0.993414878845
219529,0.976749062538
219530,0.760304749012
219532,0.471773803234
219533,0.803399384022
219534,0.940966784954
219535,0.61199837923
219536,0.722418606281
219538,0.629228055477
219540,0.932515501976
219543,0.908858835697
219544,0.940832555294
219545,0.616327226162
219546,0.779396057129
219549,0.264676243067
219551,0.94179058075
219553,0.628520667553
219554,0.488965898752
219555,0.654626727104
219556,0.930692493916
219561,0.777533054352
219562,0.421267449856
219563,0.843854725361
219565,0.89538615942
219566,0.962678730488
219570,0.896166265011
219571,0.72770512104
219573,0.871589958668
219575,0.594318807125
219577,0.775806963444
219579,0.974007248878
219583,0.945515930653
219584,0.828521192074
219589,0.73933494091
219592,0.659293413162
219597,0.630029678345
219598,0.913679659367
219600,0.930253565311
219601,0.975669562817
219602,0.749864399433
219604,0.74835729599
219605,0.636614739895
219606,0.946298182011
219608,0.989610075951
219609,0.385857701302
219613,0.66627073288
219614,0.838364422321
219616,0.480999171734
219618,0.757567584515
219619,0.989679217339
219620,0.661567687988
219621,0.860476315022
219623,0.644831120968
219625,0.664793610573
219628,0.924224615097
219631,0.846950173378
219636,0.955763399601
219639,0.841502845287
219640,0.605897843838
219641,0.880158007145
219642,0.298709958792
219643,0.146269366145
219644,0.75474268198
219645,0.887817263603
219646,0.892205774784
219649,0.640196621418
219651,0.992061972618
219652,0.957926571369
219655,0.923455715179
219660,0.513230979443
219661,0.83142209053
219664,0.788785040379
219667,0.988630175591
219668,0.731669545174
219671,0.977028250694
219674,0.67926222086
219675,0.853395938873
219677,0.630255401134
219678,0.762964189053
219679,0.520847856998
219680,0.785721242428
219682,0.687014222145
219685,0.971787393093
219686,0.781248152256
219687,0.721505045891
219688,0.746099889278
219691,0.640972137451
219697,0.98064738512
219698,0.773669838905
219700,0.912026703358
219703,0.891640543938
219705,0.788971722126
219707,0.232035115361
219708,0.859944045544
219711,0.485167831182
219712,0.969157755375
219713,0.703477919102
219714,0.729129731655
219716,0.824757456779
219717,0.861450254917
219718,0.939028978348
219720,0.878632843494
219722,0.868279576302
219723,0.929365992546
219726,0.794733524323
219728,0.409598559141
219732,0.863324820995
219735,0.384497821331
219736,0.878451824188
219737,0.909542143345
219739,0.920588850975
219742,0.892763257027
219744,0.377314835787
219745,0.953555822372
219746,0.808878600597
219748,0.970725297928
219750,0.583754658699
219752,0.962258517742
219754,0.937325417995
219758,0.641331553459
219759,0.715505003929
219764,0.930670320988
219767,0.815503180027
219768,0.970190644264
219769,0.72368401289
219771,0.962697148323
219773,0.884245693684
219775,0.87112402916
219776,0.933733642101
219777,0.860401272774
219784,0.985057771206
219785,0.899831771851
219786,0.883068263531
219787,0.62129586935
219788,0.88249206543
219789,0.937582910061
219791,0.958733558655
219793,0.841075539589
219795,0.537956237793
219801,0.393916457891
219810,0.625803589821
219811,0.813482582569
219814,0.70673930645
219820,0.741977751255
219821,0.84735262394
219828,0.931484878063
219830,0.813830077648
219831,0.908544063568
219832,0.974179029465
219833,0.729013502598
219834,0.828168809414
219835,0.898051679134
219838,0.933956921101
219841,0.961142241955
219843,0.724397420883
219845,0.467798948288
219847,0.896823227406
219848,0.826064407825
219852,0.911288440228
219854,0.897222161293
219855,0.369849294424
219858,0.917552888393
219860,0.836387753487
219862,0.776175618172
219863,0.97633343935
219864,0.521555185318
219866,0.380096137524
219868,0.576180994511
219871,0.864378213882
219872,0.687363684177
219873,0.883968353271
219875,0.708762228489
219877,0.882843792439
219878,0.552229881287
219881,0.781795322895
219884,0.215871155262
219891,0.98836606741
219893,0.979854404926
219897,0.885345876217
219898,0.916625857353
219899,0.823189258575
219901,0.645236551762
219903,0.942229270935
219907,0.887487649918
219908,0.932736456394
219910,0.811768174171
219911,0.966962456703
219912,0.85103148222
219913,0.725173830986
219916,0.975016951561
219917,0.822930932045
219918,0.861200630665
219920,0.198731526732
219921,0.649207115173
219922,0.820953905582
219925,0.876261293888
219926,0.854319274426
219927,0.964771807194
219928,0.753326296806
219929,0.67420321703
219930,0.853979468346
219939,0.938181579113
219942,0.786153614521
219947,0.372868180275
219950,0.931355714798
219952,0.381550312042
219953,0.751306772232
219955,0.801872074604
219958,0.90276736021
219959,0.660254836082
219961,0.90582883358
219963,0.726717531681
219967,0.576079130173
219969,0.727011144161
219971,0.951267302036
219972,0.801638782024
219976,0.791358411312
219977,0.81183809042
219978,0.77695775032
219980,0.83123922348
219981,0.860857784748
219982,0.666192471981
219983,0.783061563969
219985,0.950241029263
219986,0.793055415154
219987,0.917690217495
219988,0.967674195766
219990,0.857030630112
219991,0.482292503119
219993,0.954176127911
219994,0.757433533669
219995,0.595706760883
219996,0.906925141811
219999,0.804132163525
220000,0.695138454437
220002,0.671775221825
220003,0.609518051147
220004,0.913871765137
220005,0.67865228653
220007,0.793408930302
220011,0.154609665275
220012,0.275746256113
220013,0.993132054806
220018,0.984445631504
220019,0.74549549818
220020,0.660675227642
220022,0.824172079563
220023,0.595822930336
220025,0.878108084202
220026,0.863590955734
220027,0.444252938032
220029,0.940481543541
220030,0.916386365891
220032,0.905085921288
220035,0.716115117073
220036,0.973161816597
220038,0.802451193333
220039,0.855484604836
220040,0.914156496525
220042,0.793136417866
220044,0.960884571075
220048,0.988750517368
220049,0.657313168049
220050,0.486305713654
220052,0.957427442074
220054,0.86044460535
220055,0.594495296478
220061,0.894045174122
220063,0.518561005592
220064,0.268947720528
220065,0.801157295704
220067,0.712865591049
220069,0.507361769676
220074,0.700130820274
220075,0.946993947029
220077,0.805931389332
220080,0.831264138222
220082,0.713075697422
220084,0.56588447094
220085,0.887080669403
220088,0.836809754372
220089,0.673456132412
220092,0.475835204124
220095,0.740769088268
220096,0.961787223816
220098,0.722944974899
220104,0.548825442791
220105,0.550535321236
220107,0.932506263256
220108,0.895009100437
220109,0.800424098969
220110,0.968983232975
220112,0.946267545223
220113,0.975378453732
220114,0.970205008984
220117,0.986092984676
220118,0.926827192307
220120,0.806827902794
220121,0.700952351093
220122,0.874043762684
220123,0.859828233719
220125,0.890730917454
220130,0.599864959717
220131,0.943451225758
220132,0.938854217529
220133,0.91062515974
220135,0.917493879795
220137,0.347701072693
220139,0.744655013084
220140,0.832245528698
220141,0.904910504818
220144,0.939439833164
220145,0.894758582115
220149,0.495459675789
220151,0.878299415112
220152,0.762070894241
220153,0.51451677084
220154,0.798117816448
220155,0.885395109653
220156,0.911561071873
220157,0.863782584667
220161,0.876226782799
220164,0.936164081097
220166,0.954240202904
220167,0.927692532539
220169,0.625962436199
220176,0.631469488144
220180,0.556148350239
220181,0.789561808109
220182,0.767033696175
220184,0.991732001305
220185,0.919580161572
220186,0.618659734726
220188,0.923142433167
220191,0.94551306963
220194,0.929173469543
220195,0.751559436321
220196,0.519501030445
220199,0.976787030697
220201,0.837233304977
220204,0.899550497532
220206,0.525394916534
220208,0.536148607731
220211,0.838074207306
220213,0.784842908382
220216,0.959827721119
220218,0.802119731903
220219,0.886241018772
220225,0.399836182594
220229,0.804841697216
220231,0.886518418789
220235,0.718913197517
220236,0.87987601757
220237,0.650984346867
220238,0.511054337025
220239,0.785080492496
220241,0.660900533199
220242,0.743767976761
220243,0.960667014122
220245,0.919203400612
220251,0.586842656136
220253,0.887275159359
220255,0.872399747372
220258,0.880638122559
220264,0.778709292412
220265,0.919624626637
220266,0.986928284168
220269,0.75240033865
220270,0.95504963398
220273,0.813356876373
220274,0.508581936359
220277,0.82508379221
220279,0.870780587196
220285,0.336320966482
220289,0.912150859833
220295,0.456427454948
220296,0.877539038658
220299,0.924595177174
220305,0.988267719746
220306,0.842706084251
220307,0.761897861958
220309,0.65066421032
220312,0.831764042377
220314,0.868600547314
220315,0.844320833683
220317,0.520135223866
220319,0.990314781666
220322,0.819875121117
220323,0.978864312172
220324,0.982676744461
220325,0.972209215164
220327,0.954952597618
220329,0.950690984726
220330,0.977051198483
220332,0.751896202564
220339,0.506170630455
220340,0.888378977776
220342,0.15820799768
220344,0.968321084976
220345,0.705286324024
220346,0.868098914623
220347,0.943053841591
220348,0.967436492443
220349,0.738137125969
220358,0.82305508852
220359,0.849188029766
220363,0.955648362637
220368,0.905297994614
220370,0.812430560589
220373,0.645774543285
220374,0.895207881927
220375,0.843054771423
220376,0.343854308128
220379,0.93803447485
220380,0.89952647686
220384,0.826578855515
220386,0.789587318897
220388,0.967714488506
220391,0.964182555676
220392,0.67733335495
220393,0.853552222252
220398,0.976253688335
220399,0.8131711483
220400,0.792800426483
220401,0.895269989967
220402,0.781564891338
220403,0.977073431015
220404,0.956822454929
220406,0.887277960777
220407,0.767010211945
220409,0.498595029116
220410,0.574668526649
220412,0.619727432728
220413,0.977339327335
220414,0.850948154926
220416,0.984648883343
220418,0.33722999692
220420,0.984736144543
220421,0.942377567291
220422,0.908118367195
220423,0.678989052773
220425,0.581950545311
220426,0.897885143757
220428,0.944514274597
220430,0.806619644165
220434,0.988859653473
220436,0.704655945301
220437,0.441726744175
220438,0.342270612717
220439,0.620942234993
220442,0.462929874659
220447,0.831351280212
220450,0.967941939831
220456,0.706482589245
220457,0.932365477085
220462,0.569458305836
220464,0.971801161766
220465,0.831939816475
220466,0.951779663563
220469,0.62921911478
220470,0.971843719482
220475,0.927666187286
220479,0.662977516651
220480,0.934657990932
220482,0.65351575613
220484,0.803972184658
220486,0.892552375793
220487,0.612681269646
220490,0.841428995132
220493,0.92856746912
220495,0.121152572334
220496,0.819520533085
220498,0.84761095047
220500,0.934738397598
220501,0.483100712299
220502,0.811571061611
220503,0.850112378597
220504,0.904683411121
220506,0.675982534885
220507,0.915067613125
220509,0.89269644022
220513,0.876176536083
220515,0.715773820877
220518,0.52085340023
220519,0.858792424202
220520,0.563049733639
220521,0.810559391975
220522,0.871928989887
220524,0.924305260181
220526,0.649842500687
220528,0.96811491251
220529,0.864346206188
220531,0.462388932705
220533,0.777940571308
220538,0.915970981121
220540,0.846351087093
220542,0.980967223644
220543,0.729542136192
220545,0.832421779633
220547,0.94097006321
220549,0.431746840477
220551,0.637139618397
220552,0.70551943779
220554,0.73807567358
220555,0.695330202579
220559,0.9275791049
220560,0.768661499023
220561,0.459931820631
220562,0.529395461082
220564,0.912862658501
220566,0.84372150898
220567,0.768714368343
220568,0.931620717049
220570,0.97887223959
220571,0.53153526783
220572,0.967739641666
220573,0.974743664265
220576,0.195376560092
220578,0.932044386864
220579,0.980968177319
220580,0.955801188946
220582,0.871265411377
220583,0.792066693306
220584,0.785699427128
220585,0.723250210285
220588,0.844316005707
220589,0.3539750278
220590,0.409361571074
220591,0.920082330704
220593,0.991160094738
220595,0.201045781374
220598,0.974807202816
220599,0.937035322189
220600,0.96545445919
220601,0.869798839092
220606,0.671920180321
220607,0.937984347343
220608,0.545445263386
220609,0.878882408142
220613,0.676468849182
220614,0.965855419636
220615,0.86544495821
220616,0.944915056229
220618,0.866156935692
220619,0.824088990688
220620,0.831337511539
220621,0.80278724432
220622,0.967566072941
220623,0.864656329155
220625,0.174399867654
220627,0.547321677208
220629,0.929923653603
220632,0.554189264774
220633,0.897785127163
220635,0.957351982594
220636,0.98515355587
220639,0.715256810188
220641,0.876073598862
220642,0.881514072418
220643,0.635823845863
220646,0.964128494263
220649,0.749937355518
220654,0.692634999752
220658,0.648515701294
220659,0.878987073898
220663,0.949870347977
220664,0.855267643929
220669,0.982898831367
220671,0.936772942543
220672,0.890416741371
220674,0.826972723007
220675,0.309123009443
220676,0.933616936207
220678,0.595298349857
220681,0.981235265732
220684,0.758632659912
220685,0.816902935505
220689,0.32077807188
220690,0.93126142025
220691,0.683728277683
220692,0.916496694088
220695,0.809102654457
220697,0.809134244919
220699,0.948272585869
220700,0.902503073215
220701,0.986943364143
220703,0.780665636063
220704,0.835020720959
220706,0.350432664156
220708,0.661723315716
220710,0.967078030109
220711,0.684464991093
220713,0.965608179569
220720,0.643409371376
220721,0.745571494102
220722,0.512140512466
220724,0.810181558132
220725,0.574936032295
220726,0.821886479855
220729,0.445366114378
220730,0.230407699943
220731,0.918846964836
220732,0.327991247177
220733,0.659932017326
220736,0.970911800861
220737,0.592993438244
220738,0.781588613987
220739,0.798199415207
220741,0.503254771233
220746,0.939298808575
220749,0.929858744144
220750,0.927545845509
220751,0.543889522552
220752,0.643398165703
220755,0.9793420434
220757,0.70004093647
220759,0.686193943024
220760,0.974299788475
220768,0.886677443981
220770,0.878554940224
220771,0.760085403919
220772,0.925209701061
220774,0.733658075333
220777,0.955902338028
220778,0.260852366686
220782,0.853282809258
220783,0.231543019414
220785,0.941804349422
220787,0.986219465733
220789,0.775425136089
220791,0.944924294949
220792,0.83823120594
220793,0.835629999638
220794,0.859956026077
220796,0.484235435724
220797,0.474505603313
220799,0.882882654667
220801,0.912260353565
220803,0.690702795982
220805,0.884546220303
220806,0.860095441341
220807,0.672263622284
220808,0.70104855299
220810,0.784473836422
220811,0.550103247166
220812,0.779193103313
220813,0.799902677536
220814,0.984469771385
220816,0.642944216728
220817,0.910554766655
220818,0.829438924789
220819,0.967880427837
220822,0.818938732147
220823,0.862541377544
220824,0.927290856838
220826,0.908800125122
220828,0.968441784382
220829,0.466732949018
220831,0.701437354088
220834,0.696990966797
220836,0.903391480446
220838,0.742433786392
220842,0.0722587108612
220843,0.960738539696
220845,0.926074802876
220847,0.868565320969
220849,0.983301520348
220854,0.187952384353
220855,0.857425868511
220856,0.733871459961
220857,0.861037611961
220858,0.974130272865
220859,0.681601703167
220860,0.762996435165
220863,0.989565849304
220865,0.568530142307
220866,0.86757260561
220867,0.941128313541
220870,0.908053398132
220871,0.847028553486
220872,0.790195703506
220875,0.731024980545
220877,0.735482275486
220880,0.948762536049
220881,0.693158745766
220883,0.905271112919
220884,0.877223730087
220885,0.593771457672
220886,0.954103291035
220887,0.830695092678
220888,0.955711841583
220889,0.840966939926
220891,0.731114983559
220893,0.595179736614
220895,0.642171323299
220896,0.841066896915
220898,0.795141816139
220899,0.674714505672
220903,0.690554022789
220905,0.864312887192
220906,0.69126445055
220907,0.874853134155
220908,0.983188211918
220911,0.955696165562
220912,0.952681362629
220919,0.754328370094
220920,0.672428309917
220923,0.903320610523
220926,0.928588449955
220928,0.982115030289
220930,0.602366268635
220931,0.602741062641
220935,0.756653785706
220936,0.83583343029
220940,0.862407922745
220941,0.906524896622
220942,0.862496733665
220944,0.701626420021
220948,0.920687556267
220952,0.87577599287
220953,0.588681995869
220958,0.767190039158
220960,0.62355607748
220962,0.747514545918
220966,0.786416947842
220968,0.963945806026
220970,0.973439276218
220972,0.770160317421
220975,0.97337013483
220976,0.943155825138
220978,0.837754309177
220979,0.644002974033
220982,0.885856389999
220983,0.760986506939
220985,0.787193357944
220987,0.880013287067
220988,0.739809811115
220989,0.946938037872
220990,0.871932983398
220991,0.787254631519
220997,0.646970689297
220998,0.950290441513
220999,0.551892518997
221000,0.969637811184
221003,0.440916240215
221006,0.961416721344
221007,0.424273997545
221008,0.667808234692
221009,0.753915905952
221010,0.812585473061
221012,0.980138003826
221013,0.954484343529
221014,0.749248683453
221016,0.904985368252
221018,0.873706579208
221019,0.924268960953
221020,0.901293218136
221021,0.796227753162
221023,0.98897600174
221025,0.831803917885
221026,0.934048771858
221027,0.573241174221
221028,0.812433481216
221029,0.731197714806
221030,0.742435395718
221031,0.97390884161
221032,0.406739503145
221034,0.919121325016
221035,0.566789746284
221036,0.959111750126
221038,0.825071573257
221039,0.699300587177
221042,0.521602392197
221045,0.723522603512
221048,0.431517630816
221050,0.974150061607
221053,0.867068529129
221054,0.873597383499
221056,0.957431972027
221059,0.990510165691
221060,0.837136805058
221062,0.896481215954
221064,0.842431843281
221066,0.928266942501
221067,0.6983974576
221072,0.830286622047
221073,0.76641690731
221074,0.584565222263
221077,0.80730843544
221081,0.835313081741
221083,0.723877847195
221089,0.552409291267
221092,0.987621605396
221093,0.752723574638
221094,0.601959109306
221095,0.942991614342
221096,0.665491700172
221097,0.93426412344
221102,0.757506370544
221103,0.821099042892
221104,0.448849529028
221105,0.925548732281
221106,0.824116528034
221107,0.927479028702
221110,0.876590192318
221116,0.755867242813
221118,0.715859532356
221119,0.865443170071
221121,0.976750314236
221122,0.50212097168
221125,0.988347232342
221130,0.951485574245
221133,0.683266401291
221135,0.884148776531
221136,0.60489243269
221137,0.853078901768
221138,0.792152047157
221141,0.865675806999
221143,0.900954604149
221144,0.99067056179
221146,0.91555249691
221147,0.94380569458
221151,0.902491033077
221152,0.761101782322
221156,0.867245554924
221157,0.855882763863
221158,0.68597227335
221159,0.698311448097
221161,0.955434083939
221163,0.814642012119
221166,0.796899557114
221167,0.823480188847
221168,0.66753667593
221169,0.801801741123
221172,0.823550999165
221174,0.707491934299
221175,0.876225709915
221176,0.683840930462
221177,0.556571483612
221178,0.666603922844
221179,0.826166033745
221180,0.80127209425
221181,0.681637883186
221182,0.529618382454
221183,0.941757619381
221185,0.925319731236
221186,0.867032766342
221187,0.558694005013
221188,0.842087507248
221189,0.724544227123
221190,0.738887786865
221191,0.987347722054
221192,0.508044838905
221193,0.866387844086
221197,0.677300453186
221200,0.980737507343
221202,0.111316919327
221203,0.75782841444
221204,0.920269906521
221206,0.878032028675
221207,0.651544809341
221210,0.986033260822
221211,0.595366060734
221213,0.944196283817
221216,0.752837777138
221218,0.948131620884
221219,0.710611104965
221220,0.549056053162
221221,0.755257844925
221222,0.926405072212
221224,0.883556008339
221225,0.918407797813
221226,0.956708550453
221227,0.650432229042
221228,0.545485913754
221231,0.834330201149
221232,0.938628256321
221233,0.76199889183
221234,0.95800369978
221237,0.781853497028
221239,0.757680356503
221242,0.551426112652
221244,0.550473034382
221248,0.870121479034
221252,0.668422341347
221253,0.871493339539
221256,0.860296666622
221259,0.589341700077
221260,0.985857605934
221261,0.724520027637
221262,0.473117500544
221263,0.532493948936
221264,0.951510071754
221267,0.630659043789
221268,0.818496704102
221269,0.816209435463
221271,0.973193287849
221273,0.914606809616
221275,0.8754581213
221277,0.928864121437
221279,0.987622857094
221280,0.623601734638
221282,0.958175063133
221284,0.796283841133
221290,0.95925039053
221294,0.461700350046
221298,0.797712564468
221304,0.883712589741
221307,0.936407923698
221308,0.865969181061
221309,0.899839818478
221310,0.635935425758
221312,0.919201493263
221316,0.477891862392
221319,0.474994271994
221320,0.98679625988
221321,0.837404608727
221324,0.889469265938
221325,0.933046519756
221326,0.360836327076
221331,0.816738128662
221333,0.855569183826
221335,0.574359059334
221336,0.915631532669
221343,0.980819523335
221346,0.188424557447
221347,0.976415038109
221348,0.792738735676
221350,0.74916011095
221351,0.644080758095
221354,0.581673562527
221357,0.835169672966
221360,0.595835089684
221363,0.611813247204
221366,0.802057564259
221370,0.64458668232
221372,0.907678544521
221373,0.606518149376
221374,0.945050358772
221377,0.633661270142
221380,0.952589213848
221381,0.883580088615
221382,0.828855335712
221385,0.382010251284
221387,0.920903027058
221388,0.983050882816
221389,0.994662463665
221392,0.757180988789
221393,0.949399590492
221394,0.68482786417
221396,0.888185739517
221397,0.783905506134
221399,0.286271363497
221401,0.979782283306
221402,0.777062475681
221403,0.990806758404
221404,0.476741164923
221405,0.966692090034
221406,0.957700431347
221409,0.70168697834
221410,0.297055065632
221411,0.690565943718
221412,0.533258616924
221413,0.863551974297
221415,0.969474494457
221417,0.890220105648
221418,0.951637983322
221419,0.949172914028
221424,0.934861958027
221425,0.808244585991
221426,0.928893625736
221428,0.662366092205
221429,0.971567630768
221430,0.764508783817
221431,0.613400697708
221433,0.560377597809
221435,0.986673951149
221436,0.927974760532
221440,0.822564423084
221441,0.821449697018
221444,0.801655471325
221446,0.987880945206
221448,0.708832919598
221449,0.634086191654
221450,0.895499229431
221453,0.775802612305
221454,0.769164800644
221455,0.954073488712
221456,0.716849863529
221458,0.58470672369
221462,0.530752956867
221463,0.960473358631
221464,0.961756467819
221466,0.722654283047
221472,0.872832655907
221473,0.915646731853
221474,0.877351164818
221475,0.921284019947
221479,0.942851901054
221481,0.826527833939
221482,0.961118638515
221486,0.711447417736
221487,0.932199120522
221488,0.666446745396
221490,0.982015490532
221491,0.841943383217
221495,0.94314968586
221496,0.90353178978
221497,0.0694410428405
221499,0.698370218277
221500,0.707645118237
221503,0.95108371973
221504,0.938657224178
221509,0.425908714533
221510,0.791671335697
221512,0.839244782925
221514,0.748944759369
221516,0.742785394192
221517,0.695864737034
221518,0.759244203568
221519,0.826367557049
221520,0.814820408821
221522,0.895242810249
221524,0.950310051441
221530,0.542563557625
221533,0.937048912048
221534,0.853987812996
221535,0.375436455011
221537,0.966423928738
221539,0.258186221123
221542,0.728353202343
221543,0.843558132648
221545,0.70082038641
221546,0.845752477646
221547,0.587666332722
221548,0.944031059742
221549,0.65154671669
221551,0.324119478464
221553,0.899270176888
221554,0.867547273636
221555,0.799194455147
221557,0.678845524788
221558,0.976289093494
221559,0.787467002869
221560,0.803425252438
221561,0.966221094131
221563,0.542510986328
221568,0.951760947704
221572,0.721290647984
221573,0.96034258604
221575,0.946952462196
221577,0.768137156963
221578,0.115310169756
221579,0.897181808949
221581,0.973940968513
221583,0.581510782242
221584,0.980807721615
221587,0.85329836607
221590,0.975968003273
221593,0.974060297012
221594,0.912416219711
221596,0.870823502541
221597,0.766678631306
221598,0.60925590992
221602,0.783362627029
221604,0.636782586575
221605,0.733516633511
221606,0.974471688271
221607,0.947705447674
221609,0.905882418156
221610,0.683754205704
221612,0.87843388319
221614,0.846327006817
221616,0.893611371517
221618,0.861598193645
221620,0.710526764393
221626,0.905307769775
221627,0.812565207481
221631,0.71617770195
221635,0.912358403206
221637,0.153771087527
221639,0.949720084667
221642,0.868234455585
221646,0.682633757591
221647,0.554578125477
221648,0.979369699955
221649,0.915482997894
221650,0.740299105644
221651,0.967338085175
221654,0.614518940449
221655,0.781512260437
221656,0.793806433678
221659,0.959261238575
221660,0.101051606238
221661,0.930148839951
221664,0.762169539928
221666,0.5598513484
221670,0.694324314594
221673,0.584709882736
221674,0.832571387291
221678,0.370413452387
221681,0.920357823372
221682,0.853117346764
221685,0.908225595951
221686,0.494407951832
221687,0.788180828094
221689,0.886540472507
221690,0.955914020538
221691,0.378531783819
221694,0.851524531841
221697,0.899896264076
221699,0.769454598427
221700,0.550895571709
221701,0.948294341564
221702,0.766531765461
221703,0.493752896786
221704,0.268140435219
221706,0.565414011478
221708,0.862657904625
221709,0.802151560783
221710,0.859390854836
221714,0.574719488621
221715,0.957097232342
221716,0.805426418781
221717,0.612851500511
221722,0.132295191288
221723,0.706563770771
221725,0.974261164665
221726,0.822360634804
221727,0.604891300201
221728,0.790910899639
221730,0.881922245026
221731,0.447129637003
221733,0.991873919964
221735,0.97575199604
221737,0.68440669775
221739,0.68080586195
221740,0.842688024044
221742,0.962608993053
221743,0.891397714615
221744,0.876999974251
221752,0.681828022003
221760,0.700464427471
221764,0.891395568848
221767,0.979051351547
221771,0.837234735489
221773,0.376017391682
221778,0.905321955681
221779,0.613717913628
221781,0.903506696224
221782,0.741125822067
221784,0.756897509098
221785,0.847284495831
221788,0.797155857086
221789,0.916922569275
221790,0.561613976955
221793,0.629739940166
221794,0.814839422703
221795,0.444377660751
221796,0.942802727222
221799,0.826333403587
221801,0.604660451412
221804,0.629650294781
221806,0.797671079636
221807,0.664943277836
221808,0.948611319065
221810,0.766260325909
221811,0.913320064545
221813,0.82873827219
221814,0.441896051168
221815,0.493325173855
221816,0.864277541637
221817,0.945151269436
221818,0.501101076603
221823,0.849603295326
221824,0.77176296711
221825,0.955461502075
221826,0.824288606644
221827,0.654183089733
221829,0.886314690113
221830,0.552706539631
221831,0.57758551836
221833,0.75508493185
221836,0.451743721962
221837,0.915182352066
221841,0.982771337032
221844,0.265396386385
221845,0.644805967808
221847,0.879871606827
221848,0.980176210403
221850,0.828188598156
221852,0.93616181612
221853,0.189986333251
221854,0.277644008398
221856,0.748108923435
221860,0.462443560362
221862,0.784716963768
221864,0.486418038607
221865,0.212961569428
221867,0.811512947083
221870,0.619168817997
221875,0.784750699997
221876,0.908300459385
221879,0.52115046978
221882,0.136530354619
221884,0.424593627453
221885,0.938017487526
221886,0.938997685909
221887,0.31511542201
221889,0.486326336861
221890,0.982688128948
221891,0.969646394253
221895,0.93462741375
221896,0.984201729298
221899,0.877047896385
221900,0.910316348076
221901,0.725135505199
221902,0.785388052464
221905,0.956779360771
221907,0.745884478092
221909,0.716769576073
221910,0.936605393887
221911,0.939527511597
221915,0.61879748106
221916,0.9914727211
221917,0.533926129341
221919,0.937009572983
221920,0.969195961952
221921,0.913921058178
221924,0.926378846169
221925,0.933444797993
221926,0.700684428215
221927,0.928701043129
221929,0.76193010807
221931,0.97511023283
221935,0.0726901292801
221936,0.936930239201
221937,0.819626033306
221938,0.937729358673
221939,0.764308214188
221940,0.964881658554
221941,0.712219357491
221945,0.510073661804
221946,0.61065018177
221947,0.56115847826
221948,0.139289811254
221949,0.714285492897
221950,0.984260618687
221951,0.96273624897
221952,0.663256049156
221954,0.611908078194
221956,0.817736625671
221957,0.15549056232
221959,0.636925876141
221960,0.884468197823
221962,0.910466909409
221963,0.829425394535
221966,0.921275734901
221970,0.665315389633
221973,0.0762204602361
221977,0.693619132042
221981,0.628505825996
221982,0.84615021944
221983,0.966494202614
221987,0.964509487152
221990,0.715996980667
221992,0.975733578205
222000,0.702997088432
222002,0.797494292259
222003,0.493240147829
222004,0.763681173325
222005,0.767639815807
222006,0.596771776676
222008,0.88623547554
222010,0.83748704195
222011,0.915207982063
222013,0.592121660709
222016,0.921060800552
222017,0.419598579407
222020,0.845031738281
222021,0.681265890598
222023,0.874408721924
222028,0.638052344322
222029,0.580472171307
222030,0.95039409399
222031,0.970317780972
222032,0.597512722015
222036,0.733111798763
222037,0.638028740883
222039,0.976003408432
222040,0.958883285522
222042,0.868891596794
222044,0.894367873669
222045,0.982277333736
222047,0.946361303329
222048,0.0841879397631
222049,0.595835030079
222050,0.373521596193
222056,0.741844236851
222057,0.954375684261
222061,0.780652344227
222062,0.354148209095
222063,0.915560781956
222067,0.80472445488
222069,0.0702797472477
222071,0.674144864082
222072,0.730703473091
222074,0.830120146275
222076,0.729427933693
222077,0.951500177383
222078,0.260725855827
222079,0.573087930679
222083,0.419129788876
222084,0.715540230274
222088,0.672601342201
222089,0.692322731018
222092,0.900069594383
222094,0.894408583641
222096,0.758750677109
222100,0.969992518425
222103,0.883688151836
222105,0.182977423072
222107,0.821827948093
222108,0.703178584576
222109,0.931832194328
222110,0.970504164696
222112,0.970467984676
222113,0.969660520554
222116,0.947650492191
222117,0.829099714756
222118,0.793581366539
222119,0.973445594311
222122,0.723113715649
222127,0.931411623955
222132,0.975267469883
222134,0.716404438019
222135,0.955676794052
222136,0.520040333271
222140,0.528972625732
222141,0.879602491856
222144,0.645776867867
222150,0.743672311306
222151,0.867972075939
222155,0.931235432625
222157,0.953435182571
222159,0.502670705318
222160,0.92050743103
222163,0.237905874848
222164,0.725997149944
222165,0.87505698204
222166,0.869960486889
222167,0.134024351835
222168,0.899235665798
222172,0.897133171558
222174,0.977612018585
222175,0.705312073231
222178,0.625470995903
222180,0.539151489735
222181,0.543543279171
222186,0.886862754822
222190,0.978734374046
222192,0.762952685356
222194,0.97831350565
222197,0.7736312747
222198,0.810617506504
222199,0.782573282719
222200,0.727219462395
222202,0.707033276558
222206,0.857689857483
222209,0.487918555737
222210,0.954167425632
222211,0.339050680399
222221,0.844294071198
222223,0.711620092392
222230,0.87258374691
222238,0.796506762505
222242,0.572947740555
222243,0.556937515736
222245,0.962410867214
222247,0.760272920132
222248,0.913476586342
222250,0.785572290421
222251,0.794174432755
222252,0.938669741154
222255,0.528759896755
222256,0.797042965889
222257,0.499358057976
222258,0.984610557556
222259,0.83642077446
222260,0.845274567604
222262,0.532819211483
222263,0.719101071358
222264,0.763949990273
222265,0.763892769814
222269,0.96628177166
222273,0.616172194481
222276,0.30968990922
222277,0.91982883215
222280,0.970996975899
222284,0.503370046616
222287,0.94568169117
222288,0.415557771921
222289,0.637373387814
222290,0.651173889637
222291,0.702329695225
222292,0.739841043949
222293,0.852750062943
222295,0.943171203136
222300,0.556026339531
222302,0.909115493298
222307,0.681000828743
222311,0.602005720139
222315,0.906825661659
222316,0.789778828621
222319,0.139179721475
222320,0.848245859146
222321,0.800090789795
222323,0.966624736786
222324,0.983905017376
222326,0.980940401554
222328,0.78426194191
222329,0.953063964844
222330,0.439291298389
222332,0.457853466272
222333,0.589127957821
222336,0.602645218372
222337,0.683335185051
222339,0.92863368988
222340,0.879812657833
222343,0.80903172493
222345,0.944295525551
222346,0.858128786087
222347,0.888293087482
222350,0.0784104317427
222351,0.80113786459
222361,0.808556735516
222362,0.913557589054
222363,0.692410886288
222365,0.72800385952
222368,0.918259203434
222371,0.755212783813
222372,0.759058535099
222376,0.691180765629
222378,0.838369190693
222380,0.953751623631
222381,0.864228844643
222382,0.835553586483
222383,0.88064956665
222385,0.856967329979
222386,0.870549559593
222387,0.860287308693
222388,0.664100825787
222389,0.973377943039
222390,0.740805029869
222391,0.852300405502
222392,0.586926877499
222394,0.819301903248
222397,0.50875967741
222398,0.767785787582
222400,0.692879498005
222401,0.880942165852
222402,0.930892646313
222403,0.852829873562
222405,0.890301167965
222407,0.396065235138
222408,0.974305868149
222410,0.92989140749
222413,0.716046392918
222414,0.759835660458
222417,0.879232704639
222419,0.62368452549
222422,0.598832607269
222424,0.929377019405
222426,0.745769441128
222428,0.857043862343
222432,0.933717131615
222433,0.651230573654
222434,0.874157547951
222437,0.971337080002
222440,0.724264502525
222441,0.67583322525
222443,0.742613315582
222445,0.717359006405
222447,0.664138257504
222448,0.938908100128
222451,0.977851450443
222453,0.986486792564
222454,0.706813871861
222455,0.77655428648
222456,0.891863524914
222457,0.54444527626
222458,0.937063038349
222459,0.968105077744
222461,0.6477470994
222467,0.523073256016
222468,0.86889064312
222471,0.982294082642
222472,0.966945707798
222473,0.698275744915
222478,0.984757065773
222479,0.685724198818
222480,0.33568367362
222483,0.322018325329
222484,0.90039652586
222486,0.74885314703
222487,0.737690806389
222492,0.926030039787
222493,0.479632079601
222494,0.8952267766
222496,0.861908733845
222499,0.858716011047
222500,0.85867524147
222501,0.986306190491
222502,0.881852686405
222504,0.712568104267
222505,0.678779125214
222506,0.72990912199
222508,0.814761936665
222510,0.697116613388
222511,0.841036319733
222512,0.861860334873
222514,0.216755926609
222522,0.889453470707
222524,0.889440357685
222525,0.337642341852
222526,0.928632974625
222529,0.709692358971
222530,0.870331287384
222531,0.843016862869
222534,0.962879836559
222536,0.923869848251
222538,0.793851792812
222540,0.804307878017
222541,0.592967033386
222542,0.96821051836
222545,0.71371281147
222546,0.797839343548
222549,0.874093651772
222550,0.985698521137
222553,0.919556558132
222554,0.700429260731
222555,0.761173605919
222563,0.861578047276
222565,0.122966274619
222566,0.83467912674
222567,0.790751338005
222569,0.696833252907
222570,0.881500303745
222571,0.942306220531
222572,0.937635540962
222573,0.720579087734
222575,0.357150048018
222576,0.750756680965
222578,0.922355651855
222579,0.931321442127
222580,0.856455981731
222582,0.870527207851
222588,0.971555233002
222589,0.65112388134
222590,0.19451791048
222591,0.750280857086
222594,0.742903113365
222596,0.973016381264
222601,0.835160434246
222603,0.819789528847
222604,0.448432892561
222605,0.91123265028
222610,0.965766370296
222611,0.948965489864
222615,0.86899548769
222616,0.929423570633
222617,0.434649646282
222620,0.757664620876
222621,0.809605956078
222622,0.83660531044
222623,0.792111814022
222625,0.67004019022
222626,0.971415519714
222627,0.561011075974
222628,0.985952377319
222630,0.75330555439
222631,0.725123465061
222632,0.317659169436
222633,0.292978346348
222634,0.869968414307
222635,0.82594281435
222636,0.762552380562
222637,0.89166778326
222638,0.8659247756
222643,0.713755190372
222644,0.863245666027
222646,0.696509897709
222647,0.911656856537
222649,0.672654688358
222650,0.695295929909
222652,0.2716576159
222653,0.800077080727
222656,0.684498786926
222657,0.822981357574
222660,0.773139059544
222661,0.4372202456
222663,0.685806334019
222664,0.98143517971
222666,0.989191949368
222668,0.397791922092
222673,0.97037255764
222674,0.797553896904
222676,0.786062240601
222678,0.817158043385
222680,0.780027329922
222681,0.847611308098
222682,0.762562155724
222684,0.909739136696
222688,0.74738329649
222689,0.877169430256
222690,0.968915641308
222691,0.989578783512
222692,0.166170343757
222694,0.932922542095
222697,0.832267582417
222698,0.965950191021
222701,0.867344200611
222702,0.562438189983
222704,0.688570082188
222706,0.753678321838
222707,0.569300949574
222711,0.385744065046
222712,0.834098160267
222715,0.945176124573
222717,0.811297297478
222718,0.863304138184
222719,0.972631692886
222721,0.609374165535
222723,0.775411009789
222730,0.633457779884
222732,0.890399634838
222735,0.672751784325
222736,0.901452720165
222737,0.793766975403
222740,0.772258579731
222741,0.745931506157
222743,0.96712833643
222744,0.959274172783
222745,0.883714795113
222746,0.701584637165
222749,0.590280234814
222751,0.695761024952
222753,0.45017594099
222754,0.503138005733
222755,0.969593405724
222756,0.799526274204
222757,0.565969228745
222758,0.786146521568
222761,0.9067902565
222765,0.488100707531
222767,0.868653178215
222770,0.673646330833
222772,0.683121621609
222773,0.581991612911
222775,0.992001414299
222776,0.725711643696
222777,0.939327120781
222778,0.770768284798
222779,0.863340854645
222780,0.772781074047
222781,0.946401238441
222783,0.810352444649
222787,0.531923651695
222788,0.797916412354
222790,0.854406535625
222791,0.9488042593
222793,0.356036543846
222794,0.573676943779
222795,0.925622045994
222798,0.454900354147
222801,0.968598902225
222802,0.823571681976
222805,0.94049435854
222806,0.719670057297
222813,0.506775200367
222814,0.542257070541
222822,0.664109528065
222823,0.597947955132
222824,0.644008338451
222825,0.798039793968
222827,0.93941795826
222828,0.987835109234
222830,0.775848507881
222831,0.939051926136
222833,0.914356470108
222835,0.054430346936
222838,0.486010074615
222841,0.974887669086
222843,0.863637626171
222844,0.786043703556
222846,0.724272370338
222849,0.820098102093
222850,0.904958426952
222852,0.950040400028
222853,0.908017039299
222855,0.863361954689
222857,0.428692817688
222859,0.850525438786
222860,0.708187401295
222861,0.931144356728
222863,0.695810496807
222866,0.913730323315
222870,0.393071562052
222871,0.765226006508
222874,0.507512450218
222879,0.576136469841
222886,0.619928479195
222887,0.841430366039
222888,0.411845833063
222889,0.633345425129
222893,0.516116738319
222894,0.719855189323
222895,0.689082860947
222897,0.978912889957
222899,0.901316940784
222900,0.834982633591
222904,0.820402264595
222905,0.539461910725
222906,0.645502686501
222911,0.980099141598
222913,0.828476250172
222917,0.443718999624
222920,0.848765790462
222922,0.365213692188
222923,0.917305231094
222924,0.787707567215
222925,0.952374815941
222926,0.923728108406
222927,0.95014834404
222929,0.540224254131
222931,0.451722323895
222933,0.718981027603
222935,0.841695010662
222936,0.783783257008
222939,0.67375010252
222940,0.765982627869
222941,0.935345113277
222942,0.898907363415
222943,0.934864342213
222944,0.498033612967
222947,0.729596078396
222948,0.824899792671
222949,0.750207483768
222950,0.647632181644
222954,0.913039982319
222955,0.843497753143
222956,0.942954719067
222964,0.964270889759
222965,0.753634274006
222967,0.952357292175
222968,0.939620733261
222969,0.628371655941
222971,0.752312362194
222972,0.773045837879
222973,0.90679615736
222975,0.766671955585
222976,0.945691168308
222978,0.646794080734
222979,0.759038150311
222980,0.985594451427
222981,0.870541751385
222983,0.812191188335
222986,0.887453019619
222987,0.813579380512
222988,0.861064732075
222989,0.882858216763
222991,0.810141921043
222994,0.614177823067
222996,0.670281291008
223000,0.938471078873
223003,0.933268249035
223004,0.961494088173
223006,0.248986795545
223009,0.983857572079
223010,0.991109251976
223012,0.69902074337
223016,0.864737570286
223017,0.761836111546
223018,0.248743861914
223019,0.710043013096
223021,0.577008485794
223023,0.962015509605
223025,0.601874947548
223026,0.781112730503
223030,0.558512151241
223032,0.902504622936
223034,0.711981654167
223035,0.303516149521
223036,0.614925801754
223037,0.814291059971
223038,0.913946032524
223039,0.54615008831
223041,0.689852356911
223042,0.933026611805
223043,0.91772544384
223044,0.495355159044
223046,0.965924024582
223048,0.906173527241
223049,0.768691420555
223050,0.579117894173
223052,0.811950027943
223053,0.878812849522
223054,0.880958080292
223056,0.795906126499
223058,0.840313374996
223059,0.860203504562
223060,0.699730217457
223062,0.568395555019
223064,0.89105951786
223065,0.765495300293
223067,0.812960863113
223068,0.853517591953
223069,0.455887049437
223070,0.840071856976
223072,0.687986493111
223074,0.844821631908
223076,0.972939908504
223077,0.505098879337
223078,0.708964169025
223079,0.975629746914
223081,0.959920585155
223084,0.560651361942
223086,0.976501882076
223087,0.826347351074
223088,0.774669706821
223089,0.68859988451
223090,0.764699339867
223091,0.880270659924
223092,0.891143858433
223095,0.805480122566
223096,0.887782096863
223097,0.827150225639
223098,0.626404643059
223101,0.731806457043
223103,0.767975211143
223105,0.768112123013
223106,0.449909567833
223107,0.597185909748
223112,0.952834904194
223113,0.942542254925
223116,0.861492395401
223117,0.873941302299
223119,0.750102519989
223120,0.114791333675
223125,0.712812840939
223126,0.623172998428
223132,0.837220847607
223133,0.866042852402
223134,0.37991759181
223141,0.705395758152
223144,0.937689185143
223146,0.910723209381
223149,0.774973869324
223150,0.802887141705
223151,0.984016776085
223152,0.840359568596
223153,0.779325902462
223154,0.600699186325
223156,0.926430642605
223157,0.816006422043
223158,0.882539629936
223159,0.968550682068
223160,0.889313519001
223165,0.367327392101
223167,0.988412320614
223169,0.796426534653
223170,0.782603800297
223171,0.966655313969
223172,0.921665132046
223173,0.6521089077
223175,0.793458759785
223176,0.293909937143
223178,0.832844018936
223181,0.736434459686
223182,0.726284921169
223183,0.871434569359
223184,0.644017457962
223185,0.669384896755
223186,0.887193024158
223188,0.90773999691
223189,0.761638820171
223191,0.877181589603
223192,0.681517541409
223193,0.887121081352
223196,0.934132635593
223197,0.974801778793
223198,0.812677323818
223200,0.808351576328
223208,0.621771514416
223211,0.932130217552
223214,0.691983580589
223216,0.917237579823
223218,0.980710566044
223219,0.149462610483
223221,0.727760076523
223223,0.728183805943
223225,0.436979591846
223226,0.956040680408
223229,0.362617433071
223234,0.929732143879
223236,0.94990414381
223237,0.959243118763
223238,0.904761731625
223239,0.979674398899
223240,0.725577771664
223242,0.642501175404
223243,0.632736980915
223245,0.927361786366
223248,0.580175757408
223249,0.677909433842
223252,0.824125051498
223256,0.42901712656
223257,0.949278950691
223259,0.743570446968
223260,0.835518717766
223265,0.69994533062
223267,0.811608195305
223269,0.483061432838
223270,0.636145114899
223271,0.973084449768
223272,0.642269790173
223273,0.928141534328
223275,0.658118247986
223278,0.932880818844
223279,0.787527024746
223280,0.700407087803
223284,0.727283000946
223285,0.972188711166
223286,0.621249616146
223289,0.270835667849
223290,0.718037247658
223293,0.40865534544
223294,0.835259914398
223295,0.721948623657
223302,0.683705806732
223304,0.696645319462
223306,0.885048866272
223307,0.897710561752
223309,0.932745337486
223310,0.919993937016
223312,0.885561048985
223315,0.977340459824
223316,0.866081953049
223319,0.980242908001
223320,0.967845439911
223321,0.874423623085
223323,0.866494357586
223328,0.851578116417
223329,0.965458333492
223332,0.524039030075
223334,0.550243020058
223336,0.634807825089
223337,0.966035068035
223339,0.976194560528
223340,0.492303073406
223342,0.938966870308
223343,0.983043134212
223348,0.987719297409
223349,0.694165408611
223351,0.821061253548
223353,0.824794828892
223354,0.7721606493
223355,0.217577174306
223366,0.756233930588
223367,0.88706433773
223369,0.964334189892
223377,0.771739959717
223378,0.975133895874
223379,0.847988188267
223383,0.884161531925
223385,0.547393202782
223387,0.982338309288
223389,0.954743266106
223390,0.747368633747
223395,0.542629539967
223396,0.984032213688
223398,0.902140438557
223400,0.937298953533
223402,0.969496130943
223403,0.884833216667
223406,0.981118559837
223409,0.70886272192
223411,0.705777525902
223412,0.501686096191
223417,0.933404922485
223418,0.687843203545
223423,0.882945537567
223424,0.979414880276
223428,0.674706280231
223430,0.784561634064
223432,0.468280941248
223436,0.808522939682
223438,0.796473383904
223440,0.937459588051
223442,0.708253383636
223444,0.176688611507
223446,0.98810762167
223447,0.544585883617
223449,0.956145763397
223452,0.579277634621
223453,0.569088757038
223454,0.524039566517
223458,0.733799576759
223459,0.697267889977
223460,0.825022101402
223461,0.867790699005
223463,0.837444007397
223464,0.954291760921
223465,0.678451120853
223466,0.885076284409
223467,0.803455591202
223468,0.950540244579
223469,0.948455929756
223470,0.842727422714
223471,0.737893462181
223472,0.885976970196
223477,0.345773547888
223479,0.984724283218
223480,0.965315401554
223482,0.946433246136
223485,0.773267507553
223487,0.704505801201
223489,0.72365707159
223490,0.938470304012
223491,0.747059762478
223492,0.296478241682
223495,0.898701548576
223497,0.70488858223
223500,0.890294075012
223502,0.754688024521
223503,0.288094758987
223505,0.648582935333
223506,0.672956466675
223509,0.519587755203
223510,0.896823942661
223513,0.829111874104
223514,0.876281499863
223515,0.884958565235
223517,0.332071661949
223520,0.832966506481
223521,0.564849734306
223522,0.719331860542
223523,0.700994133949
223525,0.859804809093
223528,0.534488201141
223529,0.625501990318
223530,0.873877167702
223531,0.917901873589
223533,0.126841217279
223535,0.891329944134
223537,0.547937870026
223539,0.95159727335
223543,0.814958930016
223545,0.936462581158
223548,0.797287046909
223550,0.988286793232
223551,0.810989201069
223552,0.76450753212
223553,0.821297943592
223555,0.575762808323
223556,0.548008859158
223562,0.847893297672
223566,0.939146101475
223568,0.760095655918
223571,0.865805804729
223574,0.0978510454297
223579,0.676158547401
223580,0.706960380077
223584,0.529313385487
223586,0.61829662323
223587,0.95792812109
223588,0.656064629555
223589,0.883411407471
223591,0.862318098545
223592,0.617498576641
223595,0.758681952953
223597,0.514553725719
223601,0.906293988228
223603,0.499196261168
223604,0.880802690983
223606,0.786226391792
223608,0.55369758606
223609,0.789632558823
223611,0.74129152298
223612,0.978186547756
223613,0.836401224136
223615,0.962069571018
223616,0.883574068546
223617,0.923238813877
223618,0.802609980106
223619,0.618721723557
223620,0.538426220417
223624,0.918716788292
223626,0.968974947929
223628,0.719651043415
223629,0.920337438583
223631,0.680129170418
223633,0.716289579868
223634,0.978469848633
223635,0.343650132418
223638,0.939119815826
223640,0.919901132584
223642,0.736144602299
223643,0.944090843201
223644,0.946803808212
223645,0.987056136131
223646,0.790275514126
223648,0.886173903942
223649,0.630915760994
223651,0.725439012051
223657,0.89575189352
223660,0.834703803062
223661,0.691974937916
223662,0.62549161911
223665,0.952813923359
223668,0.886817395687
223669,0.627042114735
223670,0.712780237198
223672,0.804924607277
223675,0.686706423759
223677,0.692320406437
223679,0.855151772499
223680,0.574093341827
223685,0.908242762089
223688,0.615617096424
223689,0.646232485771
223690,0.867355406284
223693,0.415659457445
223694,0.826786518097
223695,0.669021189213
223698,0.890904486179
223699,0.972765445709
223703,0.557181358337
223706,0.776271283627
223707,0.880303442478
223709,0.859147429466
223714,0.891773939133
223715,0.846422970295
223716,0.634328663349
223717,0.871232688427
223718,0.750402033329
223722,0.405438125134
223723,0.767149865627
223726,0.976379990578
223728,0.637644767761
223729,0.745231807232
223730,0.854366242886
223731,0.94815737009
223734,0.5086119771
223735,0.797662258148
223738,0.883819580078
223740,0.789816081524
223741,0.380854517221
223743,0.952684521675
223744,0.692149281502
223745,0.905073344707
223746,0.704691469669
223749,0.851539373398
223750,0.865736186504
223751,0.934670507908
223752,0.655654609203
223756,0.77068656683
223759,0.793136417866
223760,0.824523031712
223762,0.737658262253
223764,0.886976540089
223770,0.813549935818
223771,0.950458943844
223772,0.947151899338
223775,0.125844240189
223776,0.949387133121
223779,0.869133889675
223783,0.799062252045
223785,0.46056291461
223787,0.885831654072
223788,0.718231141567
223789,0.880972445011
223791,0.693302750587
223792,0.889724314213
223793,0.766873478889
223797,0.827823579311
223799,0.984123408794
223800,0.648614108562
223801,0.890930712223
223802,0.270167201757
223804,0.950452983379
223805,0.538852870464
223806,0.991634249687
223808,0.490954756737
223810,0.513019144535
223812,0.417888313532
223814,0.869899213314
223816,0.320043355227
223817,0.758782148361
223818,0.426317125559
223819,0.677473604679
223820,0.712537825108
223822,0.831524074078
223824,0.599558949471
223825,0.611688613892
223826,0.629105210304
223829,0.92591792345
223830,0.775375127792
223834,0.688571631908
223835,0.86192548275
223837,0.529322683811
223839,0.725407361984
223843,0.70148563385
223849,0.638743758202
223851,0.701167285442
223856,0.965927839279
223857,0.9903408885
223858,0.982312738895
223859,0.973188698292
223861,0.588463485241
223862,0.476504772902
223866,0.670611917973
223869,0.866556346416
223872,0.969013571739
223873,0.692775666714
223876,0.53739964962
223878,0.822722017765
223880,0.856980741024
223881,0.959075093269
223882,0.22283321619
223884,0.82594281435
223885,0.555838406086
223887,0.965281367302
223888,0.974575400352
223889,0.700552225113
223894,0.706187784672
223895,0.941961407661
223896,0.769634783268
223897,0.810904562473
223898,0.777758836746
223899,0.795797586441
223900,0.75533413887
223904,0.953032016754
223913,0.671491742134
223915,0.97926646471
223918,0.565239310265
223919,0.715558290482
223920,0.966711401939
223921,0.991001307964
223922,0.759311139584
223926,0.961540818214
223929,0.97867077589
223932,0.938649237156
223933,0.828679978848
223935,0.4604819417
223936,0.597149908543
223946,0.654698908329
223947,0.790867090225
223951,0.844563126564
223957,0.96212542057
223958,0.943567991257
223960,0.459132343531
223961,0.769914507866
223963,0.583829820156
223965,0.621203243732
223966,0.754556536674
223967,0.710091710091
223968,0.893930137157
223973,0.861303806305
223975,0.939456701279
223977,0.853848159313
223980,0.89922440052
223982,0.720967113972
223985,0.903641879559
223989,0.916756927967
223991,0.855382502079
223994,0.696457207203
223995,0.754788815975
223996,0.65405780077
223998,0.887637257576
223999,0.667254567146
224000,0.545134842396
224002,0.650928616524
224003,0.970956325531
224004,0.729408144951
224005,0.719647288322
224014,0.909533679485
224016,0.361630737782
224019,0.550600171089
224031,0.722236990929
224032,0.52118986845
224034,0.966886401176
224038,0.696263849735
224040,0.336508363485
224041,0.913993358612
224042,0.925937533379
224043,0.284437358379
224047,0.519838273525
224048,0.928949773312
224050,0.800080120564
224051,0.616491436958
224052,0.652631402016
224054,0.79764008522
224061,0.936101853848
224062,0.959030807018
224065,0.953149974346
224066,0.722283780575
224071,0.570132434368
224072,0.775228083134
224076,0.913013458252
224078,0.574922025204
224081,0.87386405468
224083,0.233635291457
224086,0.972085535526
224087,0.98293864727
224088,0.344408243895
224091,0.647058367729
224092,0.980357468128
224093,0.691365778446
224094,0.931045889854
224095,0.965400338173
224096,0.672333776951
224101,0.979093194008
224102,0.976962924004
224107,0.85183006525
224109,0.939099609852
224112,0.722438216209
224113,0.621998727322
224115,0.823593378067
224117,0.469618737698
224118,0.993205070496
224119,0.981592476368
224121,0.950028896332
224123,0.36103412509
224125,0.853039264679
224128,0.826648950577
224130,0.821884155273
224132,0.89248239994
224133,0.931099236012
224134,0.988477885723
224137,0.67199587822
224140,0.645823776722
224141,0.74363309145
224142,0.983635306358
224145,0.477082490921
224146,0.564417004585
224147,0.812210321426
224148,0.756377339363
224149,0.472033679485
224150,0.110781379044
224151,0.710575997829
224152,0.522387981415
224154,0.638806343079
224156,0.620532929897
224157,0.767642021179
224158,0.984924852848
224161,0.902398705482
224163,0.971815764904
224164,0.985213339329
224167,0.824326038361
224169,0.83260345459
224172,0.728110253811
224173,0.971132338047
224174,0.764986634254
224175,0.935996472836
224180,0.692059755325
224181,0.852870881557
224182,0.884053707123
224183,0.970583558083
224185,0.908974230289
224186,0.980554223061
224187,0.855398535728
224190,0.761011362076
224192,0.937225401402
224193,0.853274285793
224195,0.611439824104
224197,0.713698625565
224200,0.907428383827
224202,0.768396914005
224204,0.983788013458
224205,0.886601984501
224211,0.85769534111
224217,0.950407445431
224218,0.713758468628
224220,0.642132759094
224221,0.616762518883
224222,0.846128940582
224224,0.825325608253
224226,0.88621032238
224230,0.783419430256
224233,0.938979387283
224236,0.880588710308
224238,0.466951906681
224239,0.986704111099
224241,0.43926846981
224243,0.752656042576
224244,0.853485941887
224247,0.691542804241
224250,0.613447964191
224251,0.613890469074
224254,0.352712512016
224258,0.580532133579
224261,0.818871974945
224262,0.888854861259
224263,0.779870152473
224264,0.929391086102
224265,0.742698907852
224267,0.669587135315
224269,0.853831112385
224271,0.940188467503
224273,0.958811044693
224277,0.666867017746
224279,0.898318886757
224280,0.815292179585
224281,0.972778558731
224283,0.825239300728
224287,0.982193231583
224288,0.591262459755
224291,0.961981236935
224293,0.79049551487
224294,0.408532559872
224297,0.939478158951
224299,0.790467679501
224302,0.820790052414
224303,0.924170315266
224304,0.799121320248
224305,0.839563190937
224307,0.96895211935
224308,0.696395397186
224312,0.273396193981
224313,0.988980770111
224314,0.883220911026
224316,0.290774703026
224318,0.841466963291
224319,0.898173749447
224320,0.8489382267
224322,0.940552473068
224324,0.413598507643
224326,0.512047290802
224327,0.757665932178
224328,0.983975291252
224329,0.800487518311
224330,0.733557879925
224334,0.896551728249
224336,0.949210524559
224337,0.75188356638
224339,0.956541180611
224340,0.981739401817
224342,0.799834251404
224343,0.915542602539
224344,0.884489119053
224345,0.260473370552
224349,0.696270346642
224350,0.621906042099
224358,0.961601018906
224359,0.510398983955
224362,0.965729892254
224363,0.321699351072
224366,0.712517380714
224368,0.945725739002
224370,0.729097902775
224372,0.60702675581
224375,0.528042674065
224378,0.642106354237
224379,0.122446998954
224381,0.921602249146
224385,0.710302710533
224390,0.78810185194
224392,0.887760221958
224394,0.9593334198
224396,0.897401809692
224399,0.981544017792
224401,0.893552064896
224404,0.772148609161
224409,0.941483557224
224410,0.352123349905
224412,0.33624792099
224413,0.91203302145
224414,0.670519530773
224416,0.940402567387
224419,0.985880553722
224420,0.956255078316
224428,0.630730450153
224431,0.778775751591
224433,0.797731697559
224436,0.841361403465
224437,0.89691400528
224439,0.939449965954
224441,0.984576106071
224443,0.805575072765
224446,0.96726089716
224450,0.951249718666
224451,0.964274644852
224452,0.992863476276
224453,0.689745247364
224454,0.601781189442
224455,0.734629392624
224457,0.596472680569
224461,0.789033174515
224463,0.939906716347
224464,0.480710059404
224465,0.985097527504
224467,0.629574537277
224469,0.790500164032
224474,0.843017578125
224475,0.546056389809
224479,0.751506090164
224483,0.98127925396
224487,0.674094974995
224491,0.935994446278
224493,0.604017913342
224498,0.777726352215
224499,0.871946573257
224500,0.508192777634
224501,0.907294511795
224504,0.820929408073
224507,0.983504772186
224508,0.948056221008
224509,0.864930152893
224510,0.925191640854
224518,0.851245760918
224519,0.909821689129
224520,0.624977052212
224521,0.85333353281
224522,0.773581981659
224524,0.895392775536
224530,0.945515930653
224534,0.798872292042
224535,0.806293606758
224536,0.929204285145
224537,0.147430121899
224538,0.914600014687
224539,0.353729993105
224540,0.982819259167
224541,0.840044677258
224546,0.720912694931
224547,0.947107434273
224548,0.881583869457
224549,0.554639399052
224551,0.887373328209
224552,0.963667690754
224556,0.186559706926
224557,0.856101155281
224558,0.963875770569
224560,0.839715063572
224562,0.794850230217
224563,0.845191121101
224564,0.918607294559
224565,0.888028800488
224566,0.922030627728
224568,0.2040656358
224569,0.945867776871
224571,0.814419984818
224573,0.875116527081
224574,0.992502450943
224575,0.978714287281
224577,0.601002812386
224579,0.810801923275
224583,0.782935321331
224585,0.634608864784
224586,0.806144833565
224588,0.847456455231
224590,0.649889171124
224594,0.949681937695
224596,0.670784533024
224598,0.964775383472
224599,0.701677501202
224600,0.688885807991
224601,0.946551144123
224602,0.946382939816
224604,0.871142268181
224606,0.830322980881
224607,0.890863537788
224608,0.353939265013
224609,0.938925802708
224611,0.807108342648
224612,0.371639072895
224613,0.927686274052
224615,0.159053623676
224616,0.758661866188
224617,0.711380064487
224618,0.946435928345
224619,0.889145612717
224620,0.687319636345
224623,0.59350001812
224625,0.490789175034
224627,0.979004621506
224628,0.799513339996
224629,0.972666561604
224630,0.810780704021
224631,0.985651254654
224632,0.969200730324
224633,0.763407588005
224635,0.804976344109
224639,0.817599534988
224640,0.554365932941
224645,0.596757888794
224646,0.486314624548
224653,0.859200835228
224654,0.795936942101
224657,0.673192560673
224658,0.663050353527
224660,0.862935781479
224661,0.891316354275
224662,0.509710669518
224663,0.315967619419
224669,0.920090138912
224670,0.803257763386
224671,0.925197064877
224672,0.857096493244
224673,0.700662434101
224674,0.733853757381
224676,0.675800323486
224681,0.895052433014
224686,0.637208640575
224687,0.892384231091
224688,0.87010216713
224689,0.683613538742
224690,0.925646781921
224692,0.376316159964
224696,0.975827932358
224697,0.750227093697
224698,0.815901994705
224699,0.964834988117
224700,0.656271100044
224704,0.739243209362
224705,0.910518229008
224706,0.965939819813
224707,0.544828236103
224708,0.857061982155
224709,0.944828212261
224710,0.985651731491
224711,0.683871984482
224712,0.61198413372
224714,0.982392370701
224715,0.982820272446
224716,0.98465526104
224718,0.973156392574
224720,0.993261873722
224723,0.760600745678
224724,0.859622776508
224725,0.935476839542
224726,0.798184752464
224727,0.79991042614
224728,0.56608247757
224730,0.811439573765
224733,0.67480969429
224735,0.539350986481
224736,0.933573424816
224738,0.730088829994
224741,0.855069875717
224742,0.852787137032
224743,0.987576007843
224745,0.945277571678
224746,0.543709516525
224747,0.642299413681
224748,0.717055618763
224750,0.429675489664
224751,0.809471726418
224755,0.916207194328
224756,0.948979318142
224757,0.603511929512
224759,0.702963232994
224760,0.942785799503
224761,0.578535199165
224762,0.0656214728951
224763,0.981155633926
224764,0.725442707539
224765,0.843996524811
224766,0.703516364098
224768,0.792099475861
224771,0.916822433472
224775,0.767017006874
224777,0.85646957159
224778,0.82523971796
224779,0.84860008955
224780,0.944754779339
224781,0.866282463074
224788,0.855294764042
224790,0.943654596806
224791,0.737329483032
224793,0.811172485352
224795,0.775396108627
224800,0.89678132534
224801,0.909251332283
224802,0.765637934208
224804,0.974594652653
224805,0.965599954128
224807,0.739766299725
224810,0.631959021091
224811,0.857939839363
224812,0.224051892757
224814,0.90872335434
224815,0.939219713211
224816,0.989698588848
224817,0.94991594553
224818,0.573690891266
224822,0.881800591946
224826,0.957290887833
224827,0.989991426468
224828,0.623982667923
224829,0.582094430923
224830,0.922748208046
224831,0.747603356838
224832,0.897093176842
224833,0.826555967331
224836,0.760293364525
224837,0.909203886986
224840,0.754908621311
224849,0.197631284595
224850,0.93025046587
224851,0.918258607388
224855,0.733175992966
224857,0.699571311474
224863,0.737908542156
224864,0.759819447994
224865,0.987945914268
224866,0.927067577839
224867,0.971376001835
224868,0.946464121342
224869,0.656850993633
224871,0.697717249393
224872,0.594237089157
224873,0.946538209915
224875,0.656092345715
224876,0.56371563673
224877,0.909407556057
224881,0.768857777119
224882,0.977166175842
224883,0.906199395657
224884,0.768360376358
224885,0.816173374653
224886,0.952051997185
224887,0.834955453873
224888,0.546185433865
224889,0.756263196468
224890,0.978556036949
224895,0.770247578621
224898,0.761970341206
224899,0.772700130939
224901,0.941776633263
224903,0.791188597679
224906,0.855304181576
224911,0.732334911823
224912,0.731135487556
224915,0.918269455433
224916,0.637731850147
224917,0.806941866875
224919,0.843044996262
224921,0.557352662086
224922,0.46045050025
224923,0.411810666323
224927,0.381348490715
224929,0.484719485044
224931,0.744059026241
224934,0.774282813072
224935,0.887496709824
224938,0.941081106663
224939,0.584561884403
224940,0.946335673332
224941,0.771284282207
224945,0.978382527828
224948,0.658613145351
224949,0.807196974754
224950,0.930983662605
224953,0.848659515381
224955,0.966754496098
224957,0.532577037811
224959,0.989399850368
224962,0.879027545452
224964,0.950401127338
224965,0.878669977188
224967,0.908706307411
224969,0.87979722023
224970,0.932335674763
224972,0.764463543892
224973,0.940997004509
224975,0.837900221348
224976,0.956436812878
224978,0.729234278202
224980,0.657037377357
224981,0.750001370907
224982,0.746574640274
224983,0.722405195236
224984,0.976021707058
224985,0.822670459747
224986,0.926064491272
224990,0.597036957741
224992,0.689984798431
224998,0.769403934479
225001,0.915055036545
225003,0.827982902527
225005,0.755119025707
225007,0.855582296848
225008,0.642497003078
225010,0.857259809971
225011,0.373017281294
225012,0.777900278568
225013,0.842041373253
225015,0.582834720612
225016,0.84908413887
225020,0.850620567799
225022,0.91982114315
225024,0.926282823086
225025,0.820071160793
225027,0.986301422119
225028,0.946748375893
225034,0.857239127159
225035,0.69001609087
225036,0.969093620777
225037,0.834591209888
225040,0.773772895336
225043,0.651220679283
225044,0.787144184113
225046,0.445614248514
225049,0.847369909286
225051,0.933168053627
225052,0.949496388435
225056,0.975882709026
225058,0.971278607845
225059,0.972643435001
225062,0.895864963531
225063,0.91844278574
225064,0.833516895771
225067,0.764752030373
225073,0.941989004612
225074,0.954358100891
225075,0.884349524975
225076,0.925049304962
225077,0.31893914938
225080,0.875326275826
225082,0.948189198971
225083,0.434556722641
225086,0.911698460579
225087,0.423679769039
225094,0.832105755806
225096,0.709584116936
225099,0.758010923862
225101,0.784879028797
225102,0.66508436203
225105,0.880247294903
225107,0.975870370865
225108,0.944861710072
225111,0.662281751633
225112,0.899092614651
225114,0.84828543663
225116,0.973224103451
225120,0.950381815434
225122,0.844053566456
225124,0.920237600803
225130,0.930287480354
225131,0.722132563591
225133,0.747847855091
225135,0.856073379517
225141,0.987622320652
225143,0.460790604353
225144,0.291296809912
225146,0.450583219528
225148,0.740440249443
225150,0.834879934788
225151,0.444078922272
225153,0.952896595001
225154,0.449771434069
225161,0.555019259453
225162,0.966255307198
225163,0.621113359928
225167,0.753244459629
225169,0.860985100269
225170,0.733648538589
225171,0.740194678307
225173,0.726900935173
225176,0.893211960793
225179,0.83757930994
225180,0.730334043503
225181,0.699303984642
225183,0.987180769444
225186,0.777882397175
225188,0.316377788782
225189,0.598640501499
225190,0.275177568197
225191,0.982001245022
225192,0.808237075806
225193,0.632064163685
225195,0.677244782448
225198,0.988667547703
225200,0.843409061432
225201,0.790964543819
225205,0.758466303349
225206,0.669283390045
225207,0.807767391205
225208,0.889743566513
225210,0.775108277798
225211,0.741782903671
225212,0.942935168743
225214,0.701365232468
225215,0.116936981678
225216,0.768612861633
225219,0.643348455429
225221,0.987852334976
225222,0.872971177101
225224,0.650090098381
225225,0.936041891575
225230,0.902081549168
225231,0.983949005604
225232,0.69045072794
225233,0.839100539684
225236,0.060974676162
225237,0.396612495184
225239,0.892594277859
225240,0.827693581581
225244,0.707171201706
225246,0.870344817638
225247,0.354567617178
225251,0.855119168758
225255,0.34716579318
225257,0.931241154671
225264,0.967079401016
225265,0.438370972872
225267,0.776961147785
225268,0.943710029125
225272,0.540333211422
225275,0.570326149464
225276,0.671994924545
225277,0.444246441126
225278,0.691492378712
225280,0.932736933231
225281,0.624406397343
225282,0.761039674282
225283,0.622776687145
225285,0.940617799759
225288,0.960862219334
225289,0.494997859001
225290,0.879880011082
225291,0.914930701256
225292,0.984747588634
225294,0.541981697083
225298,0.862176835537
225301,0.952435255051
225302,0.855571210384
225304,0.775228440762
225307,0.901890039444
225309,0.989394009113
225310,0.64301854372
225312,0.989675462246
225316,0.896993815899
225317,0.979515850544
225320,0.950434148312
225321,0.87690782547
225322,0.812435686588
225323,0.725633859634
225326,0.404824763536
225327,0.111971259117
225330,0.891522049904
225333,0.473670065403
225335,0.90015912056
225341,0.831467151642
225342,0.833977222443
225346,0.777906954288
225348,0.77693682909
225351,0.913129150867
225354,0.935908019543
225357,0.101423062384
225361,0.950300216675
225364,0.725894033909
225366,0.579443097115
225367,0.925648927689
225370,0.889070034027
225371,0.964803636074
225373,0.69866245985
225374,0.850997745991
225375,0.906317830086
225377,0.575959801674
225379,0.662007272243
225380,0.41450843215
225383,0.838404297829
225384,0.920867562294
225385,0.249829292297
225387,0.932639598846
225391,0.938373029232
225395,0.879934191704
225396,0.125860854983
225397,0.936302781105
225398,0.836637496948
225400,0.972442746162
225401,0.870394408703
225402,0.939295232296
225406,0.978441655636
225408,0.891725599766
225410,0.537595272064
225411,0.958991229534
225415,0.972197473049
225416,0.69405412674
225422,0.967102348804
225424,0.853377342224
225425,0.601619839668
225426,0.539575576782
225428,0.991908371449
225432,0.704908788204
225437,0.565603613853
225440,0.772470891476
225444,0.954538583755
225445,0.909635365009
225446,0.780977964401
225447,0.650451004505
225449,0.86479139328
225451,0.98193281889
225454,0.951587557793
225459,0.263425827026
225461,0.903184831142
225462,0.957305312157
225465,0.817729353905
225466,0.862149775028
225473,0.918114185333
225475,0.991843521595
225477,0.786907017231
225478,0.799467980862
225480,0.948117613792
225482,0.796231150627
225484,0.787885189056
225485,0.694527745247
225486,0.516415476799
225488,0.690470457077
225489,0.970225453377
225492,0.260539293289
225493,0.869300425053
225494,0.979811012745
225495,0.949929475784
225496,0.886817395687
225498,0.757780730724
225499,0.891681611538
225500,0.805899381638
225501,0.924553096294
225503,0.830083310604
225505,0.769678890705
225508,0.729671239853
225511,0.523771762848
225512,0.869069457054
225513,0.679061353207
225516,0.576559245586
225517,0.981373250484
225523,0.964835941792
225524,0.905139923096
225526,0.807322263718
225528,0.778156518936
225530,0.96595209837
225531,0.964199960232
225532,0.842602193356
225535,0.860829949379
225536,0.915266811848
225538,0.664750874043
225539,0.816397964954
225541,0.96297711134
225542,0.83318644762
225545,0.870669305325
225548,0.897455751896
225551,0.527802050114
225552,0.969796955585
225555,0.967659473419
225557,0.219727382064
225558,0.69384086132
225560,0.492840826511
225564,0.568621218204
225565,0.976515054703
225566,0.809789896011
225568,0.889520764351
225570,0.725650370121
225571,0.913637161255
225574,0.947256505489
225575,0.973271310329
225577,0.927309036255
225579,0.443261563778
225580,0.61098742485
225582,0.850525319576
225584,0.70889467001
225585,0.634199500084
225588,0.641560614109
225590,0.782468438148
225592,0.980183005333
225594,0.887337625027
225595,0.495535075665
225598,0.544172167778
225599,0.875555157661
225601,0.945324599743
225603,0.49567502737
225606,0.853162944317
225608,0.599332034588
225609,0.679283440113
225612,0.971061527729
225613,0.943576872349
225615,0.792854368687
225616,0.638454675674
225619,0.764685809612
225620,0.913646638393
225621,0.610163629055
225627,0.897184252739
225628,0.776392877102
225631,0.771405398846
225633,0.970848560333
225634,0.850548028946
225636,0.433867782354
225640,0.961379051208
225643,0.987795114517
225644,0.941987812519
225646,0.79705965519
225648,0.877808749676
225651,0.787246763706
225652,0.399039924145
225654,0.49727255106
225655,0.959525763988
225657,0.635866880417
225658,0.152731850743
225660,0.727075278759
225663,0.953574061394
225666,0.664479136467
225667,0.458913266659
225669,0.889276742935
225670,0.938814520836
225671,0.851656258106
225673,0.874012291431
225675,0.169025406241
225676,0.982308745384
225677,0.721247434616
225678,0.818714916706
225680,0.602981984615
225682,0.80970454216
225687,0.906662285328
225688,0.98757904768
225689,0.572766661644
225690,0.562696814537
225692,0.777119219303
225694,0.743810892105
225695,0.885630786419
225698,0.52378565073
225701,0.904078900814
225705,0.660705029964
225712,0.724026918411
225713,0.917559623718
225714,0.747542262077
225716,0.807758867741
225720,0.950898945332
225721,0.945574641228
225723,0.950571835041
225724,0.380143612623
225726,0.454366654158
225728,0.826628029346
225732,0.818400144577
225740,0.903502523899
225743,0.278227090836
225746,0.760496377945
225747,0.886087656021
225748,0.876960039139
225751,0.72511190176
225752,0.899120211601
225753,0.942684710026
225755,0.896690607071
225757,0.953989028931
225759,0.855599224567
225760,0.558571755886
225762,0.975020706654
225763,0.323965370655
225766,0.684141516685
225767,0.937812387943
225768,0.975130498409
225769,0.900348007679
225770,0.970497727394
225772,0.820392906666
225774,0.962963700294
225779,0.579877793789
225781,0.874168038368
225782,0.925737559795
225783,0.967978954315
225785,0.85644698143
225786,0.116904191673
225788,0.818270325661
225789,0.894428312778
225790,0.950684726238
225791,0.934235811234
225794,0.824210941792
225800,0.731056332588
225802,0.976390123367
225804,0.968554854393
225805,0.991749823093
225806,0.986506283283
225811,0.871084868908
225812,0.847022771835
225814,0.962036848068
225815,0.895103394985
225816,0.777585923672
225817,0.592869281769
225818,0.684736073017
225819,0.436092704535
225820,0.21350428462
225821,0.698141098022
225822,0.682133972645
225823,0.830635488033
225824,0.634890735149
225825,0.815878391266
225828,0.765324890614
225831,0.892754614353
225832,0.488881140947
225834,0.371401250362
225837,0.642758011818
225839,0.689953029156
225840,0.663678824902
225841,0.553732395172
225844,0.865658581257
225846,0.891115546227
225847,0.749911665916
225850,0.359019547701
225851,0.5484328866
225852,0.812930643559
225858,0.989412248135
225864,0.651763856411
225865,0.664212107658
225866,0.964029312134
225867,0.903914451599
225869,0.730904340744
225871,0.574611246586
225872,0.314678609371
225873,0.79810833931
225874,0.932020246983
225875,0.86790984869
225876,0.824904084206
225880,0.753144800663
225882,0.106892153621
225884,0.974536538124
225886,0.825042068958
225889,0.940360724926
225890,0.822499215603
225893,0.628073096275
225897,0.106874085963
225898,0.988290190697
225900,0.798017680645
225901,0.702817976475
225902,0.899438798428
225904,0.423369675875
225906,0.581784546375
225907,0.646270811558
225908,0.828711807728
225910,0.866174042225
225912,0.8082665205
225914,0.943657636642
225915,0.715781450272
225917,0.96182769537
225918,0.923761188984
225921,0.913616836071
225923,0.87574505806
225929,0.484522283077
225930,0.96308618784
225931,0.79866373539
225935,0.967977046967
225936,0.870523750782
225938,0.736607789993
225941,0.751032352448
225944,0.789577782154
225945,0.954968333244
225947,0.860287547112
225951,0.736392617226
225952,0.895191848278
225953,0.859688282013
225955,0.844442725182
225956,0.449102222919
225957,0.915024220943
225960,0.576787590981
225961,0.98795157671
225964,0.92954736948
225965,0.712427794933
225968,0.735125422478
225970,0.959782898426
225973,0.893510520458
225975,0.979707479477
225976,0.644773185253
225977,0.913436114788
225980,0.837778806686
225984,0.874622344971
225985,0.938956916332
225987,0.962521195412
225992,0.899788141251
225994,0.95625191927
225995,0.657053232193
225998,0.922572672367
225999,0.932798326015
226000,0.770418465137
226001,0.553055405617
226006,0.381819158792
226007,0.838475525379
226008,0.945204854012
226009,0.567276835442
226011,0.977441906929
226013,0.609977185726
226014,0.802481710911
226017,0.71682870388
226018,0.867120504379
226019,0.666434049606
226021,0.918481707573
226026,0.826063752174
226031,0.924712181091
226033,0.974596679211
226034,0.876397073269
226035,0.850576400757
226036,0.846769630909
226037,0.73123973608
226038,0.791363954544
226039,0.740588307381
226040,0.507902443409
226041,0.952110946178
226045,0.956644058228
226046,0.950234234333
226048,0.940846800804
226049,0.962476551533
226052,0.620794534683
226053,0.936295866966
226054,0.960666596889
226058,0.671325266361
226060,0.9518866539
226062,0.977982521057
226065,0.551814556122
226069,0.966028153896
226070,0.938239693642
226072,0.947883725166
226079,0.721448540688
226083,0.91454076767
226085,0.56241184473
226086,0.964804470539
226087,0.867348849773
226088,0.538110852242
226090,0.767732024193
226091,0.817800104618
226092,0.791985154152
226094,0.975595474243
226095,0.679856598377
226096,0.538609147072
226099,0.893908083439
226101,0.678871154785
226102,0.978024363518
226104,0.81998693943
226108,0.525984227657
226111,0.746267199516
226113,0.376008957624
226114,0.50727134943
226115,0.831631779671
226116,0.974724650383
226121,0.834103226662
226123,0.935011982918
226124,0.97549200058
226125,0.628654658794
226129,0.478685766459
226130,0.643105208874
226131,0.92349588871
226133,0.705199837685
226135,0.947207808495
226137,0.393373340368
226142,0.961462259293
226146,0.546222746372
226152,0.844825804234
226154,0.704504966736
226155,0.839612007141
226157,0.878993809223
226159,0.962015509605
226160,0.965646505356
226161,0.719539225101
226163,0.906670689583
226165,0.599143743515
226168,0.810705244541
226178,0.844349563122
226179,0.943078756332
226180,0.984993696213
226181,0.975784659386
226183,0.629493534565
226185,0.753611028194
226186,0.967059612274
226188,0.773673474789
226189,0.960274636745
226190,0.681495368481
226191,0.918704807758
226197,0.894574642181
226200,0.710689067841
226202,0.813457369804
226203,0.351049602032
226207,0.853504538536
226214,0.949030399323
226215,0.743693053722
226216,0.919677734375
226217,0.860018789768
226218,0.775648891926
226219,0.766968011856
226222,0.56194704771
226224,0.603298306465
226225,0.823857307434
226227,0.822000324726
226230,0.866788089275
226232,0.975897848606
226234,0.391112774611
226238,0.932729899883
226240,0.917698264122
226241,0.91354650259
226242,0.959515690804
226244,0.423863500357
226245,0.697078764439
226246,0.97286093235
226247,0.911293923855
226248,0.972991108894
226249,0.941801726818
226253,0.58276706934
226254,0.670660734177
226255,0.794397711754
226257,0.361481875181
226258,0.912660121918
226259,0.791852414608
226262,0.49928432703
226263,0.868221640587
226265,0.456754714251
226266,0.948874354362
226268,0.90072530508
226270,0.713682353497
226274,0.874246537685
226275,0.774309277534
226276,0.982782304287
226277,0.905804872513
226278,0.868334233761
226279,0.739005088806
226280,0.856473326683
226283,0.762259781361
226285,0.775327920914
226291,0.933117508888
226292,0.748084902763
226293,0.856067240238
226295,0.932067871094
226299,0.955053925514
226300,0.723006844521
226303,0.599779784679
226306,0.960979044437
226307,0.922444820404
226308,0.624677479267
226309,0.943552911282
226312,0.77510279417
226313,0.966931462288
226315,0.929388463497
226316,0.959735453129
226317,0.952352643013
226318,0.925628244877
226320,0.972666561604
226321,0.864525973797
226322,0.877001583576
226324,0.981551170349
226325,0.978461503983
226327,0.87198984623
226328,0.758543372154
226329,0.960799634457
226330,0.877279222012
226332,0.926809847355
226333,0.46372833848
226334,0.85933303833
226337,0.616072118282
226339,0.982998013496
226340,0.430155098438
226343,0.81202018261
226345,0.917190015316
226346,0.847869575024
226347,0.965697646141
226352,0.948979318142
226353,0.08372156322
226354,0.92517888546
226355,0.710579097271
226357,0.806361138821
226359,0.74464482069
226360,0.718636095524
226361,0.562647521496
226363,0.972559392452
226365,0.784386277199
226366,0.721625030041
226367,0.957661569118
226370,0.594273090363
226373,0.27797845006
226374,0.505475401878
226376,0.925536155701
226377,0.935973882675
226378,0.894959926605
226382,0.976305484772
226385,0.701547801495
226387,0.839284062386
226389,0.565340638161
226390,0.773145854473
226392,0.947154223919
226393,0.913807928562
226395,0.851590871811
226396,0.752226829529
226398,0.827221274376
226399,0.949378609657
226400,0.855208873749
226402,0.784979641438
226404,0.477101475
226405,0.820531129837
226407,0.679421663284
226410,0.437062084675
226412,0.710867762566
226414,0.852584004402
226415,0.667046070099
226417,0.919379889965
226419,0.84024721384
226421,0.848316192627
226422,0.952386200428
226423,0.82746553421
226424,0.99495947361
226425,0.795294284821
226426,0.978864014149
226428,0.98620057106
226429,0.519071280956
226432,0.756334841251
226434,0.0512321814895
226437,0.824606239796
226448,0.391111344099
226451,0.855828821659
226452,0.835089564323
226462,0.552257359028
226463,0.827521622181
226465,0.344298243523
226466,0.927419006824
226467,0.923806250095
226469,0.928169429302
226470,0.886428713799
226471,0.985472500324
226472,0.859749734402
226474,0.966037750244
226475,0.956340312958
226476,0.426493853331
226481,0.816337347031
226482,0.708336055279
226484,0.899031043053
226485,0.801130890846
226487,0.0667236819863
226488,0.737060070038
226489,0.481986016035
226491,0.906758487225
226492,0.776446342468
226494,0.796092510223
226498,0.895136237144
226499,0.942957043648
226503,0.878495693207
226505,0.899971544743
226507,0.956502258778
226508,0.557717204094
226511,0.876863658428
226512,0.752121448517
226514,0.704894423485
226515,0.494784146547
226516,0.821143329144
226517,0.821041107178
226518,0.982469797134
226521,0.825391829014
226523,0.38657450676
226526,0.992679595947
226527,0.763742744923
226531,0.294849485159
226533,0.989168167114
226535,0.667077600956
226538,0.933909773827
226541,0.792407929897
226542,0.802186965942
226543,0.956792235374
226546,0.903445780277
226547,0.948924481869
226548,0.803848743439
226550,0.840313851833
226552,0.439062088728
226553,0.544899046421
226555,0.86843329668
226556,0.930462181568
226562,0.988586843014
226564,0.932521700859
226565,0.8699401021
226566,0.97102612257
226573,0.883303701878
226574,0.766742408276
226576,0.693568408489
226578,0.633335471153
226580,0.391643315554
226583,0.53282469511
226585,0.590772032738
226590,0.911452710629
226593,0.58724540472
226594,0.794566810131
226596,0.970442175865
226597,0.50116366148
226599,0.749366819859
226600,0.663379848003
226601,0.855834543705
226605,0.636384963989
226606,0.574394881725
226607,0.952457010746
226609,0.881565213203
226610,0.904748260975
226617,0.914847075939
226619,0.857549548149
226623,0.966190159321
226624,0.874312222004
226626,0.991074919701
226627,0.97534096241
226628,0.353334099054
226629,0.652927041054
226630,0.936285734177
226633,0.673735439777
226634,0.852575063705
226635,0.812464177608
226637,0.79315829277
226639,0.725027799606
226642,0.736037969589
226644,0.932273507118
226645,0.321861922741
226646,0.666902303696
226648,0.981922388077
226650,0.848148167133
226653,0.389127463102
226654,0.920193493366
226656,0.963035106659
226660,0.918349862099
226661,0.941085636616
226663,0.928476333618
226667,0.67268294096
226668,0.517574489117
226669,0.75667822361
226670,0.53388774395
226673,0.976490974426
226677,0.743794381618
226680,0.98768556118
226682,0.961887359619
226688,0.583878874779
226690,0.844725966454
226691,0.764679253101
226696,0.788833618164
226698,0.192324966192
226700,0.873751997948
226701,0.625070750713
226707,0.845273375511
226708,0.846125721931
226710,0.668609440327
226712,0.8232229352
226713,0.900707423687
226716,0.456155478954
226720,0.950566411018
226724,0.952478528023
226725,0.681772530079
226729,0.8284496665
226730,0.946871578693
226732,0.648498296738
226734,0.942763507366
226735,0.577294766903
226736,0.612821042538
226737,0.701932072639
226738,0.689710021019
226739,0.646516084671
226740,0.950961232185
226742,0.477816402912
226744,0.795720040798
226747,0.417689174414
226748,0.927682936192
226750,0.650246620178
226753,0.688776671886
226754,0.424615889788
226755,0.798316001892
226761,0.691376209259
226762,0.98018938303
226765,0.932240009308
226766,0.766932070255
226767,0.971785724163
226768,0.969054639339
226772,0.572957873344
226777,0.427171826363
226779,0.971863627434
226780,0.961147487164
226782,0.613690197468
226785,0.944786369801
226787,0.839031875134
226788,0.667844772339
226789,0.809668004513
226790,0.621964156628
226791,0.96832036972
226792,0.856098890305
226793,0.647955000401
226796,0.957898259163
226804,0.940974414349
226806,0.708618283272
226808,0.427481144667
226809,0.329507172108
226814,0.719099223614
226817,0.955340623856
226818,0.72663128376
226819,0.610763728619
226820,0.917941749096
226821,0.620944797993
226822,0.734977424145
226824,0.841552913189
226829,0.877582192421
226830,0.469043672085
226833,0.515339136124
226834,0.907557368279
226836,0.858231365681
226837,0.942905426025
226838,0.932084977627
226839,0.449889540672
226843,0.817432522774
226844,0.811094582081
226847,0.965940654278
226851,0.629681944847
226852,0.891655564308
226853,0.835256516933
226854,0.829373776913
226855,0.780249536037
226856,0.790657579899
226857,0.547498583794
226858,0.572082161903
226859,0.223931819201
226862,0.966803967953
226866,0.840561747551
226867,0.990867495537
226881,0.858705580235
226882,0.968594431877
226883,0.900867342949
226886,0.774464309216
226887,0.687025249004
226895,0.710790932178
226897,0.893780171871
226898,0.834699511528
226902,0.85652244091
226903,0.728815376759
226907,0.90748912096
226910,0.63405507803
226912,0.864599108696
226913,0.829757034779
226914,0.820948302746
226917,0.964263439178
226923,0.614719748497
226924,0.944110870361
226927,0.837549507618
226928,0.676218450069
226929,0.955879330635
226931,0.767354726791
226932,0.708649754524
226934,0.936135351658
226938,0.508812010288
226939,0.695271730423
226942,0.905457258224
226943,0.0901835113764
226946,0.889079868793
226947,0.896553218365
226949,0.914369523525
226950,0.929255723953
226951,0.874926507473
226953,0.770822882652
226957,0.927245259285
226958,0.702333509922
226959,0.48353305459
226960,0.94759452343
226961,0.880110681057
226966,0.953429698944
226967,0.765565276146
226968,0.796334326267
226972,0.882968902588
226975,0.74828183651
226976,0.643706440926
226978,0.784002542496
226980,0.657034993172
226983,0.749301671982
226986,0.761191189289
226989,0.95743894577
226990,0.738691449165
226991,0.33061876893
226992,0.913884997368
226996,0.578637599945
226997,0.868657410145
226999,0.954654037952
227000,0.778844892979
227001,0.986432254314
227004,0.828881800175
227005,0.868458390236
227008,0.914879918098
227009,0.441259145737
227010,0.805725336075
227012,0.970345079899
227014,0.7756254673
227017,0.959318399429
227019,0.916549265385
227020,0.664428293705
227021,0.760730147362
227023,0.95532733202
227024,0.0487698614597
227030,0.663906574249
227033,0.950826406479
227034,0.963915228844
227036,0.795997440815
227039,0.898043572903
227040,0.911441326141
227041,0.357721656561
227042,0.87311565876
227043,0.572516262531
227044,0.890263915062
227046,0.852747857571
227049,0.64355558157
227052,0.862539291382
227053,0.426543086767
227054,0.67110311985
227055,0.915677011013
227057,0.649160087109
227058,0.751434624195
227067,0.536802053452
227068,0.595230698586
227074,0.943680822849
227078,0.845820724964
227080,0.751405715942
227081,0.669607877731
227083,0.741673350334
227088,0.744477748871
227089,0.534237086773
227090,0.827222585678
227091,0.957172691822
227092,0.609635055065
227094,0.631306707859
227096,0.944515526295
227097,0.813613414764
227099,0.599342346191
227100,0.861454248428
227102,0.856647789478
227105,0.717939913273
227109,0.693075060844
227110,0.987719297409
227114,0.739706099033
227115,0.989837229252
227116,0.655742704868
227119,0.99090307951
227120,0.686366200447
227122,0.649493038654
227123,0.987289845943
227124,0.745352983475
227126,0.977220892906
227127,0.972731947899
227128,0.784296214581
227131,0.724744319916
227139,0.591812193394
227140,0.874623060226
227141,0.738744437695
227142,0.770140707493
227150,0.47848212719
227156,0.799713611603
227157,0.221343949437
227160,0.779644906521
227161,0.825282096863
227162,0.723656058311
227163,0.841406881809
227165,0.857027053833
227166,0.804751336575
227168,0.85492682457
227169,0.793312549591
227170,0.887744247913
227171,0.962247371674
227173,0.370517164469
227174,0.451681345701
227175,0.947082400322
227178,0.689301431179
227179,0.795185923576
227180,0.961103141308
227184,0.905925273895
227185,0.994525790215
227187,0.941831231117
227188,0.966697454453
227189,0.801349878311
227190,0.978471338749
227192,0.795547127724
227194,0.731284737587
227196,0.934149384499
227198,0.982464373112
227200,0.963056147099
227202,0.663843214512
227205,0.824928879738
227206,0.992183148861
227209,0.947159707546
227210,0.831452488899
227211,0.760971426964
227213,0.734697043896
227215,0.698078989983
227216,0.858335852623
227217,0.933330118656
227218,0.84816390276
227220,0.773484051228
227223,0.665359020233
227225,0.861766457558
227229,0.916154146194
227230,0.420225977898
227232,0.9710277915
227236,0.2417576015
227243,0.941916227341
227248,0.863495886326
227249,0.400886207819
227252,0.96374976635
227254,0.966909706593
227255,0.945930600166
227256,0.756405413151
227258,0.759888887405
227260,0.851752400398
227262,0.89648526907
227263,0.421173989773
227265,0.960065722466
227266,0.610609412193
227267,0.941253662109
227269,0.899778962135
227271,0.796411573887
227273,0.818043529987
227277,0.903354823589
227281,0.933122098446
227282,0.925857901573
227286,0.464998990297
227287,0.769942700863
227289,0.844004154205
227291,0.263944923878
227292,0.551051557064
227294,0.948771119118
227296,0.951744794846
227297,0.921727895737
227298,0.883670687675
227299,0.882627487183
227301,0.506177842617
227304,0.826379001141
227306,0.963479340076
227308,0.948561131954
227315,0.643011331558
227316,0.990586102009
227317,0.643534719944
227318,0.734216809273
227321,0.960899889469
227324,0.660007297993
227326,0.80951833725
227330,0.809982478619
227331,0.526039838791
227335,0.525905907154
227340,0.514729559422
227341,0.678102195263
227345,0.379248946905
227346,0.608121156693
227347,0.951021194458
227352,0.807869791985
227358,0.986274182796
227359,0.78913629055
227360,0.530359566212
227362,0.752237915993
227363,0.638105750084
227364,0.726244211197
227365,0.808282017708
227367,0.648374378681
227368,0.969516217709
227372,0.884188294411
227373,0.158282637596
227374,0.801091492176
227377,0.980590999126
227378,0.97327041626
227379,0.564996778965
227380,0.931585431099
227381,0.475303560495
227382,0.164584055543
227384,0.950271070004
227386,0.739779233932
227389,0.833523511887
227392,0.64467972517
227393,0.244059383869
227394,0.903705537319
227396,0.706775903702
227397,0.912427663803
227398,0.714036405087
227404,0.585829019547
227406,0.684962749481
227407,0.838818013668
227409,0.712581276894
227411,0.844328522682
227412,0.725939512253
227413,0.965144574642
227415,0.915691435337
227417,0.966686546803
227418,0.792593419552
227420,0.600873112679
227421,0.953444004059
227423,0.844801366329
227424,0.791596531868
227427,0.787472546101
227428,0.93400990963
227429,0.927385389805
227432,0.935091197491
227433,0.660427033901
227439,0.78441298008
227440,0.724259614944
227441,0.941101491451
227443,0.764084935188
227445,0.836947202682
227447,0.406451672316
227448,0.814274907112
227452,0.934988379478
227453,0.894371032715
227454,0.969799876213
227460,0.908796191216
227461,0.787072658539
227462,0.905358195305
227467,0.9080747962
227468,0.984666466713
227469,0.820765197277
227470,0.989060044289
227473,0.933371603489
227477,0.919913768768
227480,0.746482133865
227483,0.785352826118
227485,0.858675539494
227486,0.785273253918
227487,0.940670609474
227489,0.725646078587
227494,0.362917512655
227499,0.676470220089
227501,0.982161819935
227502,0.971221268177
227503,0.741414904594
227505,0.777538657188
227507,0.902336359024
227508,0.948849201202
227511,0.717414259911
227513,0.499078065157
227514,0.502271056175
227519,0.569257259369
227520,0.929592490196
227522,0.352360486984
227526,0.797959387302
227528,0.414912998676
227530,0.463523894548
227531,0.795375049114
227533,0.518441557884
227536,0.940867304802
227537,0.927554786205
227540,0.507847964764
227543,0.933665394783
227546,0.467291921377
227549,0.729754328728
227552,0.979872703552
227554,0.990453481674
227555,0.933057963848
227556,0.680066049099
227557,0.729679882526
227558,0.73001229763
227559,0.849139809608
227560,0.861737012863
227564,0.948839426041
227565,0.816027522087
227566,0.965146362782
227567,0.81465524435
227569,0.878653645515
227571,0.947829008102
227572,0.728123426437
227575,0.876342475414
227576,0.938506960869
227577,0.831258714199
227578,0.693900167942
227586,0.355738610029
227587,0.906937122345
227588,0.639208376408
227590,0.216281533241
227591,0.84227758646
227595,0.815091609955
227597,0.618744075298
227598,0.828982234001
227602,0.289205819368
227605,0.31625571847
227606,0.940331399441
227607,0.780644118786
227608,0.905701696873
227610,0.84222650528
227611,0.72080129385
227613,0.728515326977
227614,0.346858680248
227615,0.689543068409
227617,0.812155902386
227618,0.869209349155
227619,0.937501847744
227621,0.807968914509
227624,0.633752644062
227626,0.573933959007
227627,0.874537110329
227630,0.567843794823
227631,0.631100475788
227632,0.921959996223
227634,0.751864135265
227636,0.870912134647
227638,0.885570585728
227639,0.87598836422
227641,0.878230988979
227644,0.74538320303
227646,0.80056989193
227647,0.891561329365
227650,0.819229543209
227654,0.492177248001
227660,0.519858241081
227662,0.978109359741
227665,0.894292354584
227667,0.567094027996
227670,0.993449985981
227672,0.949219942093
227673,0.911799252033
227677,0.850194573402
227679,0.656378388405
227680,0.606120824814
227681,0.533583581448
227683,0.948578059673
227684,0.966440081596
227686,0.737695097923
227687,0.817017257214
227689,0.778560936451
227690,0.779126644135
227693,0.698246359825
227694,0.908318281174
227695,0.675778687
227698,0.977662682533
227703,0.950587451458
227711,0.972441911697
227712,0.725559473038
227713,0.906246304512
227714,0.963762462139
227720,0.683899641037
227721,0.713100016117
227722,0.74975079298
227725,0.853632211685
227727,0.932909846306
227733,0.788571536541
227734,0.267481535673
227735,0.924310028553
227741,0.529964447021
227743,0.832715034485
227745,0.796927690506
227747,0.767857015133
227748,0.746210277081
227749,0.444414645433
227752,0.354802370071
227753,0.454834252596
227754,0.849609971046
227755,0.826308846474
227757,0.916125535965
227758,0.905286967754
227761,0.707922577858
227762,0.960382759571
227763,0.759071350098
227766,0.933552861214
227767,0.91465896368
227770,0.808200120926
227771,0.958324790001
227773,0.891405045986
227774,0.911049246788
227775,0.863860309124
227776,0.750851154327
227778,0.778836667538
227779,0.977571308613
227781,0.612465381622
227784,0.672717869282
227785,0.665344536304
227788,0.861992359161
227791,0.68191754818
227793,0.737322032452
227794,0.923939883709
227795,0.560476779938
227796,0.753822803497
227801,0.800209701061
227804,0.874377369881
227806,0.113831467927
227807,0.962717592716
227810,0.419531136751
227812,0.643730282784
227814,0.941106796265
227815,0.6700116992
227816,0.902424395084
227817,0.729468107224
227818,0.838537991047
227822,0.128817871213
227824,0.87772589922
227828,0.720860302448
227829,0.580538392067
227830,0.89529556036
227832,0.887386262417
227833,0.945259094238
227834,0.930187106133
227835,0.635365486145
227836,0.798663973808
227837,0.734503149986
227839,0.828591585159
227840,0.794218719006
227841,0.870633900166
227843,0.777472913265
227844,0.616941213608
227845,0.347865194082
227846,0.911768972874
227847,0.860510230064
227848,0.931747019291
227852,0.698722422123
227853,0.9833086133
227855,0.989253222942
227856,0.834148705006
227857,0.752915024757
227858,0.867258310318
227860,0.298022568226
227861,0.824420273304
227862,0.751481235027
227863,0.93870818615
227864,0.730514168739
227865,0.934020876884
227866,0.906940281391
227867,0.875733077526
227868,0.936109244823
227872,0.972932875156
227873,0.953165471554
227876,0.871633887291
227877,0.953594744205
227879,0.821824133396
227880,0.650616288185
227881,0.728703439236
227882,0.7763261199
227884,0.321527957916
227885,0.964165151119
227887,0.681180417538
227889,0.824056684971
227892,0.57189065218
227897,0.991285502911
227898,0.363494992256
227899,0.859256982803
227900,0.632177770138
227909,0.928281486034
227912,0.593887984753
227914,0.501654028893
227915,0.845347583294
227916,0.91739231348
227917,0.944000244141
227918,0.821569144726
227920,0.913398206234
227921,0.96620208025
227922,0.680068731308
227923,0.896995425224
227924,0.935837090015
227926,0.920476734638
227927,0.944211900234
227931,0.676338672638
227934,0.515856742859
227936,0.850920140743
227938,0.797029674053
227939,0.760892033577
227940,0.599132597446
227941,0.673548579216
227942,0.446039974689
227944,0.847072064877
227945,0.864809513092
227947,0.821069359779
227949,0.883612811565
227950,0.48119020462
227953,0.535796761513
227954,0.916354596615
227956,0.93902784586
227958,0.913617432117
227961,0.940261602402
227962,0.601347088814
227963,0.8704662323
227964,0.483746469021
227966,0.413240194321
227969,0.404110252857
227972,0.932644128799
227973,0.733251810074
227975,0.850743293762
227976,0.68454939127
227977,0.961864292622
227978,0.494033962488
227980,0.984189093113
227981,0.93933224678
227982,0.827387928963
227983,0.923240065575
227985,0.949636161327
227991,0.816050708294
227993,0.95300334692
227994,0.698467671871
227997,0.97553819418
227998,0.96614164114
227999,0.259762704372
228000,0.77661049366
228003,0.885466814041
228006,0.819430053234
228007,0.661889135838
228013,0.923859477043
228016,0.82065474987
228017,0.97085493803
228018,0.918772518635
228021,0.791703999043
228023,0.941718816757
228026,0.389355480671
228027,0.970968186855
228029,0.707178652287
228030,0.497637748718
228033,0.954768657684
228034,0.839880645275
228035,0.684607207775
228036,0.840294778347
228037,0.87556874752
228038,0.483135163784
228039,0.988960564137
228043,0.666750788689
228044,0.902938842773
228045,0.783306658268
228048,0.894570827484
228050,0.984328269958
228052,0.9578332901
228053,0.977486252785
228057,0.0938130244613
228058,0.807369530201
228059,0.612201869488
228061,0.771220445633
228062,0.87376588583
228063,0.963517189026
228064,0.968177139759
228066,0.865255177021
228067,0.968663215637
228069,0.875930964947
228070,0.835000574589
228071,0.528815031052
228072,0.766055703163
228073,0.740386843681
228075,0.512197494507
228078,0.959619820118
228081,0.546472609043
228082,0.867289602757
228083,0.536019384861
228084,0.484922707081
228087,0.978409707546
228093,0.989688754082
228098,0.516518294811
228101,0.77583527565
228104,0.884433329105
228105,0.586250424385
228109,0.965238630772
228110,0.737939178944
228111,0.781371712685
228113,0.539316594601
228115,0.969065308571
228119,0.476912349463
228120,0.720293462276
228122,0.444006085396
228123,0.74085444212
228124,0.917393743992
228126,0.807340323925
228127,0.749016821384
228130,0.641558289528
228131,0.861788094044
228136,0.635507583618
228141,0.978211164474
228142,0.926224708557
228145,0.751159012318
228147,0.752860784531
228148,0.491369485855
228149,0.820971369743
228151,0.607696771622
228153,0.534176528454
228155,0.980501949787
228157,0.930707156658
228159,0.891924917698
228160,0.47666618228
228162,0.960514605045
228165,0.753896832466
228167,0.9511089921
228168,0.85671877861
228170,0.974839627743
228172,0.758680164814
228176,0.592804849148
228178,0.855167210102
228179,0.877095341682
228180,0.420452773571
228181,0.824842333794
228182,0.872140347958
228190,0.886772334576
228191,0.81061476469
228192,0.976857542992
228193,0.713327586651
228197,0.971996307373
228201,0.531565368176
228207,0.89632588625
228212,0.908043265343
228213,0.981900632381
228216,0.609117388725
228220,0.529755830765
228222,0.90047878027
228223,0.737745463848
228224,0.8480078578
228226,0.978143572807
228229,0.756135165691
228230,0.830461502075
228233,0.833478927612
228236,0.734125077724
228238,0.959815859795
228240,0.589702427387
228241,0.990879237652
228243,0.882978260517
228245,0.945033490658
228248,0.908128678799
228252,0.672809660435
228257,0.53113591671
228258,0.498265117407
228259,0.882015883923
228260,0.619497835636
228261,0.591877102852
228262,0.791129529476
228264,0.863397538662
228267,0.95116096735
228270,0.878351926804
228272,0.934298455715
228274,0.890361130238
228275,0.89784348011
228276,0.954178333282
228277,0.790732085705
228278,0.825569152832
228281,0.736479878426
228283,0.944116711617
228284,0.984610199928
228285,0.756313979626
228286,0.635212779045
228287,0.913508892059
228289,0.962478876114
228292,0.983256757259
228293,0.691722750664
228294,0.959285020828
228295,0.976133823395
228297,0.849825680256
228300,0.969599664211
228303,0.615411996841
228307,0.927628457546
228309,0.843003809452
228310,0.719107151031
228311,0.893128633499
228312,0.943598031998
228314,0.793202757835
228316,0.751033425331
228317,0.486731946468
228318,0.639236152172
228319,0.944969415665
228321,0.98000150919
228324,0.840300559998
228328,0.534550309181
228332,0.8101760149
228333,0.518530905247
228334,0.828542053699
228340,0.710232555866
228342,0.952351808548
228345,0.845657289028
228346,0.732058346272
228347,0.827317595482
228348,0.505509972572
228349,0.669935464859
228351,0.933763802052
228352,0.981553554535
228353,0.557477712631
228355,0.763849914074
228359,0.987837433815
228361,0.833973407745
228363,0.918617784977
228364,0.935148954391
228365,0.680424749851
228368,0.642369806767
228371,0.310255885124
228373,0.875416457653
228374,0.961582779884
228375,0.850692212582
228378,0.888343751431
228379,0.863552629948
228382,0.543564558029
228383,0.955092847347
228387,0.551903426647
228389,0.647724509239
228391,0.0911338478327
228393,0.629664003849
228395,0.914760708809
228396,0.966093838215
228399,0.964434206486
228400,0.663035571575
228402,0.772104620934
228404,0.504273474216
228407,0.89271491766
228410,0.951088488102
228414,0.611265301704
228415,0.933568120003
228418,0.984830498695
228419,0.871766328812
228422,0.538414776325
228424,0.858737647533
228426,0.712631642818
228427,0.809111714363
228428,0.861231803894
228430,0.39261046052
228431,0.972694277763
228432,0.601572871208
228434,0.611445963383
228435,0.72527974844
228436,0.913194179535
228437,0.721920669079
228438,0.7852460742
228439,0.8497813344
228440,0.945936441422
228442,0.986357688904
228445,0.929282069206
228447,0.814979553223
228448,0.850634753704
228452,0.889810740948
228453,0.547869622707
228454,0.8568405509
228455,0.907521903515
228458,0.758298277855
228459,0.793562233448
228460,0.962361097336
228468,0.858982205391
228469,0.763814270496
228470,0.679912626743
228472,0.362166315317
228473,0.800692796707
228474,0.822886288166
228480,0.851442337036
228483,0.986716508865
228484,0.9075075984
228488,0.751927852631
228490,0.413868427277
228495,0.965654850006
228497,0.720217645168
228499,0.659757256508
228501,0.94495677948
228503,0.927515804768
228504,0.95665705204
228505,0.870455086231
228507,0.912893772125
228511,0.540261387825
228513,0.849578201771
228515,0.409328579903
228516,0.674333393574
228519,0.892537772655
228521,0.7035998106
228522,0.77436876297
228523,0.661904036999
228526,0.962328612804
228527,0.423152714968
228529,0.944128155708
228530,0.463656455278
228531,0.768885016441
228532,0.947911679745
228533,0.98715531826
228534,0.884243369102
228535,0.983054757118
228539,0.645474970341
228541,0.334044635296
228544,0.856052398682
228546,0.712589859962
228548,0.492001384497
228549,0.600460886955
228550,0.913598775864
228551,0.695028543472
228554,0.939037084579
228555,0.633261084557
228556,0.67328774929
228560,0.514284133911
228562,0.786901950836
228567,0.953920900822
228569,0.668055176735
228570,0.560683071613
228572,0.935962080956
228573,0.536435782909
228575,0.242952167988
228576,0.844606757164
228577,0.941902160645
228579,0.868217289448
228580,0.732882618904
228584,0.764665603638
228587,0.811551511288
228588,0.752701818943
228589,0.989104747772
228595,0.937965810299
228598,0.276131570339
228599,0.713360726833
228603,0.724463820457
228606,0.887966811657
228607,0.588832616806
228609,0.922473549843
228611,0.978845357895
228613,0.776136577129
228614,0.472684502602
228617,0.970946073532
228620,0.760754466057
228622,0.76714193821
228623,0.185605689883
228624,0.921017885208
228625,0.945560574532
228627,0.30170571804
228628,0.586317062378
228630,0.730468392372
228631,0.903045475483
228632,0.855086386204
228633,0.86110907793
228634,0.949692904949
228635,0.701721429825
228636,0.892333269119
228637,0.963703811169
228638,0.738359212875
228639,0.640027999878
228640,0.591187596321
228641,0.878553748131
228642,0.814323067665
228643,0.953402996063
228644,0.738093733788
228649,0.912360370159
228650,0.829852581024
228656,0.277112960815
228661,0.55585449934
228662,0.95949023962
228664,0.919603645802
228665,0.724556982517
228667,0.841431558132
228669,0.91357499361
228672,0.805259287357
228674,0.556072771549
228675,0.549332678318
228676,0.887753069401
228678,0.68224978447
228679,0.704366445541
228681,0.974794983864
228685,0.735190749168
228686,0.949820876122
228687,0.84682482481
228689,0.80136179924
228690,0.959826827049
228692,0.619540214539
228693,0.807560324669
228694,0.517987310886
228696,0.808392643929
228698,0.915006160736
228700,0.924262881279
228703,0.387645572424
228704,0.96784478426
228706,0.962670743465
228709,0.690099358559
